x_val,y_added,y_removed,y_combined
GFC_DESCRIPTOR_SIZE (mask) == 8,152,152,304
0,189,94,283
i == 0,126,110,236
gr != NULL,112,86,198
ok,123,41,164
"""system=unix""",94,67,161
rank == GFC_DESCRIPTOR_RANK (retarray),80,80,160
!new_bb,73,53,126
!ffecom_transform_only_dummies_,53,53,106
FALSE,49,49,98
env != NULL,48,48,96
(*env) != NULL,47,47,94
name != NULL,49,43,92
"""bad type"" == NULL",42,42,84
done,48,36,84
!*slot,48,33,81
"""bad integer kind type"" == NULL",38,38,76
__m != memory_order_acq_rel,36,36,72
t,48,24,72
_M_losers[0]._M_source != -1,42,28,70
rank > 0,34,32,66
false,34,31,65
retarray->dim[0].ubound + 1 - retarray->dim[0].lbound == rank,32,32,64
GFC_DESCRIPTOR_RANK (retarray) == 1,32,32,64
opts == &global_options,33,30,63
c_dialect_objc (),42,21,63
self != NULL,32,30,62
count == b->dim[0].ubound + 1 - b->dim[0].lbound,31,31,62
t != NULL,31,30,61
ncopies >= 1,37,23,60
pfont != NULL,35,25,60
__m2 <= __m1,30,30,60
opts_set == &global_options_set,31,28,59
__m2 != memory_order_release,28,28,56
__m2 != memory_order_acq_rel,28,28,56
i < gs->gimple_omp_for.collapse,27,27,54
"""system=posix""",31,21,52
"""bad real kind type"" == NULL",26,26,52
temp,29,20,49
GET_CODE (x) == SYMBOL_REF,30,17,47
pfile,24,23,47
e,32,14,46
can_create_pseudo_p (),41,5,46
REG_P (reg),33,12,45
"""bad context"" == NULL",22,22,44
MEM_P (x),30,13,43
"""system=rtems""",30,13,43
_M_ptr != 0,24,18,42
!no_new_pseudos,21,21,42
vtab,27,14,41
__m != memory_order_acquire,20,20,40
ffestd_block_level_ == 0,20,20,40
__m != memory_order_consume,20,20,40
mode != VOIDmode,29,8,37
"""bad complex kind type"" == NULL",18,18,36
!dst->popcount,18,18,36
"""bad character kind type"" == NULL",18,18,36
ffeexpr_stack_->exprstack == NULL,18,18,36
innerc,34,2,36
x,22,13,35
!empty(),23,12,35
decl,21,14,35
!node->global.inlined_to,20,15,35
expr != NULL,18,17,35
x == 0,17,17,34
found,18,15,33
flags & FLAG_FP_ARGUMENTS,21,12,33
DECL_P (var),20,13,33
MEM_P (mem),27,5,32
!(sa & ~(FFESYMBOL_attrsDUMMY | FFESYMBOL_attrsEXTERNAL | FFESYMBOL_attrsTYPE)),16,16,32
TREE_CODE (name) == IDENTIFIER_NODE,17,15,32
ss != gfc_ss_terminator,19,13,32
gsi_stmt (*gsi) == stmt,17,15,32
!(sa & FFESYMBOL_attrsEXTERNAL),16,16,32
__m != memory_order_release,16,16,32
TREE_CODE (decl) == FUNCTION_DECL,21,11,32
GFC_DESCRIPTOR_RANK (mask) == rank,16,16,32
GFC_DESCRIPTOR_TYPE_P (type),21,10,31
!(sa & ~(FFESYMBOL_attrsACTUALARG | FFESYMBOL_attrsDUMMY | FFESYMBOL_attrsEXTERNAL | FFESYMBOL_attrsTYPE)),15,15,30
!(sa & ~(FFESYMBOL_attrsACTUALARG | FFESYMBOL_attrsADJUSTABLE | FFESYMBOL_attrsANYLEN | FFESYMBOL_attrsARRAY | FFESYMBOL_attrsDUMMY | FFESYMBOL_attrsEXTERNAL | FFESYMBOL_attrsSFARG | FFESYMBOL_attrsTYPE)),15,15,30
!(sa & (FFESYMBOL_attrsARRAY | FFESYMBOL_attrsDUMMY | FFESYMBOL_attrsEXTERNAL | FFESYMBOL_attrsSFARG)),15,15,30
tl != NULL,15,15,30
precision,15,15,30
!(sa & ~(FFESYMBOL_attrsARRAY | FFESYMBOL_attrsADJUSTABLE | FFESYMBOL_attrsTYPE)),15,15,30
type,24,6,30
!(sa & ~(FFESYMBOL_attrsTYPE | FFESYMBOL_attrsADJUSTABLE | FFESYMBOL_attrsANYLEN | FFESYMBOL_attrsARRAY | FFESYMBOL_attrsDUMMY | FFESYMBOL_attrsEXTERNAL | FFESYMBOL_attrsSFARG)),15,15,30
!(sa & ~(FFESYMBOL_attrsSFARG | FFESYMBOL_attrsTYPE)),15,15,30
losers[0].source != -1,15,15,30
stmt_info,17,13,30
gref,15,14,29
TREE_CODE (decl) == VAR_DECL,20,9,29
current_function_decl == NULL_TREE,16,13,29
_M_ibegin() <= __i1 && __i1 <= __i2 && __i2 <= _M_iend(),22,7,29
!(bb->flags & BB_RTL),15,14,29
res == hres,20,8,28
"""bad logical kind type"" == NULL",14,14,28
g != NULL,15,13,28
__losers[0]._M_source != -1,14,14,28
"""system=linux""",17,11,28
dom_computed[dir_index],18,10,28
GFC_DESCRIPTOR_RANK (a) == 1 && GFC_DESCRIPTOR_RANK (b) == 1,14,14,28
node,20,7,27
tl->pango_layout != NULL,13,13,26
s != NULL,14,12,26
"""system=svr4""",14,12,26
"std::is_floating_point<_RealType>::value, ""template argument not a floating point type""",13,13,26
size >=0,18,7,25
size,19,6,25
field != 0,19,5,24
(ffesymbol_state (s) == FFESYMBOL_stateNONE) || (ffesymbol_state (s) == FFESYMBOL_stateUNCERTAIN),12,12,24
hard_regno >= 0,19,5,24
"""bad basictype"" == NULL",12,12,24
var->n_var_parts == 1,20,4,24
ffesymbol_state (s) == FFESYMBOL_stateNONE,12,12,24
mutexObj,12,12,24
ffestd_block_level_ > 0,12,12,24
ffecom_transform_only_dummies_,12,12,24
__m == memory_order_acq_rel,12,12,24
GET_CODE (ops[0]) == REG,12,12,24
p != NULL,14,10,24
vec != NULL,12,11,23
!slp_node,13,10,23
REG_P (x),15,8,23
set,16,7,23
GET_CODE (x) == MEM,12,11,23
"!std::is_pointer<deleter_type>::value, ""constructed with null function pointer deleter""",12,11,23
dom_computed[dir],11,11,22
*slot == NULL,15,7,22
pb->num_eqs <= OMEGA_MAX_EQS,11,11,22
TREE_CODE (t) == GIMPLE_MODIFY_STMT,11,11,22
DECL_P (t),15,7,22
i >= 0,13,9,22
offset >= 0,13,9,22
ptr != NULL,15,7,22
ret == Z_OK,22,0,22
TREE_CODE (var) == SSA_NAME,12,9,21
I_HOLD_LOCK(),12,9,21
vector_type,11,10,21
index >= 0,15,6,21
gimple_debug_bind_p (dbg),14,7,21
GET_CODE (rtlname) == SYMBOL_REF,11,9,20
gsi_stmt (gsi) == stmt,10,10,20
res,13,7,20
insn != NULL_RTX,15,5,20
TARGET_M6812,10,10,20
"""bad context?!?!"" == NULL",10,10,20
GET_CODE (x) == CONST_INT,17,3,20
"""machine=powerpc""",15,5,20
sched_guess_p,10,10,20
spec->value_present,10,10,20
widget != NULL,14,6,20
TREE_CODE (stmt) == GIMPLE_MODIFY_STMT,10,10,20
TREE_CODE (name) == SSA_NAME,14,6,20
1 == __result->_M_ref_count,10,10,20
ffebld_op (dim) == FFEBLD_opBOUNDS,10,10,20
stack_elt,15,5,20
" l == NULL or base_type::_M_impl._M_key_compare( base_type::_S_key(base_type::_S_maximum(l)),key)",10,10,20
imp < FFEINTRIN_imp,10,10,20
"""cpu=powerpc""",15,5,20
"""bad label"" == NULL",10,10,20
ffebld_op (expr) == FFEBLD_opCONTER,10,10,20
!reload_completed,18,2,20
!node->aux,11,9,20
block,14,6,20
is_gimple_assign (stmt),13,6,19
obj != NULL,10,9,19
!crtl->stack_realign_processed,11,8,19
file,11,8,19
TREE_CODE (type) == ARRAY_TYPE,14,5,19
isym,11,8,19
stream,10,9,19
t != NULL_TREE,10,9,19
ref != LCC_NOT_FOUND,11,8,19
node->analyzed,10,9,19
icode != CODE_FOR_nothing,12,7,19
!init,10,8,18
"ebitmap_bit_p (dst, i)",9,9,18
pushok == 0,9,9,18
ffeste_io_err_ == NULL_TREE,9,9,18
"is_sorted(target, target_end, comp)",9,9,18
gimple_has_volatile_ops (s),9,9,18
"REGNO (XEXP (rtl, 0)) == STACK_POINTER_REGNUM",10,8,18
cif->abi == FFI_SYSV,10,8,18
"""bad COMPLEX kindtype"" == NULL",9,9,18
code == REG,9,9,18
last_fn_entered == foo,12,6,18
"bitmap_bit_p (dst, i)",9,9,18
str != NULL,9,9,18
TREE_ASM_WRITTEN (type),9,9,18
gr->drawable != NULL,9,9,18
time >= 0,13,5,18
!ffesymbol_retractable (),9,9,18
INSN_P (insn),16,2,18
flag_pic,14,4,18
GET_MODE (op) == mode || GET_MODE (op) == VOIDmode,9,8,17
slot,12,5,17
TARGET_64BIT,12,5,17
result,13,4,17
e->inline_failed,11,6,17
b,12,5,17
p,10,7,17
arrayss != gfc_ss_terminator,11,6,17
DECL_P (decl),14,3,17
TYPE_P (t),10,7,17
insn,12,5,17
type == NULL_TREE || type == ffecom_type_expr (expr),8,8,16
actual,10,6,16
!f->u.R1005.R1009.present,8,8,16
GET_CODE (ops[1]) == REG,8,8,16
gcov_var.mode > 0,9,7,16
GTK_IS_LAYOUT (layout),8,8,16
fun && fun->gimple_df,8,8,16
!ffesymbol_retractable_,8,8,16
"""bad CHARACTER kindtype"" == NULL",8,8,16
__m2 == memory_order_release,8,8,16
is_gimple_call (stmt),10,6,16
GFC_ARRAY_TYPE_P (type),10,6,16
i < 32,8,8,16
se->ss->expr == expr,8,8,16
target,12,4,16
regno < FIRST_PSEUDO_REGISTER,13,3,16
"""bad INTEGER kindtype"" == NULL",8,8,16
f->u.R1005.R1006.present,8,8,16
flag_wpa,9,7,16
ret,11,5,16
GTK_IS_VBOX (vbox),8,8,16
__objc_class_hash,8,8,16
val,9,7,16
DECL_INITIAL (decl) == error_mark_node,8,8,16
__p == 0 || __p != _M_ptr,9,7,16
cfun,10,6,16
"""bad LOGICAL kindtype"" == NULL",8,8,16
POINTER_TYPE_P (type),12,4,16
res == 0,8,8,16
tempvar,8,8,16
__m2 == memory_order_acq_rel,8,8,16
"""bad REAL kindtype"" == NULL",8,8,16
GFC_DESCRIPTOR_RANK (a) == 2 || GFC_DESCRIPTOR_RANK (b) == 2,16,0,16
vectype,11,5,16
gimple_assign_single_p (stmt),12,4,16
!e->callee->global.inlined_to,8,7,15
TREE_CODE (t) == MODIFY_EXPR,9,6,15
TREE_OPERAND_LENGTH (gimple_assign_rhs1 (stmt)) == ternary_op,8,7,15
CLS_ISCLASS (class),9,6,15
n,10,5,15
"TREE_OPERAND (t, 0) == var",9,6,15
_M_path != nullptr,9,6,15
n >= 0,11,4,15
!a->current == !a->first,9,6,15
!dst->current == !dst->first,10,5,15
i < omp_for_stmt->collapse,14,1,15
"""system=vms""",8,7,15
glyphs != NULL,8,7,15
!after || c_dialect_objc (),10,5,15
field != NULL_TREE && TREE_TYPE (field) == gfc_array_index_type,10,5,15
TREE_CODE (get_base_type (result_type)) == BOOLEAN_TYPE,9,6,15
!bb->aux,9,6,15
reload_completed,11,4,15
name,12,3,15
stmt,11,4,15
"""system=aix""",8,7,15
!reload_in_progress && !reload_completed,11,4,15
*(size_t*)__real_p == __old_sz,7,7,14
!strided_load,7,7,14
"""conversion to non-scalar type requested"" == NULL",7,7,14
frame_pointer_needed,9,5,14
e->dest,7,7,14
"nested_in_vect_loop_p (loop, stmt)",7,7,14
GET_CODE (addr) == PLUS,10,4,14
"""void value not ignored as it ought to be"" == NULL",7,7,14
node->needed || node->reachable,7,7,14
*(size_t*)__real_p == __n,7,7,14
t == 0,7,7,14
STMT_VINFO_DEF_TYPE (stmt_info) == vect_loop_def,7,7,14
ffelex_token_type (t) == FFELEX_typeNAMES,7,7,14
TREE_CODE (stmt) == MODIFY_EXPR,7,7,14
n > 0,11,3,14
bb != EXIT_BLOCK_PTR,7,7,14
dst->elts[i] != 0,7,7,14
GC_mark_lock_holder == pthread_self(),9,5,14
loop_vinfo,7,7,14
cr != NULL,9,5,14
status == 0,14,0,14
"std::is_integral<_IntType>::value, ""template argument not an integral type""",7,7,14
TREE_CODE (stmt) != PHI_NODE,7,7,14
ADDR_SPACE_GENERIC_P (as),10,4,14
REG_P (dest),11,3,14
TREE_CONSTANT (t),7,7,14
ffestd_block_level_ >= 0,7,7,14
gr->cr != NULL,7,7,14
gi->glyphs != NULL,7,7,14
native_metrics != NULL,8,6,14
SSA_VAR_P (var),7,7,14
"""machine=mips""",7,6,13
expr,9,4,13
!validated_p,9,4,13
"std::is_floating_point<_RealType>::value, ""result_type must be a floating point type""",13,0,13
!(e->flags & EDGE_ABNORMAL),8,5,13
init == NULL_TREE,7,6,13
ALLOCNO_UPDATED_HARD_REG_COSTS (a) == NULL,8,5,13
!nested_in_vect_loop,8,5,13
TREE_CODE (decl) == FIELD_DECL,8,5,13
ALLOCNO_UPDATED_CONFLICT_HARD_REG_COSTS (a) == NULL,8,5,13
r.a[2] == 0,13,0,13
phi,7,6,13
ss != NULL,9,4,13
gemm != NULL,13,0,13
 ready() ,8,5,13
current_sched_info->flags & DO_SPECULATION,7,6,13
rhs,7,6,13
GET_CODE (unspec) == UNSPEC,10,3,13
changed,8,5,13
i > 0,8,5,13
TREE_CODE (decl) == VAR_DECL || TREE_CODE (decl) == FUNCTION_DECL,8,5,13
list,7,6,13
sym,10,3,13
"""not BOXZ!"" == NULL",6,6,12
"bb, last",6,6,12
"""bad family"" == NULL",6,6,12
ffestorag_size (ffedata_storage_) % ffedata_storage_units_ == 0,6,6,12
 NULL == (*env)->ExceptionOccurred (env) ,6,6,12
(ffelex_token_type (t) == FFELEX_typeNAME) || (ffelex_token_type (t) == FFELEX_typeNUMBER),6,6,12
gfrt < FFECOM_gfrt,6,6,12
STMT_VINFO_VECTYPE (stmt_info),6,6,12
vecss->data.info.ref->u.ar.dimen_type[dim] == DIMEN_RANGE,6,6,12
a->base == 0,6,6,12
"""system=hpux""",8,4,12
TREE_CODE (bsi_stmt (si)) == OMP_CONTINUE,6,6,12
ffebld_right (dim) != NULL,6,6,12
"flags == NO_SPECIAL, 154",6,6,12
__m == memory_order_acquire,6,6,12
fmt,7,5,12
ALLOCNO_FIRST_COALESCED_ALLOCNO (a) == a,6,6,12
!(cond),6,6,12
TREE_INT_CST_HIGH (size_tree) == 0,6,6,12
TREE_CODE (r) == INTEGER_CST,6,6,12
item != NULL_TREE,6,6,12
rb_verify(),6,6,12
ffeinfo_basictype (ffebld_info (size)) == FFEINFO_basictypeINTEGER,6,6,12
 pixbuf != NULL ,9,3,12
__pos <= size(),8,4,12
n4 == e4,12,0,12
!op_iter_done (&old_iter),6,6,12
gimple_phi_num_args (phi) == 1,7,5,12
SA.partition_to_pseudo[i],6,6,12
__size > 0,6,6,12
arr[idx] == idx + (i ^ j * 3) * k + (i | j * 5) * k,12,0,12
t && TREE_CODE (t) == OMP_RETURN_EXPR,6,6,12
GFC_DESCRIPTOR_SIZE (b) == 8,6,6,12
op_iter_done (&old_iter),6,6,12
cause,6,6,12
current_binding_level->prep_state < 2,6,6,12
" r == NULL or not base_type::_M_impl._M_key_compare( base_type::_S_key(base_type::_S_minimum(r)),key)",6,6,12
retarray->base == 0,6,6,12
expr->expr_type == EXPR_STRUCTURE,7,5,12
ref->next != NULL,6,6,12
TREE_CODE (node2) == RECORD_TYPE,6,6,12
num_args == 5,6,6,12
subtype == optab_scalar,8,4,12
spec < FFEINTRIN_spec,6,6,12
var,7,5,12
GET_CODE (pat) == SET,9,3,12
len > 0,8,4,12
vecss && vecss->type == GFC_SS_VECTOR,6,6,12
in_lto_p,8,4,12
se.pre.head == NULL_TREE && se.post.head == NULL_TREE,7,5,12
"""unexpected save state"" == NULL",6,6,12
gfrt != FFECOM_gfrt,6,6,12
ffelex_token_type (t) == FFELEX_typeCHARACTER,6,6,12
_S_is_almost_balanced(__insertee),6,6,12
GFC_DESCRIPTOR_SIZE (a) == 8,6,6,12
1 == result -> refcount,6,6,12
stree,7,5,12
"sbitmap_popcount (dst->wordmask, dst->wordmask->n_bits) == dst->numwords",6,6,12
"ix_ < vec_->prefix.num, ""remove"", T, base",6,6,12
__m == memory_order_consume,6,6,12
size > 0,7,5,12
size != NULL,6,6,12
lca_depth < nb_loops,6,6,12
"""Weird stuff"" == NULL",6,6,12
"TREE_OPERAND (t, 0) == fd->v",6,6,12
loop->latch != EXIT_BLOCK_PTR,6,6,12
!interrupt_handler,6,6,12
((long)ptr & VTV_ALIGNMENT_MASK) == 0,6,6,12
ffecom_outer_function_decl_ == NULL_TREE,6,6,12
!is_top_level || !at_top_level,6,6,12
"""system=bsd""",9,3,12
VECTOR_MODE_P (mode),8,4,12
"""address of global register var requested"" == NULL",6,6,12
parm != NULL_TREE,6,6,12
gr->surface != NULL,6,6,12
ret->dtype == source->dtype,12,0,12
"maxtype < VARRAY_SIZE (typevec), 387",6,6,12
TREE_CODE (node1) == RECORD_TYPE,6,6,12
gimple_code (stmt) == GIMPLE_OMP_CONTINUE,7,5,12
condObj,6,6,12
gimple_has_mem_ops (g),6,6,12
index < (int) sizeof(dwarf_reg_size_table),9,3,12
rc==0,6,6,12
size == sizeof(_Unwind_Word),9,3,12
"""bad REAL constant kind type"" == NULL",6,6,12
edge != NULL,6,6,12
i->data != NULL,6,6,12
mode != BLKmode,9,3,12
stack_elt >= 2,9,3,12
out[j] == hres,8,4,12
ffebld_op (size) == FFEBLD_opCONTER,6,6,12
file->scn,6,6,12
ffeinfo_kindtype (ffebld_info (size)) == FFEINFO_kindtypeINTEGERDEFAULT,6,6,12
__m == memory_order_release,6,6,12
off.high == -1 || off.high == 0,6,6,12
l.length == r.length,6,6,12
"""bad op"" == NULL",6,6,12
aCacheNode,6,6,12
b->base == 0,6,6,12
ffeinfo_kindtype (ffebld_info (expr)) == FFEINFO_kindtypeINTEGERDEFAULT,6,6,12
TREE_CODE (type) == RECORD_TYPE,8,3,11
"(*env)->GetArrayLength (env, java_matrix) == 6",7,4,11
DECL_P (* node),10,1,11
cstr != NULL,6,5,11
expr->expr_type == EXPR_VARIABLE,6,5,11
(bytes & 0xF) == 0,7,4,11
GFC_DESCRIPTOR_RANK (source) == 2,11,0,11
ret != Z_STREAM_ERROR,11,0,11
regno >= 0 && regno < FIRST_PSEUDO_REGISTER,6,5,11
regno >= FIRST_PSEUDO_REGISTER,9,2,11
TREE_CODE (fn) == FUNCTION_DECL,8,3,11
errorcount || sorrycount,6,5,11
mode == SImode || mode == DImode,6,5,11
BB_HEAD (bb) != insn,6,5,11
st != NULL,6,5,11
current_loops != NULL,9,2,11
ref,7,4,11
STMT_VINFO_RELATED_STMT (stmt_vinfo) == stmt,6,5,11
DECL_ASSEMBLER_NAME_SET_P (decl),6,5,11
TREE_CODE (call) == CALL_EXPR,7,4,11
aligned_access_p (first_dr),6,5,11
arg != NULL,8,3,11
type_annotate_only,8,3,11
maskss != gfc_ss_terminator,7,4,11
native_matrix != NULL,7,4,11
a != b,6,5,11
loader != NULL,7,4,11
gimple_code (def_stmt) == GIMPLE_PHI,6,5,11
GFC_DESCRIPTOR_RANK (ret) == 2,11,0,11
ctx,11,0,11
GET_CODE (set) == SET,9,2,11
TREE_CODE (init) == MODIFY_EXPR,7,4,11
expr->expr_type == EXPR_CONSTANT,7,4,11
pos,6,5,11
arg == NULL,7,4,11
is_simple_use,7,4,11
mode == SImode,10,1,11
TREE_CODE_CLASS (code) != tcc_vl_exp,9,1,10
"could_fall_through (e_taken->src, e_taken->dest)",6,4,10
ys (2) == xs () * 2,6,4,10
hook,5,5,10
son,5,5,10
ffestorag_init (st) == NULL,5,5,10
stack,5,5,10
TREE_CODE (bsi_stmt (si)) == OMP_FOR,5,5,10
"!bitmap_bit_p (output, DECL_UID (node->decl))",6,4,10
r.a[1] == 0,10,0,10
t == SUCCESS,5,5,10
((unsigned int) (X)) < VUSE_VECT_NUM_ELEM (V),5,5,10
TREE_CODE (expr) == SSA_NAME,5,5,10
dr->aux,5,5,10
TREE_CODE (phi) == PHI_NODE,5,5,10
"""bad INTEGER constant kind type"" == NULL",5,5,10
"TREE_CODE (id) == IDENTIFIER_NODE, 135",5,5,10
1 == __result->_M_refcount,5,5,10
DECL_P (sym),6,4,10
"hard_regno < 0 || ! ira_hard_reg_not_in_set_p (hard_regno, ALLOCNO_MODE (a), reg_class_contents[ALLOCNO_COVER_CLASS (a)])",5,5,10
EDGE_COUNT (cont_bb->succs) == 2,8,2,10
"!find_reg_note (last, REG_BR_PROB, 0)",5,5,10
gimple_has_ops (g),5,5,10
LOOP_VINFO_VECT_FACTOR (loop_vinfo),5,5,10
DECL_INITIAL (decl) == NULL_TREE,5,5,10
ft != NULL,6,4,10
str,7,3,10
i >= 0 && i <= info->param_count,5,5,10
parser->tokens[0].type != CPP_EOF,6,4,10
!current_function_decl,8,2,10
JUMP_P (jump),6,4,10
n5 == e5,10,0,10
ffebld_trail (thing) == NULL,5,5,10
access_fn,5,5,10
loc,7,3,10
df_lr,6,4,10
gi != NULL,5,5,10
e->dest != EXIT_BLOCK_PTR,5,5,10
vec->glyphitems != NULL,5,5,10
"!nested_in_vect_loop_p (loop, last_stmt)",5,5,10
new_loop,6,4,10
"bitmap_bit_p (blocks_to_update, bb->index)",6,4,10
"gimple_assign_rhs1 (op_def), code, e, bsi",6,4,10
ZERO,6,4,10
(X) >= 0 && (X) < VUSE_VECT_NUM_ELEM (V),5,5,10
vec_stmt,6,4,10
fde != NULL,6,4,10
!TARGET_64BIT,8,2,10
"GET_CODE (XEXP (orig, 0)) == PLUS",9,1,10
" __is_sorted(__target, __target + __length, __comp)",6,4,10
TREE_PUBLIC (decl),7,3,10
index <= gs->gimple_asm.no,5,5,10
ffebld_op (thing) == FFEBLD_opITEM,5,5,10
l,5,5,10
TREE_CODE (hook) == TREE_VEC,5,5,10
bb != ENTRY_BLOCK_PTR,5,5,10
yd (1) == xd (),6,4,10
loop,6,4,10
TREE_STATIC (decl),6,4,10
ix != FFECOM_gfrt,5,5,10
i != NULL,5,5,10
_S_last_dealloc_index >= 0,6,4,10
!node->symbol.aux,5,5,10
cur,7,3,10
!specs->complex_p,6,4,10
e != NULL,8,2,10
cover_class == ALLOCNO_COVER_CLASS (conflict_a),5,5,10
TREE_CODE (type) == REFERENCE_TYPE,8,2,10
building_stmt_tree (),5,5,10
collapse >= 1,5,5,10
nargs == 2,7,3,10
(int) ZERO,6,4,10
"BINFO_INHERITANCE_CHAIN (basetype_path) == NULL_TREE, 980827",5,5,10
"""say what??"" == NULL",5,5,10
"pfile, NULL",5,5,10
f->u.R1010.val.present,5,5,10
nnode == n,5,5,10
_M_losers[__right]._M_source == -1,6,4,10
(int) DZERO,6,4,10
_M_cur != _M_path->_M_cmpts.end(),6,4,10
index <= gs->gimple_asm.ni,5,5,10
yd (2) == xd () * 2,6,4,10
!params,5,5,10
__b != memory_order_acq_rel,10,0,10
target_end == target + length,5,5,10
I_SYMBOL_BINDING (b->id) == b,7,3,10
cover_class == ALLOCNO_COVER_CLASS (conflict_allocno),5,5,10
GET_CODE (insn) == CALL,5,5,10
error == FFEBAD,5,5,10
my_function && my_function->cfg,6,4,10
ys (1) == xs (),6,4,10
perm_mask != NULL_TREE,6,4,10
TREE_CODE (bsi_stmt (si)) == OMP_RETURN,5,5,10
(char) ZERO,6,4,10
!cfun,9,1,10
TYPE_P (type),8,2,10
!vnode->aux,6,4,10
"""bad op for single char arg expr"" == NULL",5,5,10
tree_versionable_function_p (old_decl),5,5,10
font != NULL,5,5,10
c,8,2,10
"i == 0 || !comp(*(seqs_begin[source].first), *(target - 1))",5,5,10
gimple_code (stmt) != GIMPLE_PHI,5,5,10
reg,9,1,10
identifier_p (name),10,0,10
"""machine=sgi""",5,5,10
!need_ssa_update_p (),5,5,10
integer_zerop (loop->from[n]),5,5,10
"""N1"" == NULL",5,5,10
success,10,0,10
t->_M_color == std::_S_black,5,5,10
ptr[size - 1] == 'a',5,5,10
len,7,3,10
start < t->length,5,5,10
parser,6,3,9
sym->attr.dummy,6,3,9
this->is_parameter_,6,3,9
ref->next == NULL,5,4,9
ret == Z_STREAM_ERROR,9,0,9
face != NULL,5,4,9
fndecl != NULL_TREE,5,4,9
VECTOR_MODE_P (d.vmode),7,2,9
num >= 0,6,3,9
field && TREE_CODE (field) == FIELD_DECL,6,3,9
"XEXP (src, 0) == stack_pointer_rtx",5,4,9
r.a[3] == 0,9,0,9
nargs <= ARRAY_SIZE (args),6,3,9
get() != pointer(),6,3,9
expr->value.function.actual->expr,6,3,9
pfont->ctx != NULL,5,4,9
"""system=OpenBSD""",7,2,9
DEBUG_INSN_P (insn),6,3,9
"TREE_OPERAND (t, 0) == decl",6,3,9
regno1 >= FIRST_PSEUDO_REGISTER && regno2 >= FIRST_PSEUDO_REGISTER,5,4,9
!(specs->signed_p && specs->unsigned_p),6,3,9
e->symtree,6,3,9
expr->rank > 0,6,3,9
field,6,3,9
GET_CODE (mem) == MEM,7,2,9
BRANCH_EDGE (cont_bb)->dest == body_bb,5,4,9
GET_CODE (span) == PARALLEL,6,3,9
cost < 65535,5,4,9
arg,6,3,9
e->flags & EDGE_EH,6,3,9
x != y,6,3,9
"1, ""foo""",8,1,9
!jfunc->agg.items,6,3,9
itype,6,3,9
offset < ref_info->refs_size,6,3,9
libfunc,7,2,9
n == 0,8,1,9
"res == 1 || (res == 0 && av_set_could_be_blocked_by_bookkeeping_p (orig_ops, static_params)) || res == -1",5,4,9
fn,6,3,9
use != NULL,6,3,9
string != NULL,6,3,9
TREE_CODE (fn) == CALL_EXPR,7,2,9
TREE_CODE (tmp) == FUNCTION_DECL,5,4,9
se.post.head == NULL_TREE,7,2,9
"""machine=m68k""",5,4,9
fn != NULL,5,4,9
ptr,6,3,9
"""cpu=m68k""",5,4,9
!a->current == !a->first && (!a->current || a->indx == a->current->indx),6,3,9
DECL_P (decl2),9,0,9
!constructor_range_stack,6,3,9
STMT_VINFO_RELEVANT_P (stmt_vinfo) && !STMT_VINFO_LIVE_P (stmt_vinfo),5,4,9
this->clauses_ == NULL,6,3,9
TREE_CODE (expr) == ADDR_EXPR,5,4,9
operand != NULL,5,4,9
REGNO (rtl) == STACK_POINTER_REGNUM,5,4,9
value,5,4,9
"(int)(1.0 + 1.0), ""non-constant-expression""",6,3,9
removed,5,4,9
r.a[0] == 0,9,0,9
fn_contains_cilk_spawn_p (cfun) && cilk_detect_spawn_and_unwrap (expr_p),5,4,9
seq,6,3,9
cost <= 65535,5,4,9
VAR_OR_FUNCTION_DECL_P (decl),7,2,9
TREE_CODE (gnu_type) == ARRAY_TYPE,6,3,9
ff,9,0,9
DECL_P (ptr),5,4,9
occr,5,4,9
sym->attr.flavor == FL_PROCEDURE,5,4,9
node->definition,7,2,9
expr->expr_type == EXPR_ARRAY,5,4,9
"""system=mach""",5,4,9
ffedata_storage_size_ == (ffetargetOffset) ffebld_accter_size (accter),4,4,8
__old->get_allocator() == __r->get_allocator(),4,4,8
data_fid != 0,7,1,8
TREE_CODE (var) == PARM_DECL || TREE_CODE (var) == RESULT_DECL,4,4,8
se->loop && se->ss,4,4,8
_M_a <= _M_b,5,3,8
GET_CODE (ops[2]) == CONST_INT,4,4,8
"""Ra"" == NULL",4,4,8
vis != NULL,4,4,8
"(void *)(0, 0)",4,4,8
dpy != NULL,4,4,8
EBB_FIRST_BB (bb) == EBB_LAST_BB (bb),6,2,8
"__builtin_memcmp (&e9, &n9, sizeof (e9)) == 0",8,0,8
"""bad LOGICAL akindtype"" == NULL",4,4,8
"maxtype < typevec_size, 387",4,4,8
f1 != f2 && DECL_NAME (f1) == DECL_NAME (f2),4,4,8
ffelex_token_type (exponent_sign) == FFELEX_typeMINUS,4,4,8
"hard_regno < 0 || ! ira_hard_reg_not_in_set_p (hard_regno, ALLOCNO_MODE (a), reg_class_contents[ALLOCNO_CLASS (a)])",4,4,8
((size_t) indent) + 4 < ARRAY_SIZE (xspaces),4,4,8
"""bad label type"" == NULL",4,4,8
"__builtin_cpu_is (""corei7"")",8,0,8
DECL_CONTEXT (fndecl) == NULL_TREE,4,4,8
get_allocator() == __s._M_root->get_allocator(),4,4,8
cfa_temp.reg == (unsigned) regno,4,4,8
link->ref,4,4,8
chunk->magic == CHUNK_MAGIC,4,4,8
"""bad iter var"" == NULL",4,4,8
code == CONST_INT,4,4,8
uncolorable_allocnos_num[cover_class] > 0,4,4,8
!VOID_TYPE_P (type),6,2,8
"picochip_is_aligned (base_offset, STACK_BOUNDARY)",4,4,8
ffeexpr_stack_->is_rhs,4,4,8
"std::is_unsigned<_UIntType>::value, ""template argument "" ""substituting _UIntType not an unsigned integral type""",4,4,8
ffelex_handler_ != NULL,4,4,8
 sv_get_stamp(var) > lowest,4,4,8
TREE_CODE (var) == VAR_DECL || TREE_CODE (var) == PARM_DECL || TREE_CODE (var) == RESULT_DECL,5,3,8
se->ss != gfc_ss_terminator,4,4,8
java_font != NULL,4,4,8
GET_MODE (op) == SFmode,4,4,8
"bitmap_intersect_p (new_ptr_info->pt_vars, orig_ptr_info->pt_vars)",4,4,8
pool,4,4,8
ns != NULL,4,4,8
arg0 != NULL && arg1 != NULL,4,4,8
"""bad REAL ckindtype"" == NULL",4,4,8
"vec_->prefix.num < vec_->prefix.alloc, ""push"", T, base",4,4,8
"__builtin_memcmp (&e14, &n14, sizeof (e14)) == 0",8,0,8
REGNO (ops[0]) == REGNO (ops[1]),4,4,8
ffeinfo_basictype (ffebld_info (subscript)) == FFEINFO_basictypeINTEGER,4,4,8
graphite_legal_transform (scop),4,4,8
mode == CCmode,4,4,8
binfo,4,4,8
GET_CODE (h->libfunc) == SYMBOL_REF,4,4,8
g->u.proc.n_args >= 0,4,4,8
EXPR,5,3,8
"""FOO%, FOO. not yet supported!~~"" == NULL",4,4,8
!SSA_VAR_P (stmt),4,4,8
output_memory_reference_mode != VOIDmode,4,4,8
c[0] == '@',4,4,8
"""bad abasictype"" == NULL",4,4,8
expr->symtree->n.sym,4,4,8
!MTAG_P (var) || TREE_CODE (var) == STRUCT_FIELD_TAG,4,4,8
gnu_result,4,4,8
cond_expr && TREE_CODE (cond_expr) == COND_EXPR,4,4,8
TREE_CODE (*node) == FUNCTION_TYPE,6,2,8
GET_MODE (x) != VOIDmode,6,2,8
GET_CODE (x) == REG,6,2,8
gcov_var.mode < 0,5,3,8
ann->modified,4,4,8
dst != NULL,5,3,8
type == gfc_charlen_type_node,4,4,8
GET_CODE (diff_vec) == ADDR_DIFF_VEC,6,2,8
 ! (*env)->ExceptionCheck (env),4,4,8
c->rhs.type == SCALAR && c->lhs.type == SCALAR,4,4,8
ss->type == GFC_SS_SECTION,4,4,8
desired_alignment <= 8,4,4,8
is_gimple_call (call),5,3,8
surface != NULL,6,2,8
__first.container() == __middle.container() && __middle.container() == __last.container(),4,4,8
basictype < FFEINFO_basictype,4,4,8
units % ffedata_storage_units_ == 0,4,4,8
hwi,5,3,8
TREE_CODE (TREE_TYPE (e)) == POINTER_TYPE,4,4,8
precision == bitsize,4,4,8
TREE_CODE (decl2) == INDIRECT_REF,8,0,8
"""bad cbasictype"" == NULL",4,4,8
def,5,3,8
TREE_CODE (*node) == FUNCTION_DECL,6,2,8
ffebld_op (ffebld_left (*expr)) == FFEBLD_opSYMTER,4,4,8
POINTER_TYPE_P (TREE_TYPE (arg)),5,3,8
cfi2->dw_cfi_opc != DW_CFA_remember_state,4,4,8
ffeinfo_kindtype (ffebld_info (expr)) == FFEINFO_kindtypeCHARACTERDEFAULT,4,4,8
se.ss == gfc_ss_terminator,5,3,8
kind == FFEINFO_kindNONE,4,4,8
!gimple_call_internal_p (gs),5,3,8
"""bad LOGICAL ckindtype"" == NULL",4,4,8
ffestp_file.open.open_spec[FFESTP_openixSTATUS].kw_or_val_present,4,4,8
"TREE_CODE (TREE_OPERAND (stmt, 0)) == MODIFY_EXPR",4,4,8
GET_CODE (symbol) == SYMBOL_REF,7,1,8
GET_CODE (set->expr) == SET,4,4,8
"""bad paren type"" == NULL",4,4,8
!any_marked_for_rewrite_p (),4,4,8
"__builtin_memcmp (&e15, &n15, sizeof (e15)) == 0",8,0,8
TREE_CODE (TREE_TYPE (e)) == REAL_TYPE,4,4,8
mem,6,2,8
DECL_CONTEXT (fndecl) != NULL_TREE,4,4,8
"""bad COMPLEX akindtype"" == NULL",4,4,8
gimple_code (phi) == GIMPLE_PHI,5,3,8
POINTER_TYPE_P (type_a) && POINTER_TYPE_P (type_b),4,4,8
ffeinfo_basictype (ffebld_info (expr)) == FFEINFO_basictypeCHARACTER,4,4,8
b != NULL,4,4,8
other_arg >= 0,4,4,8
*stmt == gsi_stmt (*gsi),4,4,8
DATA_FIELD == 0,6,2,8
"constraint_edge_equal (*tmp, edge)",4,4,8
get_allocator() == __x.get_allocator(),4,4,8
"""bad CHARACTER akindtype"" == NULL",4,4,8
dv_is_decl_p (dv),5,3,8
text->locus != NULL,4,4,8
secss != gfc_ss_terminator,4,4,8
subregs_of_mode,4,4,8
!nested || indent >= 2,4,4,8
"rtx_equal_p (root_entry->reg, reg)",4,4,8
((unsigned long) (char *) stack & 0xF) == 0,5,3,8
lca_nb < nb_loops,4,4,8
"!bitmap_bit_p (b, DF_REF_ID (link->ref))",4,4,8
"""Ia"" == NULL",4,4,8
GET_CODE (ops[idata]) == REG,4,4,8
"TREE_OPERAND (init, 0) == decl",5,3,8
GET_CODE (ops[1]) == CONST_INT,4,4,8
size == 4 || size == 2,4,4,8
__y.get_allocator() == get_allocator(),4,4,8
(unsigned long)&u2.x == rsp+72,4,4,8
hp,4,4,8
TMPL_ARGS_DEPTH (args) == TMPL_PARMS_DEPTH (DECL_TEMPLATE_PARMS (tmpl)),4,4,8
x < ptr->size,4,4,8
"""Ba"" == NULL",4,4,8
TREE_CODE (TREE_TYPE (e)) == RECORD_TYPE,4,4,8
"__builtin_memcmp (&e6, &n6, sizeof (e6)) == 0",8,0,8
!gimple_in_ssa_p (cfun),7,1,8
channel->element_size <= sizeof (uint64_t),4,4,8
"""Fa"" == NULL",4,4,8
!need_ssa_update_p (cfun),6,2,8
COMPARISON_CLASS_P (t),5,3,8
mt->__common.__code == GO_MAP,4,4,8
!src1_note,5,3,8
"__builtin_memcmp (&e3, &n3, sizeof (e3)) == 0",8,0,8
cfa_store_reg == STACK_POINTER_REGNUM,4,4,8
"changed == !ebitmap_equal_p (dst, dstcopy)",4,4,8
single_succ_p (bb),6,2,8
ftype != NULL,5,3,8
SSA_NAME_OCCURS_IN_ABNORMAL_PHI (PHI_RESULT (phi)),4,4,8
"__builtin_memcmp (&e8, &n8, sizeof (e8)) == 0",8,0,8
gimple_code (gsi_stmt (gsi)) == GIMPLE_OMP_FOR,8,0,8
"vec_->prefix.num < vec_->prefix.alloc, ""insert"", T, base",4,4,8
alignment_support_cheme,4,4,8
INSN_UID (insn) < max_insn_uid,4,4,8
i < MAX_CLAUSES,7,1,8
dv_is_value_p (dv),5,3,8
ip->newivs && ip->newivs_index,4,4,8
"""bad INTEGER ckindtype"" == NULL",4,4,8
"""bad INTEGER akindtype"" == NULL",4,4,8
"ix_ < vec_->num, ""remove"", T, base",4,4,8
TREE_CODE (func) == FUNCTION_DECL,5,3,8
GET_CODE (part) == CONST_INT,4,4,8
code != VOID_TYPE,4,4,8
f->u.R1005.R1007_or_R1008.present,4,4,8
tc != -1,4,4,8
"(pool == malloc_pool_image ()) || malloc_pool_find_ (pool, malloc_pool_image ())",4,4,8
ira_reg_classes_intersect_p [ALLOCNO_COVER_CLASS (a)][ALLOCNO_COVER_CLASS (another_a)],4,4,8
TREE_CODE (node->decl) == VAR_DECL,4,4,8
CONSTANT_CLASS_P (new_name),4,4,8
first != NULL,5,3,8
tmp,4,4,8
(unsigned long)&u4.x == rsp+200,4,4,8
"""Sa"" == NULL",4,4,8
"""La"" == NULL",4,4,8
"pfile, str",4,4,8
is_gimple_min_invariant (t),4,4,8
sel != NULL,5,3,8
(unsigned long)&u5.x == rsp+264,4,4,8
"rb_verify_tree(t,count)",4,4,8
"1, """"",6,2,8
!f->u.R1005.R1007_or_R1008.present,4,4,8
!ann->modified,4,4,8
scan_p < new_clean_text_limit,4,4,8
cover_class == ALLOCNO_COVER_CLASS (parent_a),4,4,8
operand->type == FFEEXPR_exprtypeOPERAND_,4,4,8
cfa.reg == (unsigned long)DWARF_FRAME_REGNUM (STACK_POINTER_REGNUM),4,4,8
TREE_CODE (TREE_TYPE (e)) == COMPLEX_TYPE,4,4,8
CONST_INT_P (op),8,0,8
shift < 2 * HOST_BITS_PER_WIDE_INT,4,4,8
ip.pos_beg <= ip.pos_end,4,4,8
code != ENUMERAL_TYPE,4,4,8
"VEC_length (ce_s, rhsc) == 1",4,4,8
!TREE_ADDRESSABLE (exp),5,3,8
(op == FFEBLD_opFUNCREF) || (op == FFEBLD_opSUBRREF),4,4,8
"""bad REAL akindtype"" == NULL",4,4,8
sym->backend_decl,6,2,8
"changed == !bitmap_equal_p (dst, dstcopy)",4,4,8
 ! (*env)->ExceptionOccurred (env),4,4,8
"__builtin_memcmp (&e7, &n7, sizeof (e7)) == 0",8,0,8
cairo_status (gr->cr) == CAIRO_STATUS_SUCCESS,4,4,8
!DECL_EXTERNAL (decl),4,4,8
kindtype < FFEINFO_kindtype,4,4,8
(unsigned long)&u6.x == rsp+328,4,4,8
op,6,2,8
ffeinfo_basictype (ffebld_info (low)) == FFEINFO_basictypeINTEGER,4,4,8
c[0] == '=',4,4,8
type == gfc_strlen_type_node,4,4,8
dst != a && dst != b && a != b,4,4,8
get_allocator() == __r.get_allocator(),4,4,8
n != NULL,4,4,8
insn_data[d->code].operand[k].predicate == neon_struct_operand,4,4,8
"""Ca"" == NULL",4,4,8
gimple_assign_single_p (next_stmt),5,3,8
lca_nb >= 0,4,4,8
(unsigned long)&u7.x == rsp+392,4,4,8
"__builtin_memcmp (&e1, &n1, sizeof (e1)) == 0",8,0,8
"""cpu=rs6000""",4,4,8
spec->value != NULL,4,4,8
sv_get_stamp(witness) == lowest,4,4,8
"ix_ <= vec_->prefix.num, ""insert"", T, base",4,4,8
GET_CODE (ref) == MEM,4,4,8
loop->inner == LOOP_VINFO_LOOP (inner_loop_vinfo),4,4,8
(unsigned long)&u8.x == rsp+456,4,4,8
r,5,3,8
"ix_ < vec_->num, ""remove"", TDEF",4,4,8
begin() <= __i1 && __i1 <= __i2 && __i2 <= end(),8,0,8
ira_reg_classes_intersect_p [cover_class][conflict_cover_class],4,4,8
DECL_NAME (TYPE_FIELDS (type)) == DECL_NAME (TYPE_FIELDS (TREE_TYPE (e))),4,4,8
(unsigned long)&u1.x == rsp+8,4,4,8
__left.get_allocator() == __right.get_allocator(),4,4,8
sizeof(fenv_t) <= GFC_FPE_STATE_BUFFER_SIZE,4,4,8
ffeinfo_basictype (ffebld_info (high)) == FFEINFO_basictypeINTEGER,4,4,8
!(__cond),4,4,8
TREE_CODE (type0) == VECTOR_TYPE || TREE_CODE (type1) == VECTOR_TYPE,4,4,8
"""bad COMPLEX ckindtype"" == NULL",4,4,8
"""INTEGER3/COMPLEX bad source kind type"" == NULL",4,4,8
(unsigned long)&u3.x == rsp+136,4,4,8
impostor->super_class == super_class,4,4,8
EDGE_COUNT (bb->succs) == 1,4,4,8
dims != NULL,4,4,8
st,5,3,8
__r->_M_ref_count == 1,4,4,8
"__builtin_memcmp (&e13, &n13, sizeof (e13)) == 0",8,0,8
"std::is_unsigned<_UIntType>::value, ""template argument "" ""_UIntType not an unsigned integral type""",4,4,8
vec_,4,4,8
"""machine=rs6000""",4,4,8
attr,8,0,8
node->symbol.definition,4,4,8
cgraph_global_info_ready,4,4,8
"__builtin_memcmp (&e2, &n2, sizeof (e2)) == 0",8,0,8
parent != NULL,4,4,8
get_allocator() == __b.get_allocator(),4,4,8
 rb_verify_tree(static_cast<typename base_type:: _Const_Link_type>(__root)),4,4,8
drawable != NULL,7,1,8
status == LDPS_OK,4,4,8
target_end == target + length - overhang,4,4,8
ref->type != REF_ARRAY || ref->u.ar.type == AR_ELEMENT,4,4,8
n11 == e11,8,0,8
init != NULL,4,4,8
"""bad CHARACTER ckindtype"" == NULL",4,4,8
r == JNI_OK,8,0,8
"vec_ && ix_ < vec_->prefix.num, ""index"", T, base",4,4,8
swapstart != -1,4,4,8
!res,5,3,8
ptr[size - 1] == i & 127,4,4,8
expr->ref->type == REF_SUBSTRING,4,4,8
"TREE_CODE (tmpl) == TEMPLATE_DECL, 0",4,4,8
arm_reg0 != IP_REGNUM,4,4,8
old == -1,8,0,8
edge,4,4,8
y < ptr->size,4,4,8
dv_onepart_p (var->dv),4,4,8
"""system=svr3""",4,4,8
"""bad symbol state"" == NULL",4,4,8
fsym->ts.cl && fsym->ts.cl->length && fsym->ts.cl->length->expr_type == EXPR_CONSTANT,4,4,8
"""bad arg string code"" == NULL",4,4,8
!se->ss,5,3,8
ffeinfo_basictype (ffebld_info (expr)) == FFEINFO_basictypeINTEGER,4,4,8
TREE_CODE (TREE_PURPOSE (l)) == IDENTIFIER_NODE,4,4,8
n == obj_count,4,4,8
!edge->aux,5,3,8
cfun && current_function_decl,4,3,7
GET_CODE (pattern) == SET,6,1,7
p1[1] == **p,4,3,7
o,6,1,7
compile_stack.avail != 0,4,3,7
pfont->desc != NULL,4,3,7
DECL_P (base),4,3,7
fastmap != NULL && p != NULL,4,3,7
r.a[3] == 4,7,0,7
elt,5,2,7
REG_P (src),5,2,7
!node->process,4,3,7
ref != NULL,5,2,7
pargz,7,0,7
!processing_template_decl,5,2,7
flag_split_stack,6,1,7
jpixels != NULL,4,3,7
NOTE_INSN_BASIC_BLOCK_P (note),6,1,7
!global.inlined_to,6,1,7
!neg,4,3,7
dc == global_dc,5,2,7
e->flags & EDGE_FALLTHRU,6,1,7
NOTE_INSN_BASIC_BLOCK_P (insn),5,2,7
dump_file,6,1,7
after,4,3,7
TREE_CODE (TREE_TYPE (tmp)) == ARRAY_TYPE,5,2,7
GET_MODE_CLASS (mode) == MODE_INT,5,2,7
r == 0,7,0,7
word & 1,4,3,7
parser->tokens_avail == 1,4,3,7
_S_last_dealloc_index <= _S_mem_blocks.size() - 1,4,3,7
!high || TREE_CODE (high) == INTEGER_CST,4,3,7
info.reason,5,2,7
Nkind (gnat_root) == N_Compilation_Unit,4,3,7
ret >= 0 && ret <= 1,4,3,7
note,4,3,7
l_100 == &g_23,7,0,7
op!= NULL,5,2,7
(!DECL_WEAK (node->decl) && !DECL_COMDAT (node->decl)) || TREE_PUBLIC (node->decl) || node->weakref || DECL_EXTERNAL (node->decl),4,3,7
hard_regno >= FIRST_STACK_REG,5,2,7
ad.disp == ad.disp_term,4,3,7
!insn,4,3,7
"pfile, &temp",4,3,7
cache,4,3,7
2 == EDGE_COUNT (bb->preds),4,3,7
CONST_INT_P (x),7,0,7
item,4,3,7
COMPARISON_CLASS_P (cond),5,2,7
void,7,0,7
gimple_code (use_stmt) != GIMPLE_PHI,4,3,7
op0,5,2,7
p - 1 > pattern,4,3,7
reg_no > 0 && reg_no <= MAX_REGNUM,4,3,7
Present (Alignment (gnat_entity)),4,3,7
pfont->font != NULL,5,2,7
update_ssa_initialized_fn == cfun,5,2,7
st->n.tb,4,3,7
tmp && INTEGER_CST_P (tmp),4,3,7
"!std::is_reference<deleter_type>::value, ""rvalue deleter bound to reference""",4,3,7
p2 != NO_PARTITION,4,3,7
"!bitmap_bit_p (&bb_info->gen, DF_REF_ID (first_def))",4,3,7
curr_reg_pressure[cl] >= 0,5,2,7
ALLOCNO_CAP_MEMBER (a) == NULL,6,1,7
ref->type == REF_SUBSTRING,4,3,7
fun != NULL,7,0,7
cond_code >= 0,4,3,7
ft_face != NULL,5,2,7
die != child_die,4,3,7
data != NULL,6,1,7
!optimize || flag_caller_saves || regno >= ira_reg_equiv_len || ira_reg_equiv_const[regno] || ira_reg_equiv_invariant_p[regno],4,3,7
TREE_STATIC (decl) || DECL_EXTERNAL (decl),4,3,7
stage_count >= 1,4,3,7
flags & FLAG_4_GPR_ARGUMENTS || intarg_count <= 4,4,3,7
TREE_CODE (low) == INTEGER_CST,4,3,7
cls,6,1,7
"""machine=powerpc64""",5,2,7
REG_P (reg) && REGNO (reg) < FIRST_PSEUDO_REGISTER,4,3,7
STMT_VINFO_RELATED_STMT (stmt_info) == stmt,4,3,7
before,4,3,7
e < 2 * nelt,6,1,7
Pmode == DImode,5,2,7
kind == NULL,4,3,7
p1 != NO_PARTITION,4,3,7
"""cpu=powerpc64""",5,2,7
p < pend,4,3,7
exit != NULL,5,2,7
uncolorable_allocnos_num > 0,4,3,7
TREE_CODE (var1) == SSA_NAME,4,3,7
GET_CODE (varloc) == VAR_LOCATION,4,3,7
TREE_CODE (var2) == SSA_NAME,4,3,7
fixup_graph,7,0,7
TREE_CODE (cfield) == RANGE_EXPR,4,3,7
bufp->regs_allocated == REGS_FIXED,4,3,7
!is_param && value == 1,7,0,7
arr[i] == 1,6,1,7
__class_table_lock,4,3,7
mcnt >= 0,4,3,7
!specs->long_p && !specs->short_p && !specs->signed_p && !specs->unsigned_p && !specs->complex_p,5,2,7
ret == 0,4,3,7
TREE_CODE (parm) == PARM_DECL || TREE_CODE (parm) == RESULT_DECL,4,3,7
"!same_type_ignoring_top_level_qualifiers_p (TREE_TYPE (TREE_TYPE (sub)), TREE_TYPE (t))",4,3,7
fail_stack.avail >= NUM_NONREG_ITEMS,4,3,7
p != NO_PARTITION,4,3,7
f,5,2,7
r * DWARF_CIE_DATA_ALIGNMENT == off,4,3,7
!FAIL_STACK_EMPTY (),4,3,7
!type || TYPE_MAIN_VARIANT (type) == type,4,3,7
TREE_CODE (id) == IDENTIFIER_NODE,5,2,7
pargz_len,7,0,7
((unsigned) (char *) stack & 0xF) == 0,4,3,7
TREE_CODE (field) == FIELD_DECL,4,3,7
e->indirect_info->polymorphic,4,3,7
gcc::jit::active_playback_ctxt,6,1,7
"init == NULL_TREE || (same_type_ignoring_top_level_qualifiers_p (type, TREE_TYPE (init)))",4,3,7
!I_SYMBOL_BINDING (id),4,3,7
"""system=winnt""",4,3,7
TREE_CODE (tmpl) == TEMPLATE_DECL,5,2,7
loc == NULL,5,2,7
op_type == TREE_CODE_LENGTH (code),4,3,7
p + *p < pend,4,3,7
num_iterations < 500,4,3,7
p <= pend,4,3,7
DECL_EXTERNAL (n->decl),4,3,7
!pre_exit,4,3,7
!tree_is_chrec (evolution_part),3,3,6
!a->current || a->indx == a->current->indx,3,3,6
(GET_MODE (op0) == mode0 || GET_MODE (op0) == VOIDmode) && (GET_MODE (op1) == mode1 || GET_MODE (op1) == VOIDmode),4,2,6
base,4,2,6
REGNO (reg) < FIRST_PSEUDO_REGISTER,4,2,6
"size_ >= 0 && VEC_OP(T,base,length) VEC_BASE(*vec_) <= (unsigned)size_, ""grow"", T, A",3,3,6
"""machine=s390""",3,3,6
"""fall-through error"" == NULL",3,3,6
GET_CODE (base) == REG,4,2,6
edge_cost > 0,4,2,6
"VEC_length (tree, aliases) != 0",3,3,6
num > 0,3,3,6
"""bad constant type"" == NULL",3,3,6
!sym->value,4,2,6
TREE_CODE (decl) == FUNCTION_DECL || TREE_CODE (decl) == VAR_DECL,3,3,6
0 == __x,3,3,6
r.a[1] == 2,6,0,6
ffeinfo_kindtype (ffebld_info (expr)) == FFEINFO_kindtypeCHARACTER1,3,3,6
SSA_NAME_VAR (leader) != NULL_TREE,3,3,6
INTEGRAL_OR_ENUMERATION_TYPE_P (type),4,2,6
"""unexpected FFECOM_f2ccodeXYZZY!"" == NULL",3,3,6
__pos <= __x._M_root->_M_size,3,3,6
imm->iter_node.next == old->next,3,3,6
!STMT_VINFO_DATA_REF (stmt_info) && !is_pattern_stmt_p (stmt_info),3,3,6
"GIMPLE_STMT_OPERAND (t, 0) == var",3,3,6
"""NONE where unexpected"" == NULL",3,3,6
ns,5,1,6
GET_CODE (ops[2]) == REG,3,3,6
"c_parser_next_token_is_keyword (parser, RID_ASM)",4,2,6
ptr->iter_type == ssa_op_iter_tree,3,3,6
0 < reserve_size && reserve_size % g_regionsize == 0,3,3,6
GET_MODE (x) == GET_MODE (y),5,1,6
INTVAL (x) >= -128 && INTVAL (x) <= 255,4,2,6
ir_type (),3,3,6
"""ENTITY where unheard of"" == NULL",3,3,6
"!(TREE_CODE (val) == SSA_NAME && *op_p && TREE_CODE (*op_p) == SSA_NAME && !may_propagate_copy (*op_p, val))",3,3,6
redirected,5,1,6
der->attr.flavor == FL_DERIVED,3,3,6
cpp_reader *pfile,4,2,6
"host_integerp (TREE_OPERAND (e, 1), 0)",3,3,6
may_need_excess_precision && common,4,2,6
ann,3,3,6
GET_MODE_PRECISION (outer_submode) <= MAX_BITSIZE_MODE_ANY_INT,3,3,6
d,3,3,6
values_float.f2 == f2,6,0,6
g->cr != NULL,3,3,6
current_ir_type () == IR_GIMPLE,3,3,6
"vcall_index != NULL_TREE, 20000621",3,3,6
GC_mark_lock_holder == NO_THREAD,4,2,6
expr->ts.type == BT_CHARACTER && expr->ts.kind == 1,3,3,6
EDGE_COUNT (merge_bb->preds) == 2,3,3,6
GET_MODE_SIZE (TYPE_MODE (scalar_type)) * vectorization_factor == UNITS_PER_SIMD_WORD,3,3,6
"in == out || rtx_equal_p (in, out)",3,3,6
super_type,4,2,6
ffebld_op (expr) == FFEBLD_opSYMTER,3,3,6
"""CONSTRUCT where unheard of"" == NULL",3,3,6
ncopies == 1,4,2,6
arg >= 0,3,3,6
I_TAG_BINDING (b->id) == b,4,2,6
"!VEC_empty (gimple, phis)",3,3,6
r >= 0,4,2,6
cfi == NULL,3,3,6
+ZERO,4,2,6
retCache->theNodeTable,3,3,6
"!explicit_instantiation, 0",3,3,6
values_double.f6 == f6,6,0,6
-ZERO,4,2,6
"IS_AGGR_TYPE (type) || TREE_CODE (type) == ENUMERAL_TYPE, 0",3,3,6
curr_prop->regno == REGNO (dest_extension_reg),3,3,6
"""not yet on constant type"" == NULL",3,3,6
vectype_in,4,2,6
index <= gs->gimple_asm.nc,3,3,6
callee,4,2,6
"""NAMELIST where unheard of"" == NULL",3,3,6
targets.length(),3,3,6
MEM_P (dest),5,1,6
cbt == ffeglobal_hook (global),3,3,6
"TREE_CODE (fn) == FUNCTION_DECL, 0",3,3,6
wl != NULL,3,3,6
CLS_ISCLASS (receiver->class_pointer),3,3,6
node->index == NO_INDEX_ASSIGNED,4,2,6
TREE_CODE (bi_call) == GIMPLE_MODIFY_STMT || TREE_CODE (bi_call) == CALL_EXPR,3,3,6
i == n_basic_blocks,3,3,6
TREE_CODE_CLASS (code) == tcc_comparison,4,2,6
checkHashNode->theKey != aKey,3,3,6
is_init,3,3,6
name->type == clast_expr_name,3,3,6
aligned_access_p (dr),3,3,6
"TREE_CODE (decl) == RESULT_DECL, 19990828",3,3,6
ARRAY_SIZE (modenames) == T_MAX,3,3,6
weights && !bitmap_empty_p (weights),3,3,6
!stmt_modified_p (stmt),3,3,6
web->num_freedom,3,3,6
!node->alias,3,3,6
aligned_OK(chunk2mem(p)),3,3,6
loop_depth >= 0,3,3,6
__l > 0,3,3,6
node != NULL,5,1,6
__swapstart != -1,4,2,6
index <= gs->gimple_asm.nl,3,3,6
!DEBUG_INSN_P (insn),5,1,6
values_float.f1 == f1,6,0,6
DECL_RTL (var) != pc_rtx,3,3,6
"TREE_TYPE (TREE_OPERAND (fns, 0)) == current_class_type",3,3,6
parser->tokens_avail >= 1,4,2,6
HARD_REGISTER_P (x),5,1,6
decoded->canonical_option_num_elements <= 2,4,2,6
have_regs_of_mode[m],3,3,6
ffetype_size (type) == sizeof (ffetargetLogical4),3,3,6
"length > 0, 20000422",3,3,6
GET_MODE (parmreg) == TYPE_MODE (TREE_TYPE (parm)),3,3,6
__s + __l <= __b->_M_size,3,3,6
ffecom_multi_retval_ != NULL_TREE,3,3,6
"""no CONJ_EXPR support yet"" == NULL",3,3,6
this->classification_ == NAMED_OBJECT_VAR,4,2,6
*use_p != NULL_USE_OPERAND_P,3,3,6
fun,4,2,6
pb->num_subs == 0,3,3,6
GTK_IS_EVENT_BOX (widget),6,0,6
!public,3,3,6
omp_get_wtime() < (search_start + 1.0),3,3,6
file != NULL,3,3,6
"VEC_length (ce_s, *results) == 1",3,3,6
"!require_all_arguments, 0",3,3,6
sc,3,3,6
__stable == false,4,2,6
ffetype_size (type) == sizeof (ffetargetComplex1),3,3,6
!name1 || TREE_CODE (name1) == IDENTIFIER_NODE,3,3,6
ffetype_size (type) == sizeof (ffetargetInteger4),3,3,6
__pos <= this->size(),4,2,6
tv != rslt_max,4,2,6
ffestd_statelet_ == FFESTD_stateletATTRIB_ || ffestd_statelet_ == FFESTD_stateletITEM_,3,3,6
added,4,2,6
"""bad op in ICHAR"" == NULL",3,3,6
values_float.f6 == f6,6,0,6
source_length != NULL_TREE,3,3,6
last_fn_exited == foo,4,2,6
__s._M_root == __e._M_root,3,3,6
last_regno <= FIRST_PSEUDO_REGISTER,4,2,6
errorcount,5,1,6
ffetype_size (type) == sizeof (ffetargetInteger1),3,3,6
has_target_p && nops == 3,6,0,6
"vec_->prefix.num, ""pop"", T, base",3,3,6
!TREE_ASM_WRITTEN (decl),3,3,6
ffeinfo_kindtype (ffebld_info (low)) == FFEINFO_kindtypeINTEGERDEFAULT,3,3,6
newbase,3,3,6
"DECL_P (decl), 0",3,3,6
"memcmp (executable_checksum, no_checksum, 16) != 0",4,2,6
union_or_struct_p (s),4,2,6
derived && derived->attr.flavor == FL_DERIVED,3,3,6
stat,4,2,6
list != NULL,3,3,6
e2 < OMEGA_MAX_GEQS,3,3,6
CLS_ISMETA (receiver->class_pointer),3,3,6
GET_CODE (l) == SYMBOL_REF,4,2,6
"ffetype_size (type) == sizeof (((ffetargetCharacter1) { 0, NULL }).text[0])",3,3,6
__b2 != memory_order_release,6,0,6
cmpc == LE_EXPR,4,2,6
jfunc->type == IPA_JF_ANCESTOR,5,1,6
"TREE_CODE (TREE_OPERAND (stmt, 0)) == GIMPLE_MODIFY_STMT",3,3,6
src != NULL,4,2,6
values_float.f7 == f7,6,0,6
(int) (0.0+0.0),4,2,6
last,4,2,6
!init || !DECL_EXTERNAL (cbt),3,3,6
!MACHO_DYNAMIC_NO_PIC_P,4,2,6
"REG_Z == REGNO (XEXP (addr, 0)) && n_bytes <= 4",4,2,6
stack_realign_drap,4,2,6
loop->to[n] == NULL_TREE,4,2,6
(b == global_binding_level) || !ffecom_transform_only_dummies_ || TREE_CODE (x) == PARM_DECL,3,3,6
"GET_CODE (XEXP (addr, 1)) == PLUS",4,2,6
TREE_CODE (bsi_stmt (bsi)) == OMP_ATOMIC_STORE,3,3,6
(t == NULL_TREE) || (DECL_CONTEXT (x) == NULL_TREE),3,3,6
description->insns_num == insn_num + 1,3,3,6
!tail1 || TREE_CODE (tail1) == TREE_LIST,3,3,6
operation_type == base_type,4,2,6
type != NULL,3,3,6
please_no_equalities_in_simplified_problems || pb->num_subs == 0,3,3,6
ZERO + 0,4,2,6
dom_computed[dir_index] == DOM_OK,4,2,6
!l,4,2,6
expr->ts.type != BT_CHARACTER,4,2,6
GET_CODE (PATTERN (branch)) == SEQUENCE,3,3,6
is_parallel_ctx (ctx),3,3,6
*lhs_p && *rhs_p == NULL_TREE,4,2,6
this->classification_ == NAMED_OBJECT_TYPE_DECLARATION,4,2,6
ix < length (),4,2,6
"""cpu=s390""",3,3,6
"""storage size not known"" == NULL",3,3,6
"""Bad unary dotdot in ffeexpr_current_dotdot_"" == NULL",3,3,6
copy_space.c >= next_arg.c,4,2,6
ffetype_size (type) == sizeof (ffetargetReal1),3,3,6
 (seqs_begin[source].first != seqs_begin[source].second) || (i >= length - 1),3,3,6
Y == 0,6,0,6
bb->index < 0,3,3,6
SCOPE_FILE_SCOPE_P (context) || context == current_function_decl || TREE_STATIC (exp) || DECL_EXTERNAL (exp) || TREE_CODE (exp) == FUNCTION_DECL,3,3,6
!ad.indx,3,3,6
queued_reg_saves == NULL,3,3,6
r.a[0] == 1,6,0,6
loop->to[n],3,3,6
"CONST_INT_P (XEXP (addr, 1))",4,2,6
REG_P (op),5,1,6
"rb_verify_tree(r, count2)",3,3,6
"splay_tree_lookup (uncolorable_allocnos_splay_tree[cover_class], (splay_tree_key) conflict_allocno) != NULL",3,3,6
scope != NULL,4,2,6
data[i] == -1,6,0,6
loop->num_nodes,5,1,6
"""COMMON where unheard of"" == NULL",3,3,6
die->die_mark,4,2,6
MEM_P (op0),4,2,6
this->classification_ == NAMED_OBJECT_FUNC_DECLARATION,4,2,6
current_ir_type () == IR_RTL_CFGLAYOUT,4,2,6
retCache,3,3,6
a->type == type,3,3,6
LABEL_P (label),5,1,6
p->same_p == -2,3,3,6
DECL_CONTEXT (current_function_decl) == NULL_TREE,3,3,6
TREE_CODE (op) == SSA_NAME,4,2,6
this->classification_ == TOKEN_IDENTIFIER,4,2,6
TREE_CODE (t) != MODIFY_EXPR,3,3,6
! tag_transparent,3,3,6
!sym->module[0],3,3,6
__b2 != memory_order_acq_rel,6,0,6
!(n_counters % 3),4,2,6
(ffelex_token_type (integer) == FFELEX_typeNAME) || (ffelex_token_type (integer) == FFELEX_typeNUMBER),3,3,6
this->classification_ == NAMED_OBJECT_RESULT_VAR,4,2,6
"REGNO (XEXP (XEXP (dest, 0), 0)) == STACK_POINTER_REGNUM && cfa_store.reg == STACK_POINTER_REGNUM",3,3,6
INSN_P (insn) && !INSN_DELETED_P (insn),3,3,6
STMT_VINFO_DATA_REF (stmt_info) || is_pattern_stmt_p (stmt_info),3,3,6
eqst != NULL,3,3,6
sym->ts.cl && sym->ts.cl->length && sym->ts.cl->length->expr_type == EXPR_CONSTANT,3,3,6
EDGE_COUNT (entry_bb->succs) == 2,6,0,6
"""address of register var requested"" == NULL",3,3,6
*num_uses_p >= *num_loads_p + *num_stores_p,3,3,6
values_ldouble.f6 == f6,6,0,6
TREE_CODE (TREE_TYPE (arg)) == POINTER_TYPE,3,3,6
ffesta_tokens[0] != NULL,3,3,6
ad->disp_loc == NULL,3,3,6
"TREE_CODE (tmpl) == TEMPLATE_DECL, 283",3,3,6
supports_overflow_infinity (type),4,2,6
NONJUMP_INSN_P (BB_END (src_bb)),3,3,6
is_real_op || DECL_P (var),3,3,6
POINTER_TYPE_P (TREE_TYPE (parmse.expr)),2,4,6
nbits > 0 && nbits <= BITS_PER_BITPACK_WORD,3,3,6
bb == 0,3,3,6
"TREE_CODE (n) == OVERLOAD, 980715",3,3,6
bb_info,6,0,6
"TYPE_PTRMEMFUNC_P (type), 0",3,3,6
item != NULL,3,3,6
(void *)(char *)0,4,2,6
__r->_M_tag == _RopeRep::_S_concat,3,3,6
TYPE_PRECISION (type) >= TYPE_PRECISION (TREE_TYPE (e)),3,3,6
was_incomplete,3,3,6
cif->abi == FFI_GCC_SYSV,3,3,6
mode == Pmode,5,1,6
evolution_part != NULL_TREE,3,3,6
USE_FROM_PTR (use_p) == USE_FROM_PTR (head),3,3,6
__r->_M_c_string == __r->_M_data,3,3,6
bitnum >= 0 && bitnum < max_bitnum,3,3,6
CLS_ISCLASS (super_class),3,3,6
__curr_depth <= _RopeRep::_S_max_rope_depth,3,3,6
this->classification_ == NAMED_OBJECT_UNKNOWN,4,2,6
ffestc_statelet_ == FFESTC_stateletATTRIB_ || ffestc_statelet_ == FFESTC_stateletITEM_,3,3,6
!ad.base || REGNO_OK_FOR_BASE_P (REGNO (ad.base)),3,3,6
(TREE_STATIC (decl) == 1) || DECL_EXTERNAL (decl) == 1,3,3,6
values_float.f0 == f0,6,0,6
!only_notes,3,3,6
!(n_counters % 4),4,2,6
this->classification_ == NAMED_OBJECT_FUNC,4,2,6
GET_CODE (operand) == CONST_INT,3,3,6
stmt == bsi_stmt (*bsi),3,3,6
n_glyphs != NULL,3,3,6
HOST_BITS_PER_WIDE_INT == 2 * HOST_BITS_PER_LONG,4,2,6
(flags & (SSA_OP_DEF | SSA_OP_VIRTUAL_DEFS)) != 0,3,3,6
current_template_parms,4,2,6
"DECL_CONTEXT (decl) == NULL_TREE, 980404",3,3,6
"!TEST_BIT (visited, bb->index)",3,3,6
c == str[0],3,3,6
actual == total_len / 2,4,2,6
"""kind unheard of"" == NULL",3,3,6
curr_prop,3,3,6
base_aligned || (TREE_CODE (base) == VAR_DECL && DECL_ALIGN (base) >= TYPE_ALIGN (vectype)),3,3,6
var->var_part[0].offset == 0,3,3,6
"GET_CODE (XEXP (src, 1)) == PLUS && CONST_INT_P (val)",3,3,6
TREE_CODE (t) == CALL_EXPR,4,2,6
decoder != NULL,4,2,6
ffecom_which_entrypoint_decl_ == NULL_TREE,3,3,6
prev_inuse(p),3,3,6
__left->get_allocator() == __right->get_allocator(),3,3,6
s2var->var_part[0].offset == 0,3,3,6
ffesymbol_init (s) == NULL,3,3,6
"INDEX_EDGE_PRED_BB (el, edge_index) != EXIT_BLOCK_PTR",3,3,6
constructor_stack->implicit,4,2,6
context != NULL,4,2,6
gimple_phi_num_args (phi) == 2,3,3,6
avail_reg,4,2,6
ffetype_size (type) == sizeof (ffetargetLogical1),3,3,6
vprime,3,3,6
DECL_P (pvar),6,0,6
dest,6,0,6
!ad.base || REG_OK_FOR_BASE_STRICT_P (ad.base),3,3,6
et != NULL_TREE,3,3,6
"count == GFC_DESCRIPTOR_EXTENT(b,0)",6,0,6
*glyphs != NULL,3,3,6
(_M_p >= 0.0) && (_M_p <= 1.0),4,2,6
"""bad state"" == NULL",3,3,6
tb_base,4,2,6
"operand_equal_p (TYPE_SIZE_UNIT (t1), TYPE_SIZE_UNIT (t2), 0)",3,3,6
"rval != error_mark_node, 250",3,3,6
r.a[0] == -1,6,0,6
sa == FFESYMBOL_attrsetNONE,3,3,6
label,3,3,6
do_store_ccp,3,3,6
! INSN_DELETED_P (insn),3,3,6
memmode != VOIDmode,6,0,6
cfi_cfa->dw_cfi_opc != DW_CFA_def_cfa_expression,3,3,6
__insertee->_M_depth <= __r->_M_depth + 1,3,3,6
GET_MODE_CLASS (TYPE_MODE (inner_type)) != MODE_COMPLEX_INT,4,2,6
ffetype_size (type) == sizeof (ffetargetLogical2),3,3,6
"""system=lynx""",3,3,6
"r == t || CONVERT_EXPR_P (t) || TREE_CODE (t) == VIEW_CONVERT_EXPR || (TREE_CONSTANT (t) && !TREE_CONSTANT (r)) || !cp_tree_equal (r, t)",4,2,6
!recurse,3,3,6
node->lowered,3,3,6
!cleanup_control_flow (),3,3,6
values_double.f3 == f3,6,0,6
"""FUNCTION where unheard of"" == NULL",3,3,6
values_ldouble.f4 == f4,6,0,6
!(sa & ~(FFESYMBOL_attrsADJUSTS | FFESYMBOL_attrsARRAY | FFESYMBOL_attrsCOMMON | FFESYMBOL_attrsEQUIV | FFESYMBOL_attrsINIT | FFESYMBOL_attrsNAMELIST | FFESYMBOL_attrsSAVE | FFESYMBOL_attrsSFARG | FFESYMBOL_attrsTYPE)),3,3,6
UNION_OR_STRUCT_P (s),3,3,6
r.a[4] == 0,6,0,6
left_conflicts_size >= size,3,3,6
__count >= 1,3,3,6
"""bad rttype"" == NULL",3,3,6
"cpp_reader *pfile, const char *str",4,2,6
(flags & (SSA_OP_USE | SSA_OP_VIRTUAL_USES)) != 0,3,3,6
"rb_verify_tree(l, count1)",3,3,6
values_ldouble.f1 == f1,6,0,6
(unsigned) base_committed % g_pagesize == 0,3,3,6
"""machine=x86_64""",3,3,6
TREE_CODE (base) != MISALIGNED_INDIRECT_REF,3,3,6
state->nsrn < N_V_ARG_REG,3,3,6
!specs->long_p && !specs->long_long_p && !specs->short_p && !specs->signed_p && !specs->unsigned_p && !specs->complex_p,4,2,6
first_clone == cgraph_get_node (first_clone->decl),3,3,6
"""address of register variable requested"" == NULL",3,3,6
r == -33,6,0,6
!gsi_end_p (gsi),5,1,6
"""bsearch doesn't work, #define FFEPROJ_BSEARCH 0 in proj.h"" == NULL",3,3,6
(unsigned) memory_info.BaseAddress % g_pagesize == 0,3,3,6
!node->output,3,3,6
"""bad CHARACTER constant kind type"" == NULL",3,3,6
"host_integerp (TREE_OPERAND (e, 0), 0)",3,3,6
"!bitmap_bit_p (visited, bb->index)",4,2,6
CLS_ISCLASS ((Class)receiver),3,3,6
"""system=xpg4""",3,3,6
STMT_VINFO_VECTYPE (stmt_info) == vectype_out,3,3,6
*(old->use) == *(node->use),3,3,6
entry_calls == 2 && exit_calls == 2,4,2,6
"!pointer_map_contains (sccstate, type)",3,3,6
slot_num >= 0,3,3,6
"""cpu=i386""",3,3,6
r.a[1] == -1,6,0,6
jfunc->type == IPA_JF_KNOWN_TYPE,3,3,6
(int) +0.0,4,2,6
part != NO_PARTITION,4,2,6
last_fn_exited == foo2,4,2,6
d->flag,4,2,6
"TREE_TYPE (*field) == basetype, 23897",3,3,6
this->statements_ == NULL,4,2,6
ffebld_op (dummy) == FFEBLD_opSYMTER,3,3,6
*(linknode->use) == def,3,3,6
__forest[__i] == 0,3,3,6
"PHI_ARG_DEF_FROM_EDGE (update_phi2, new_exit_e) == loop_arg",4,2,6
"t != NULL_TREE && TREE_CODE (t) == PARM_DECL, 162",3,3,6
*(ip->newivs) && ip->newivs_index,3,3,6
vec->desc != NULL,3,3,6
i < gimple_num_ops (gs),4,2,6
is_gimple_ip_invariant (input),3,3,6
known_niter,3,3,6
gdk_pixbuf_get_has_alpha (pixbuf),4,2,6
ar->dimen_type[dim] == DIMEN_RANGE,3,3,6
values_double.f5 == f5,6,0,6
GET_MODE (x) == SFmode,3,3,6
values_float.f3 == f3,6,0,6
CLS_ISCLASS (impostor),3,3,6
BARRIER_P (barrier),4,2,6
ref_node,3,3,6
args && TREE_CHAIN (args) == NULL_TREE,3,3,6
c_parser *parser,4,2,6
"GET_CODE (XEXP (x, 0)) == REG",4,2,6
"ZERO_SSA_OPERANDS (stmt, SSA_OP_ALL_VIRTUALS)",3,3,6
"TREE_OPERAND (rhs, 0), code, e, bsi",3,3,6
seqs_begin[t].first != seqs_begin[t].second,3,3,6
"""machine=i386""",3,3,6
expr == NULL,3,3,6
cbt == ffeglobal_hook (g),3,3,6
(((char *)element - (char *)root) % sizeof (struct phi_arg_d)) == 0 && index < gimple_phi_capacity (phi),3,3,6
VECTOR_MODE_P (GET_MODE (trueop0)),4,2,6
lss_section != gfc_ss_terminator,4,2,6
ffecom_which_entrypoint_decl_ != NULL_TREE,3,3,6
prec <= HOST_BITS_PER_WIDE_INT,2,4,6
ZERO + ZERO,4,2,6
id < 64,3,3,6
TREE_CODE (pvar) == INDIRECT_REF,6,0,6
is_gimple_val (def),3,3,6
"""system=embedded""",4,2,6
"""machine=sparc""",3,3,6
GTK_WIDGET_REALIZED (widget),3,3,6
node == cgraph_get_node (node->decl),3,3,6
this->classification_ == NAMED_OBJECT_TYPE,4,2,6
values_double.f0 == f0,6,0,6
__b != memory_order_acquire,6,0,6
!Is_Packed (gnat_entity),3,3,6
GET_CODE (op) == CONST_INT || GET_CODE (op) == CONST_DOUBLE || GET_CODE (op) == CONST_VECTOR,5,1,6
"""bad op for eqv init (pad)"" == NULL",3,3,6
TYPE_PRECISION (ffecom_f2c_ftnlen_type_node) >= TYPE_PRECISION (TREE_TYPE (size)),3,3,6
sizeof (long) == sizeof (word),4,2,6
gfc_option.coarray == GFC_FCOARRAY_LIB,3,3,6
out_p,4,2,6
!gsi_end_p (gsi) && gimple_code (gsi_stmt (gsi)) == GIMPLE_OMP_RETURN,5,1,6
ptr->iter_type == ssa_op_iter_def,3,3,6
label < graph->size,4,2,6
"""can't mark_addressable this node!"" == NULL",3,3,6
ffetype_size (type) == sizeof (ffetargetComplex2),3,3,6
this->classification_ == NAMED_OBJECT_CONST,4,2,6
this->classification_ == NAMED_OBJECT_PACKAGE,4,2,6
__b2 <= __b1,6,0,6
last_slot && *last_slot,3,3,6
"cond, op",3,3,6
TYPE_PRECISION (type) <= TYPE_PRECISION (TREE_TYPE (e)),3,3,6
"!Unknown_Esize (gnat_entity) || Has_Size_Clause (gnat_entity) || (!IN (kind, Numeric_Kind) && !IN (kind, Enumeration_Kind) && (!IN (kind, Access_Kind) || kind == E_Access_Protected_Subprogram_Type || kind == E_Anonymous_Access_Protected_Subprogram_Type || kind == E_Access_Subtype))",3,3,6
TREE_CODE (base) != ALIGN_INDIRECT_REF,3,3,6
"GET_CODE (XEXP (src, 0)) == REG && REGNO (XEXP (src, 0)) == cfa_temp_reg",3,3,6
!chunk_is_mmapped(p),3,3,6
"""atof not type double, fix your #include <stdio.h>"" == NULL",3,3,6
h || uid == 0,3,3,6
beg_interval,3,3,6
i != 0,6,0,6
values_ldouble.f2 == f2,6,0,6
DECL_P (decl) && TREE_CODE (decl) != FUNCTION_DECL,3,3,6
!node->nested,3,3,6
"""BLOCKDATA where unheard of"" == NULL",3,3,6
ubound,4,2,6
ffelex_token_type (name) == FFELEX_typeNAME,3,3,6
node->clones == next_inline_clone,3,3,6
"pfile, symname, sym_length, hashcode",3,3,6
!lto_stream_as_builtin_p (result),3,3,6
"""arg type?"" == NULL",3,3,6
"(keyword == RID_TRANSACTION_ATOMIC || keyword == RID_TRANSACTION_RELAXED) && c_parser_next_token_is_keyword (parser, keyword)",4,2,6
sz != FFETARGET_charactersizeNONE,3,3,6
find_single_entry_edge (region),3,3,6
"ix_ + len_ <= vec_->prefix.num, ""block_remove"", T, base",3,3,6
GET_CODE (addr) == REG,5,1,6
chrec_type (poly0) == chrec_type (poly1),3,3,6
TREE_CODE (def_stmt) == PHI_NODE,3,3,6
"dstslot == shared_hash_find_slot_noinsert_1 (dst->vars, dv, dvhash)",4,2,6
current_function_decl != NULL_TREE,3,3,6
op1 && op2,3,3,6
ira_reg_classes_intersect_p [ALLOCNO_CLASS (a)][ALLOCNO_CLASS (another_a)],4,2,6
TREE_CODE (var) == VAR_DECL,4,2,6
find_single_exit_edge (region),3,3,6
ptr->iter_type == ssa_op_iter_use,3,3,6
"""bad hook state"" == NULL",3,3,6
block != ENTRY_BLOCK_PTR,3,3,6
fn_decl,3,3,6
"""cpu=sparc""",3,3,6
"""bad LOGICAL constant kind type"" == NULL",3,3,6
cgraph_function_flags_ready,3,3,6
e2,4,2,6
length >= nelt_mode,4,2,6
!cleanup_forwarder_blocks (),3,3,6
type == type_main_variant (type),3,3,6
"vec_ && vec_->prefix.num, ""last"", T, base",3,3,6
_M_start + _M_size <= _M_base->_M_size,3,3,6
"TREE_CODE (name) == IDENTIFIER_NODE, 0",3,3,6
GET_MODE_NUNITS (TYPE_MODE (STMT_VINFO_VECTYPE (stmt_info))) == vectorization_factor,3,3,6
NOTE_LINE_NUMBER (insn) != NOTE_INSN_BLOCK_BEG && NOTE_LINE_NUMBER (insn) != NOTE_INSN_BLOCK_END,3,3,6
nregs == n,4,2,6
"""SUBROUTINE where unheard of"" == NULL",3,3,6
values_double.f1 == f1,6,0,6
info->subscript[dim] && info->subscript[dim]->type == GFC_SS_SCALAR,3,3,6
"c_parser_next_token_is (parser, CPP_OPEN_BRACE)",4,2,6
"TREE_CODE (delta) == INTEGER_CST, 19990727",3,3,6
"TREE_TYPE (field) == basetype, 23897",3,3,6
"memcmp (&b, &c, sizeof(c)) == 0",6,0,6
ffetype_size (type) == sizeof (ffetargetInteger2),3,3,6
bb_index < (unsigned) last_basic_block,3,3,6
!BYTES_BIG_ENDIAN,4,2,6
"ix_ < vec_->prefix.num, ""replace"", T, base",3,3,6
TREE_CODE (bsi_stmt (bsi)) == OMP_ATOMIC_LOAD,3,3,6
args == NULL_TREE,4,2,6
(flags & SSA_OP_ALL_DEFS) == 0 && (flags & SSA_OP_USE),3,3,6
length != NULL_TREE,3,3,6
"""machine=ms1""",3,3,6
new_insns >= 0,3,3,6
!is_gimple_reg (name),3,3,6
TREE_CODE (t) != SSA_NAME,3,3,6
!name2 || TREE_CODE (name2) == IDENTIFIER_NODE,3,3,6
!(sizeOfHash & (sizeOfHash - 1)),3,3,6
"symname, sym_length, hashcode",3,3,6
TREE_CODE (t) == FUNCTION_DECL,3,3,6
__start_pos + __req_len <= _M_size,3,3,6
code != -1,3,3,6
imode != BLKmode,4,2,6
!compute_in_loop,4,2,6
win != NULL,4,2,6
!MASK_EMPTY (uninit_opnds2),3,3,6
__i < __r->_M_size,3,3,6
LST_LOOP_P (lst),3,3,6
TREE_CODE (t) == INTEGER_CST,4,2,6
"operand_equal_p (TYPE_SIZE (t1), TYPE_SIZE (t2), 0)",3,3,6
cst == ffesymbol_storage (cs),3,3,6
"""machine=bigendian""",5,1,6
ira_hard_regno_cover_class[regno] == cover_class,3,3,6
values_double.f4 == f4,6,0,6
h == to,3,3,6
values_float.f4 == f4,6,0,6
"""storage size not constant"" == NULL",3,3,6
allocno1 >= 0 && allocno1 < max_allocno,3,3,6
r.a[1] == -2,6,0,6
node->clones != next_inline_clone,3,3,6
"TREE_CODE (value) == INTEGER_CST, 243",3,3,6
varpool_nodes == node,3,3,6
entry_calls == 3 && exit_calls == 3,4,2,6
alignment_support_scheme,4,2,6
ffecom_primary_entry_ != NULL,3,3,6
*ptr,5,1,6
tag,3,3,6
source_tree != NULL_TREE,3,3,6
!ir_type (),3,3,6
repl_found,3,3,6
cl->add_mode,3,3,6
ffesymbol_hook (fn).decl_tree == NULL_TREE,3,3,6
dest_length != NULL_TREE,3,3,6
(flags & SSA_OP_ALL_USES) == 0 && (flags & SSA_OP_DEF),3,3,6
is_gimple_stmt (t),3,3,6
pos_beg<=pos_end,3,3,6
storage_class == csc_none && !threadp && !declspecs->inline_p && !declspecs->noreturn_p,4,2,6
(_M_p > 0.0) && (_M_p < 1.0),4,2,6
GET_MODE (x) == GET_MODE (data->entry_parm),3,3,6
(void *)(void *)0,4,2,6
!is_top_level,3,3,6
get() != 0,3,3,6
MEM_P (op),3,3,6
ffetype_size (type) == sizeof (ffetargetReal2),3,3,6
dest_tree != NULL_TREE,3,3,6
Present (field),4,2,6
curr_bb_hash,3,3,6
ffetype_size (type) == sizeof (ffetargetInteger3),3,3,6
"TREE_CALLS_NEW (TREE_VALUE (parm)), 323",3,3,6
DECL_BIT_FIELD_TYPE (decl),3,3,6
values_ldouble.f3 == f3,6,0,6
res != DEP_CHANGED,3,3,6
TARGET_OLDABI,4,2,6
"""bad op for cmn init (pad)"" == NULL",3,3,6
sizeOfHash,3,3,6
src_mode == TYPE_MODE (TREE_TYPE (var)),3,3,6
values_ldouble.f7 == f7,6,0,6
TREE_VALUE (typelist) == void_type_node,3,3,6
ffelex_raw_mode_ == 0,3,3,6
"(void *)(&""Foobar""[0] - &""Foobar""[0])",4,2,6
gimple_code (stmt) == GIMPLE_COND,4,2,6
top_level,3,3,6
VAR_P (decl),6,0,6
rvalue < 0,3,3,6
"dst_->prefix.num + len_ <= dst_->prefix.alloc, ""splice"", T, base",3,3,6
range > 0 && range < 0x7fffffff,4,2,6
__node_start_pos + __len == __x._M_current_pos,3,3,6
"!cgraph_edge (caller, call_stmt)",3,3,6
"""bad unit kind"" == NULL",3,3,6
derived->f2k_derived,3,3,6
str.c == c,6,0,6
in_p,4,2,6
byte < GET_MODE_SIZE (innermode),4,2,6
"TREE_CODE (decl) == FUNCTION_DECL, 0",3,3,6
ffeste_statelet_ == FFESTE_stateletATTRIB_ || ffeste_statelet_ == FFESTE_stateletITEM_,3,3,6
regs_to_pop == (1 << STACK_POINTER),4,2,6
ffecom_pending_calls_ != 0,3,3,6
__b != memory_order_consume,6,0,6
ss2 == gfc_ss_terminator,3,3,6
!(flags & (OEP_ADDRESS_OF | OEP_CONSTANT_ADDRESS_OF)),3,3,6
!err,4,2,6
ret != error_mark_node,4,2,6
values_double.f7 == f7,6,0,6
!TREE_OVERFLOW (gnu_result),4,2,6
run != NULL,3,3,6
ira_reg_classes_intersect_p [cover_class][ALLOCNO_COVER_CLASS (conflict_a)],3,3,6
TREE_CODE (TYPE_MIN_VALUE (domain_type)) == INTEGER_CST,4,2,6
ffesta_current_handler_ != NULL,3,3,6
insn && INSN_P (insn),4,2,6
n10 == e10,6,0,6
extension_expr,3,3,6
"is_sorted(target, target + length, comp)",3,3,6
k != NULL,6,0,6
__x._M_current_pos <= __x._M_root->_M_size,3,3,6
!inv_p,4,2,6
_S_min_len[__i] <= __insertee->_M_size,3,3,6
NONDEBUG_INSN_P (occr->insn),4,2,6
(int) (double)0.0,4,2,6
skip_evaluation,3,3,6
"memory_address_p (GET_MODE (ref), base)",4,2,6
bb->index < NUM_FIXED_BLOCKS,3,3,6
val >= min && val <= max && range > 0 && range < 0x7fffffff,4,2,6
df,4,2,6
values_float.f5 == f5,6,0,6
ffetype_size (type) == sizeof (ffetargetLogical3),3,3,6
GET_MODE_CLASS (TYPE_MODE (inner_type)) != MODE_COMPLEX_FLOAT,4,2,6
s > 0,4,2,6
bsi_stmt (si) && TREE_CODE (bsi_stmt (si)) == OMP_FOR,3,3,6
"compare_values (vr1.max, zero) == -1",3,3,6
"lookup_stmt_eh_region_fn (id->src_cfun, orig_stmt) != 0",3,3,6
expr->ts.kind == 1,3,3,6
TREE_CODE (namespace) == NAMESPACE_DECL,3,3,6
"!REG_P (dest_rtx) || dest_mode == promote_decl_mode (var, &unsignedp)",3,3,6
gimple_num_ops (gs) == 1,3,3,6
!C_MAYBE_CONST_EXPR_INT_OPERANDS (arg),4,2,6
((unsigned long) stacktop.c & 0xF) == 0,4,2,6
values_double.f2 == f2,6,0,6
GET_CODE (trueop1) == PARALLEL,4,2,6
"vec_ ? vec_->prefix.num >= size_ : !size_, ""truncate"", T, base",3,3,6
"""PROGRAM where unheard of"" == NULL",3,3,6
"TREE_CODE (name) == TYPE_DECL, 248",3,3,6
_M_size > 0,3,3,6
values_ldouble.f5 == f5,6,0,6
values_ldouble.f0 == f0,6,0,6
"host_integerp (t, pos)",2,4,6
loop->single_exit,3,3,6
"""bad case value"" == NULL",3,3,6
"(!both_p && !fallback_p) || !strncmp (name, ""__builtin_"", strlen (""__builtin_""))",4,2,6
(unsigned) ptr % g_regionsize == 0,3,3,6
"alloc_ >= 0, ""space"", T, base",3,3,6
sched_pressure_p,3,3,6
TREE_CODE (cst) == INTEGER_CST,4,2,6
TREE_CODE (TREE_TYPE (expr)) == POINTER_TYPE,3,3,6
"TREE_CODE (fn) == FUNCTION_DECL, 19990727",3,3,6
curr_insn_set != NULL_RTX,4,2,6
TREE_CODE (length) == PARM_DECL,3,2,5
!last_set_in[regno],3,2,5
nentries != NULL,3,2,5
"__is_sorted((*__s).first, (*__s).second, __comp)",3,2,5
GET_CODE (src) == PLUS,3,2,5
pass->type == SIMPLE_IPA_PASS || pass->type == IPA_PASS,5,0,5
!DECL_ASSEMBLER_NAME_SET_P (decl),3,2,5
INSN_P (insn) && INSN_P (elem) && insn != elem,3,2,5
TREE_CODE (TYPE_SIZE_UNIT (TREE_TYPE (TREE_TYPE (ctor)))) == INTEGER_CST,3,2,5
inq->iolength != NULL,3,2,5
REG_P (reg) || GET_CODE (reg) == SUBREG,3,2,5
java_positions != NULL,3,2,5
!(flags & OEP_ADDRESS_OF),5,0,5
se->loop,3,2,5
regno + nregs <= FIRST_PSEUDO_REGISTER,3,2,5
val && isl_val_is_int (val),3,2,5
__s != 0,3,2,5
!p2->clause[i] || p2->clause [i] > p2->clause[i + 1],3,2,5
TARGET_ARCH64,3,2,5
"PHI_ARG_DEF_FROM_EDGE (update_phi, e) == loop_arg || PHI_ARG_DEF_FROM_EDGE (update_phi, e) == guard_arg",3,2,5
BUILTIN_VALID_P (fncode),5,0,5
gr->pattern != NULL,3,2,5
code->expr2->expr_type == EXPR_VARIABLE,4,1,5
"same_type_ignoring_top_level_qualifiers_p (TREE_TYPE (object), decl_type_context (field))",3,2,5
GC_thr_initialized,3,2,5
!(TREE_CODE (gnu_new_type) == ARRAY_TYPE && TREE_CODE (gnu_old_type) == ARRAY_TYPE && TYPE_NONALIASED_COMPONENT (gnu_new_type) != TYPE_NONALIASED_COMPONENT (gnu_old_type)),3,2,5
_String != 0,3,2,5
shift >= 0,3,2,5
ignore,3,2,5
select_code->op == EXEC_SELECT,3,2,5
GET_CODE (x) == CONST,3,2,5
i != NO_PARTITION,3,2,5
"""cpu=arm""",3,2,5
temp_node->preorder_num == i + node_preorder_num,3,2,5
loop != NULL,4,1,5
! list->method_next,3,2,5
gimple_debug_source_bind_p (dbg),5,0,5
LTM_COLSIZE (trans) == nb_loops && LTM_ROWSIZE (trans) == nb_loops,3,2,5
ar->start[n] == NULL,3,2,5
problem->remove_problem_fun,3,2,5
TREE_CODE (TREE_TYPE (array)) == ARRAY_TYPE,3,2,5
_String != 0 || _Len == 0,3,2,5
gsi_stmt (gsi_tgt) == copy,3,2,5
ws_ix == NUM_GCOV_WORKING_SETS,3,2,5
w->head == w->tail,5,0,5
gimple_call_num_args (stmt) == 3,4,1,5
"!(for_propagation && TREE_CODE (op) == SSA_NAME && TREE_CODE (val) == SSA_NAME && !may_propagate_copy (op, val))",3,2,5
info->time == info->self_time && info->size == info->self_size,3,2,5
inq != NULL,3,2,5
draw != NULL,3,2,5
EBB_FIRST_BB (bb) == first_bb,3,2,5
ar->stride[n] == NULL,3,2,5
!(pred->flags & EDGE_ABNORMAL),3,2,5
"sparseset_bit_p (active_defs_check, regno)",3,2,5
Rbase (ur_realval) == 2,3,2,5
ok_p,3,2,5
"!REG_P (dest_rtx) || dest_mode == promote_ssa_mode (name, &unsignedp)",3,2,5
! CLS_ISMETA (class),3,2,5
DECL_COMDAT (node->decl) == DECL_COMDAT (decl_node->decl),3,2,5
coverage_node_map_initialized_p (),4,1,5
target->specific && !target->specific->is_generic,3,2,5
*attrib,3,2,5
!grouped_load,3,2,5
newsize > 0,3,2,5
"types_compatible_p (srctype, rettype) && types_compatible_p (srctype, masktype)",3,2,5
count >= 0,4,1,5
num_regs && num_regs <= 16,4,1,5
cond1 == cond2,5,0,5
"EDGE_COUNT (loop2_entry_bb->preds) == 2 && ((EDGE_PRED (loop2_entry_bb, 0)->src == loop1_exit_bb && EDGE_PRED (loop2_entry_bb, 1)->src == loop1_entry_bb) || (EDGE_PRED (loop2_entry_bb, 1)->src == loop1_exit_bb && EDGE_PRED (loop2_entry_bb, 0)->src == loop1_entry_bb))",3,2,5
!(multi_step_cvt && op_type == binary_op),3,2,5
GET_CODE (operands[0]) == MEM,3,2,5
TREE_CODE (t1) == POINTER_TYPE && TREE_CODE (t2) == POINTER_TYPE,3,2,5
!alias_pairs || !alias_pairs->length (),3,2,5
native_pixels != NULL,3,2,5
tmp != NULL_TREE,3,2,5
loop->latch != EXIT_BLOCK_PTR_FOR_FN (cfun),5,0,5
ret == Z_DATA_ERROR,5,0,5
TREE_CODE (ptr) == SSA_NAME,3,2,5
use_type != IPA_REF_ALIAS || !stmt,3,2,5
id,3,2,5
!comp_head,3,2,5
pixeldata != NULL,3,2,5
prec < HOST_BITS_PER_WIDE_INT,5,0,5
flags & FLAG_ARG_NEEDS_COPY,3,2,5
TREE_CODE (gnu_decl) == TYPE_DECL,3,2,5
TREE_CODE (max) == INTEGER_CST,3,2,5
((unsigned) (char *) stacktop & 0xF) == 0,3,2,5
omp_get_wtime() < (__search_start + 1.0),3,2,5
TREE_CODE (call_exp) == CALL_EXPR,3,2,5
TREE_STATIC (sym->backend_decl),3,2,5
in_lto_p || flag_lto,3,2,5
expr && expr->expr_type == EXPR_VARIABLE,3,2,5
_iter != _S_mem_blocks.end(),3,2,5
__bpi == _S_mem_blocks.end(),3,2,5
arg.linear_step != 0,3,2,5
pixmap != NULL,4,1,5
TREE_CODE (x) == MODIFY_EXPR,3,2,5
 !__tls[__i]->_M_leftover_parts.pop_back(__dummy),3,2,5
!i,3,2,5
loop_num == loop->num,3,2,5
"df_reg_chain_mark (DF_REG_EQ_USE_CHAIN (i), i, false, true) == DF_REG_EQ_USE_COUNT(i)",3,2,5
insn != BB_HEAD (bb),3,2,5
is_sse,3,2,5
bb2 != NULL,5,0,5
handled_component_p (ref),2,3,5
"!(TYPE_P (node) && TYPE_P (candidate) && same_type_p (node, candidate))",3,2,5
node->created_for,3,2,5
parser->tokens[0].type != CPP_PRAGMA_EOL,3,2,5
"c_parser_next_token_is_keyword (parser, RID_AT_TRY)",3,2,5
!exp || SCOPE_FILE_SCOPE_P (context) || context == current_function_decl || TREE_STATIC (exp) || DECL_EXTERNAL (exp) || TREE_CODE (exp) == FUNCTION_DECL,3,2,5
_M_cur != _M_path->_M_cmpts.begin(),3,2,5
val->bases[j] == base,3,2,5
reg_renumber[i] >= 0,3,2,5
0 <= __split_pos && __split_pos < (__end - __begin),3,2,5
TARGET_HAS_XFLOATING_LIBS,3,2,5
INTEGRAL_TYPE_P (type),4,1,5
src_mode == TYPE_MODE (TREE_TYPE (name)),3,2,5
alg != libcall,3,2,5
conflict_size < before_conflict_size,3,2,5
"rtx_equal_p (op1, XEXP (cond, 1))",3,2,5
"!nested_in_vect_loop_p (loop, stmt)",3,2,5
code == PLUS_EXPR || code == MINUS_EXPR,3,2,5
family_name != NULL,3,2,5
nref != LCC_NOT_FOUND,3,2,5
"TREE_CODE (TREE_OPERAND (getter, 0)) == VAR_DECL",3,2,5
node1->key != key,3,2,5
index_map[base] < count,3,2,5
DR_MISALIGNMENT (dr) / dr_size == DR_MISALIGNMENT (dr_peel) / dr_peel_size,3,2,5
__objc_uninstalled_dtable,3,2,5
n->decl == node->decl,3,2,5
op1,3,2,5
slot != NULL,4,1,5
"df_reg_chain_mark (DF_REG_DEF_CHAIN (i), i, true, false) == DF_REG_DEF_COUNT(i)",3,2,5
GET_CODE (operands[0]) == REG,3,2,5
context != NULL_TREE,3,2,5
fi != NULL,3,2,5
x == num,3,2,5
__begin <= __split_pos1 && __split_pos1 < __end,3,2,5
cfun == fn,4,1,5
res != NULL,3,2,5
*__puse_count != 0,3,2,5
tattr,3,2,5
se->loop->dimen == 1,4,1,5
r != NULL,3,2,5
klass,4,1,5
MEM_P (result),3,2,5
"CONST_INT_P (XEXP (rtl, 1))",3,2,5
TREE_CODE (ce.value) != TARGET_EXPR && TREE_CODE (ce.value) != AGGR_INIT_EXPR,3,2,5
Z == 0,5,0,5
(_M_t >= _IntType(0)) && (_M_p >= 0.0) && (_M_p <= 1.0),3,2,5
partition >= 0 && partition <= (int) num_var_partitions (map),3,2,5
odr_violation_reported,4,1,5
java_codes != NULL,3,2,5
"REG_P (XEXP (x, 0))",4,1,5
TREE_CODE (cached_lhs) == SSA_NAME || is_gimple_min_invariant (cached_lhs),3,2,5
"DECL_ARTIFICIAL (decl) || !strncmp (IDENTIFIER_POINTER (DECL_NAME (decl)), ""__"", 2)",3,2,5
NULL == ff->pending_exception,5,0,5
hash (p1) == hash (p2),3,2,5
var->onepart,5,0,5
TARGET_ALTIVEC,3,2,5
cpp_in,4,1,5
se->loop != NULL,3,2,5
NOTE_P (x) || LABEL_P (x),4,1,5
!node->alias && !node->thunk.thunk_p,3,2,5
stmt == gsi_stmt (*gsi),3,2,5
next != NULL,3,2,5
decl_function_context (expr) == NULL,3,2,5
info->ref->u.ar.dimen_type[n] == DIMEN_RANGE,3,2,5
ior_code != CODE_FOR_nothing,4,1,5
!TARGET_SPLIT,3,2,5
GET_CODE (par) == PARALLEL,4,1,5
more_issue >= 0,3,2,5
TREE_CODE (result) == INDIRECT_REF || TREE_CODE (result) == NULL_EXPR || DECL_P (result),3,2,5
this == rhs.m_view,5,0,5
optype0 != RNDOP && optype1 != RNDOP,3,2,5
new_expr,3,2,5
REG_P (operands[1]),5,0,5
!equiv_p || exp1->hash == exp2->hash,3,2,5
!e || !(e->flags & EDGE_COMPLEX),3,2,5
re,3,2,5
!vnode->analyzed || prevailing_node->analyzed,3,2,5
!(saved_regs_mask & (1 << SP_REGNUM)),4,1,5
TREE_CODE (format_num_expr) == INTEGER_CST && !TREE_INT_CST_HIGH (format_num_expr),2,3,5
protos->next == 0,3,2,5
!JUMP_P (insn),3,2,5
GET_MODE (addr) == DImode,3,2,5
TREE_CODE (var) == VAR_DECL || TREE_CODE (var) == PARM_DECL || TREE_CODE (var) == RESULT_DECL || TREE_CODE (var) == STRING_CST,2,3,5
IS_EXPR_CODE_CLASS (tclass),3,2,5
regno >= 0,5,0,5
object_class,3,2,5
!_M_at_end,3,2,5
array->ref_count == 1,3,2,5
control_name == NULL_TREE && SSA_NAME_VAR (res) == SSA_NAME_VAR (control),3,2,5
pub->die->die_mark,3,2,5
op && CONSTANT_CLASS_P (op),3,2,5
!uses,3,2,5
TREE_CODE (decl) == FUNCTION_DECL || (TREE_CODE (decl) == VAR_DECL && (TREE_STATIC (decl) || DECL_EXTERNAL (decl) || in_lto_p)),3,2,5
TREE_TYPE (arg) != NULL_TREE,3,2,5
sched_pressure == SCHED_PRESSURE_WEIGHTED,4,1,5
decl_function_context (expr) == NULL || TREE_STATIC (expr),3,2,5
! (size & (size - 1)),3,2,5
"""system=NetBSD""",3,2,5
GET_CODE (PATTERN (insn)) == PARALLEL,3,2,5
edge->aux,3,2,5
GET_CODE (cond) == comp,3,2,5
"df_reg_chain_mark (DF_REG_USE_CHAIN (i), i, false, false) == DF_REG_USE_COUNT(i)",3,2,5
MAYBE_CLASS_TYPE_P (TREE_TYPE (getter)),3,2,5
s <= SREAL_BITS,3,2,5
phi_info,3,2,5
gr->pattern_surface != NULL,3,2,5
ns->proc_name && !ns->proc_name->tlink,3,2,5
!cinsn,3,2,5
!callee->global.inlined_to,5,0,5
!TREE_ADDRESSABLE (type) && !ignore && TREE_TYPE (treeop1) != void_type_node && TREE_TYPE (treeop2) != void_type_node,3,2,5
arc->insn,4,1,5
si->node_mapping[n] == n,4,1,5
SA.partition_to_pseudo[part] == x,3,2,5
rref->u.ar.dimen_type[n] == DIMEN_ELEMENT && lref->u.ar.dimen_type[n] == DIMEN_ELEMENT,3,2,5
HOST_BITS_PER_WIDE_INT * 2 <= MAX_BITSIZE_MODE_ANY_INT,3,2,5
CLS_ISCLASS (class1),3,2,5
__s != 0 || __n == 0,3,2,5
map->partition_to_base_index[q] == map->partition_to_base_index[p],3,2,5
fmt->b != 10,3,2,5
GET_CODE (pat) == PARALLEL,4,1,5
s->h_next,5,0,5
code != CODE_FOR_nothing,4,1,5
to == STACK_POINTER_REGNUM,5,0,5
size_of_uleb128 (r) == size_of_uleb128 (val1->v.val_unsigned),5,0,5
BRACE_ENCLOSED_INITIALIZER_P (init),4,1,5
SCALAR_FLOAT_MODE_P (mode),3,2,5
len >= 0,3,2,5
!saw_unknown,3,2,5
DECL_STRUCT_FUNCTION (decl) == NULL,3,2,5
in,3,2,5
entry,5,0,5
count > 0,4,1,5
!cl->sorted,3,2,5
tem,4,1,5
token != NULL,4,1,5
!loop->inner,3,2,5
"get_hard_regnum (regstack, dest) < FIRST_STACK_REG",4,1,5
_M_alpha > _RealType(0),3,2,5
j < MAX_CLAUSES,3,2,5
__seqs_begin[__t].first != __seqs_begin[__t].second,3,2,5
_M_at_end,3,2,5
"""machine=arm""",3,2,5
TREE_CODE (templ) == TEMPLATE_DECL,3,2,5
"0, pthread_join(a, b)",3,2,5
ira_register_move_cost[mode] == NULL && ira_may_move_in_cost[mode] == NULL && ira_may_move_out_cost[mode] == NULL,3,2,5
GET_MODE (addr) == SImode,3,2,5
data,3,2,5
this->methods_are_finalized_,3,2,5
tmp_i >= 0 && tmp_i < GCOV_HISTOGRAM_SIZE && tmp_histo[tmp_i].num_counters > 0,3,2,5
token_no < MACRO_MAP_NUM_MACRO_TOKENS (map),4,1,5
dt != NULL,3,2,5
TREE_READONLY (builtin_decl),3,2,5
GET_CODE (x) == CONST_VECTOR,5,0,5
"flow_bb_inside_loop_p (loop, unswitch_on)",3,2,5
!node || !node->clone.combined_args_to_skip,3,2,5
len_type == gfc_charlen_type_node,3,2,5
r.a[6] == 0,5,0,5
size_of_uleb128 (size) == 1,3,2,5
CONST_INT_P (operand),4,1,5
TREE_CODE (scalar_dest) == SSA_NAME,3,2,5
"""system=gnu""",3,2,5
array->ref_count != 0,3,2,5
id >= PRAGMA_FIRST_EXTERNAL,3,2,5
bb != NULL,5,0,5
gimple_seq_singleton_p (stmts),3,2,5
soffset_decode (index) < array->capacity,3,2,5
"XEXP (condition, 1) == const0_rtx",3,2,5
flags & TODO_update_ssa_any,3,2,5
!node->externally_visible || define == (next->resolution == LDPR_PREVAILING_DEF_IRONLY || next->resolution == LDPR_PREVAILING_DEF || next->resolution == LDPR_PREVAILING_DEF_IRONLY_EXP),3,2,5
TREE_CODE (fn) == FUNCTION_DECL && DECL_STATIC_FUNCTION_P (fn),3,2,5
ref->use == IPA_REF_ALIAS,3,2,5
gimple_assign_copy_p (stmt),3,2,5
!this_insn || (GET_CODE (this_insn) != BARRIER && GET_CODE (this_insn) != CODE_LABEL),3,2,5
gr->pattern_pixels != NULL,3,2,5
set && REG_P (SET_DEST (set)),3,2,5
INSN_CODE (insn) >= 0 || recog_memoized (insn) < 0,3,2,5
"c_parser_next_token_is_keyword (parser, RID_AT_CLASS)",3,2,5
in_lto_p || whole_program || !TREE_PUBLIC (vnode->decl),3,2,5
!context || context == current_function_decl,3,2,5
node->same_comdat_group,3,2,5
TREE_CODE (ptr) == INDIRECT_REF,3,2,5
m_num_ranges < MAX_RANGES,3,2,5
errorcount > 0,3,2,5
NOTE_P (insn),4,1,5
!default_case,3,2,5
_M_is_ready = false,5,0,5
!offset,3,2,5
ret != GS_ERROR,3,2,5
bitmap_empty_p (table->partition_in_use),3,2,5
"rtx_equal_p (op0, XEXP (cond, 0))",3,2,5
fde->vdrap_reg == INVALID_REGNUM,3,2,5
alloc_fn != NULL_TREE,3,2,5
parm,3,2,5
jfunc->type == IPA_JF_PASS_THROUGH,5,0,5
op0->mode == op1->mode,5,0,5
t == arg,3,2,5
ar->end[n] == NULL,3,2,5
!callback,4,1,5
src == stack_pointer_rtx,5,0,5
!dom_info_available_p (CDI_DOMINATORS),3,2,5
"0, pthread_create(a, b, c, d)",3,2,5
whole_program || in_lto_p || !TREE_PUBLIC (node->decl),3,2,5
!slot,3,2,5
GET_MODE (SUBREG_REG (addr)) == DImode,3,2,5
"hard_reg_set_subset_p (temp_hard_regset2, temp_hard_regset)",3,2,5
_M_type != _Type::_Multi,3,2,5
GET_CODE (x) == CONST_DOUBLE,3,2,5
gimple_num_ops (gs) > index + 1,3,2,5
is_gimple_call (call_stmt),3,2,5
target_proc,3,2,5
__p >= _M_ibegin() && __p <= _M_iend(),5,0,5
"rhs, code, e, bsi",3,2,5
MEM_P (addr),3,2,5
"REG_P (XEXP (addr, 0))",3,2,5
num_poly_bases == val->bases.length (),3,2,5
"0, v.length ()",5,0,5
advance == 0,3,2,5
cinsn,3,2,5
MEM_P (target),3,2,5
"std::is_integral<_IntType>::value, ""result_type must be an integral type""",5,0,5
ifun->eh->region_tree,3,2,5
EDGE_COUNT (loop->header->preds) == 2,3,2,5
!VECTOR_MODE_P (TYPE_MODE (gimple_expr_type (stmt))),3,2,5
!TYPE_BINFO (type) || !BINFO_N_BASE_BINFOS (TYPE_BINFO (type)),3,2,5
"map == linemap_lookup (set, r)",3,2,5
dasharr != NULL,3,2,5
CLS_ISMETA (class->class_pointer),3,2,5
nodes[i].kind == ORDER_UNDEFINED,4,1,5
dom_info_available_p (CDI_DOMINATORS),4,1,5
TREE_CODE (t) == PLUS_EXPR || TREE_CODE (t) == MINUS_EXPR || TREE_CODE (t) == POINTER_PLUS_EXPR,3,2,5
SCALAR_INT_MODE_P (mode),4,1,5
decl != NULL_TREE,4,1,5
CLS_ISMETA (class1->class_pointer),3,2,5
GET_CODE (address) == REG,3,2,5
(unsigned) tag < (unsigned) LTO_NUM_TAGS,3,2,5
ffebld_op (kind) == FFEBLD_opCONTER,2,2,4
Present (gnat_entity),2,2,4
TREE_CODE (def) == SSA_NAME,2,2,4
~alchk < align,2,2,4
is_empty_class (TREE_TYPE (TREE_TYPE (ce->index))),2,2,4
sp == ffesymbol_sfdummyparent (s),2,2,4
"""REAL1/INTEGER bad source kind type"" == NULL",2,2,4
!POINTER_TYPE_P (TREE_TYPE (name)),4,0,4
t >= 0,2,2,4
ffesymbol_kind (symbol) != FFEINFO_kindNONE,2,2,4
s1var->n_var_parts == 1 && s1var->var_part[0].offset == 0,2,2,4
"""LOGICAL3 bad type"" == NULL",2,2,4
regno < FIRST_PSEUDO_REGISTER || reg_equiv_constant[regno] == 0,2,2,4
"GET_CODE (XEXP (X, 0)) == REG",2,2,4
overlaps != NULL,2,2,4
edge->call_stmt_size,2,2,4
! *found,2,2,4
values_long.i3 == i3,4,0,4
"CLASSTYPE_INTERFACE_ONLY (t) == interface_only, 999",2,2,4
GET_CODE (insn) == SET,2,2,4
SA.partition_to_pseudo[part],2,2,4
mpz_sgn (dv) != 0,2,2,4
gen != FFEINTRIN_genNONE,2,2,4
resolved,2,2,4
DEFAULT_ABI == ABI_AIX,2,2,4
VECTOR_MODE_P (tmode),4,0,4
1 == __result->_M_ref_count && 1 == __balanced->_M_ref_count,2,2,4
SLP_TREE_VEC_STMTS (slp_node),2,2,4
expr->expr_type == EXPR_FUNCTION,2,2,4
DECL_TEMPLATE_PARM_P (parm),2,2,4
low <= high,2,2,4
!TREE_BLOCK (*tp),2,2,4
web->type == INITIAL || web->type == FREE || web->type == PRECOLORED,2,2,4
TREE_CODE (decl) == VAR_DECL && (TREE_STATIC (decl) || DECL_EXTERNAL (decl)),2,2,4
var != NULL_TREE,2,2,4
widest != NULL,2,2,4
bt == FFEINFO_basictypeCHARACTER && kt == FFEINFO_kindtypeCHARACTER1,2,2,4
"picochip_is_aligned (base_offset + picochip_pretend_arg_area_size (), STACK_BOUNDARY)",2,2,4
ffestorag_size (st) % ffedata_storage_units_ == 0,2,2,4
!web->orig_conflict_list,2,2,4
"BINFO_INHERITANCE_CHAIN (base_binfo) == t_binfo, 999",2,2,4
SCHED_TIME (u) >= ps->min_cycle,3,1,4
0 == x,2,2,4
"q, sizeof (0, x.c) == sizeof (char *)",4,0,4
res == res2,4,0,4
!simple_p,2,2,4
"""system=netware""",2,2,4
(abi > FFI_FIRST_ABI) && (abi <= FFI_DEFAULT_ABI),2,2,4
values_int.i0 == i0,4,0,4
HARD_REGISTER_P (reg),2,2,4
ffeinfo_kindtype (ffebld_info (incr)) == FFEINFO_kindtypeINTEGERDEFAULT,2,2,4
*return_value_p == ret_expr,2,2,4
"TREE_CODE (value) == FIELD_DECL, 0",2,2,4
"!flag_new_abi, 200004109",2,2,4
"0, 999",2,2,4
"""cpu=i960""",2,2,4
gimple_has_mem_ops (stmt),2,2,4
"!flag_new_abi, 200005221",2,2,4
super_class,2,2,4
new_option->alias_target == N_OPTS,2,2,4
info->uses_analysis_done || ipa_get_param_count (info) == 0,2,2,4
low,3,1,4
anti_dependency_cache,2,2,4
reserved_left[r],2,2,4
secss && secss != gfc_ss_terminator,2,2,4
SET_DEST (set) == stack_pointer_rtx,2,2,4
GFC_ARRAY_TYPE_P (caf_type) && GFC_TYPE_ARRAY_CAF_TOKEN (caf_type) != NULL_TREE,3,1,4
"!DECL_THUNKS (thunk), 20031023",2,2,4
"TYPE_P (type), 0",2,2,4
i == -1,2,2,4
what->global.inlined_to == to,2,2,4
"flags == NO_SPECIAL, 152",2,2,4
var == NULL || expr == NULL,2,2,4
ffecom_gfrt_const_[ix] ? !ffecom_gfrt_complex_[ix] : 1,2,2,4
"TREE_CODE (used) == NAMESPACE_DECL, 380",2,2,4
rhs_class != GIMPLE_BINARY_RHS || op_type == binary_op,2,2,4
!lto_stream_as_builtin_p (expr),2,2,4
use_type == IPA_REF_ADDR || use_type == IPA_REF_ALIAS,2,2,4
extra != '\0',2,2,4
__new_right->_M_ref_count >= 1,2,2,4
"pfile, keyword, buf, limit",2,2,4
"splay_tree_lookup (uncolorable_allocnos_splay_tree[cover_class], (splay_tree_key) conflict_a) != NULL",2,2,4
kind == GF_OMP_TARGET_KIND_REGION,2,2,4
"pfile, keyword",2,2,4
"""incomplete type?!?"" == NULL",2,2,4
GET_MODE_CLASS (mode) == MODE_COMPLEX_INT || GET_MODE_CLASS (mode) == MODE_COMPLEX_FLOAT,4,0,4
comp != NULL_TREE,3,1,4
"TEST_HARD_REG_BIT (web->usable_regs, aweb->color + c)",2,2,4
tstmt == def_stmt,2,2,4
root != NULL,2,2,4
dest->expr_type == EXPR_VARIABLE && fncall->expr_type == EXPR_FUNCTION,2,2,4
ffeinfo_kindtype (ffebld_info (start)) == FFEINFO_kindtypeINTEGERDEFAULT,2,2,4
code != PHI_NODE,2,2,4
fncall->rank > 0,2,2,4
size == 4,4,0,4
"""INTEGER1/REAL bad source kind type"" == NULL",2,2,4
!aligned_access_p (dr),2,2,4
"!bitmap_intersect_compl_p (df_live->out_of_date_transfer_functions, all_blocks)",2,2,4
bitmap_empty_p (leader_has_match),2,2,4
TYPE_MAIN_VARIANT (type) == type,3,1,4
map->popcount,2,2,4
"TREE_CODE (namespace) == NAMESPACE_DECL, 370",2,2,4
"prefix_.num_ < prefix_.alloc_, ""insert"", T, base",2,2,4
!TYPE_STRUCTURAL_EQUALITY_P (t) && TYPE_CANONICAL (t) == t,2,2,4
key_size != 0 && key_size != -1UL,2,2,4
symbol_marked_for_renaming (var),2,2,4
strlen((char *)tag) < ORSL_MAX_TAG_LEN,4,0,4
!x->next,2,2,4
"ix < prefix_.num_, ""remove"", T, base",2,2,4
"TREE_CODE (decl) != REFERENCE_TYPE, 148",2,2,4
"TYPE_CONTEXT (t) == NULL_TREE, 0",2,2,4
TREE_CODE (struct_type) == RECORD_TYPE || TREE_CODE (struct_type) == UNION_TYPE,2,2,4
TREE_CODE_CLASS (TREE_CODE (cond)) == tcc_comparison,2,2,4
" root == NULL or base_type::_M_impl._M_key_compare( prev_k, base_type::_S_key(root)) and not base_type::_M_impl._M_key_compare( key, base_type::_S_key(root))",2,2,4
TREE_ADDRESSABLE (gnu_field),2,2,4
rp_b != NULL,2,2,4
LOAD_FPU_REG_P(via_ac),2,2,4
"""CHARACTER1/INTEGER bad source kind type"" == NULL",2,2,4
is_gimple_addressable (expr),2,2,4
TARGET_LDRD,4,0,4
values_float.f8 == f8,4,0,4
EDGE_COUNT (ENTRY_BLOCK_PTR->succs) == 1,2,2,4
orig_cond_expr == bsi_stmt (loop_exit_bsi),2,2,4
gs != NULL,2,2,4
sym->ts.cl && sym->ts.cl->length,2,2,4
width == GET_MODE_BITSIZE (op_mode),2,2,4
!this->unique_prefix_.empty(),2,2,4
prec == TYPE_PRECISION (type),2,2,4
(operand == NULL) || (operand->previous == NULL),2,2,4
!((size_t)p & (G.pagesize - 1)),2,2,4
expr->rank == 0,3,1,4
!using_drap || ix86_cfa_state->reg == crtl->drap_reg,2,2,4
!uid_region_num[INSN_UID (r->resume)],2,2,4
TREE_CODE (rhs_struct_type) == RECORD_TYPE || TREE_CODE (rhs_struct_type) == UNION_TYPE,2,2,4
"TREE_CODE (parmlist) == TREE_VEC, 246.5",2,2,4
TREE_CODE (arg) != IDENTIFIER_NODE || !IDENTIFIER_OPNAME_P (arg),2,2,4
ffestp_file.read.read_spec[spec1].kw_or_val_present,2,2,4
decimal != NULL,2,2,4
"""COMPLEX1/INTEGER bad source kind type"" == NULL",2,2,4
allocno2 >= 0 && allocno2 < max_allocno,2,2,4
TREE_CODE (decl) != RESULT_DECL,3,1,4
"""machine=i960""",2,2,4
TREE_INT_CST_NUNITS (x) == 1,2,2,4
ubound != NULL,2,2,4
"TMPL_ARGS_DEPTH (args) == TMPL_PARMS_DEPTH (DECL_TEMPLATE_PARMS (tmpl)), 0",2,2,4
"""INTEGER2/COMPLEX bad source kind type"" == NULL",2,2,4
flag_ira_algorithm == IRA_ALGORITHM_PRIORITY,2,2,4
relevant == vect_unused_in_loop && live_p,2,2,4
perm_mask_even != NULL,2,2,4
"REGNO (XEXP (XEXP (dest, 0), 0)) == STACK_POINTER_REGNUM",2,2,4
TREE_CODE_CLASS (comp_code) == '<',2,2,4
info->dimen == se->loop->dimen,2,2,4
MAX_HOIST_DEPTH > 1,2,2,4
"possible_polymorphic_call_target_p (ie, cgraph_get_node (target))",2,2,4
range_type == VR_RANGE || range_type == VR_ANTI_RANGE,4,0,4
"pfile, &answer",2,2,4
 r != NULL ? r->_M_color == std::_S_black : true,2,2,4
fli->name,2,2,4
item->type == VAR,3,1,4
old_version,2,2,4
"TREE_CODE (name) == IDENTIFIER_NODE, 980716",2,2,4
"TREE_CODE (scope) == NAMESPACE_DECL, 383",2,2,4
"std::is_unsigned<_UIntType>::value, ""result_type must be an unsigned integral type""",4,0,4
dest_info->dimen == 2,2,2,4
"""system=vxworks""",2,2,4
"picochip_is_aligned (crtl->outgoing_args_size, BITS_PER_WORD)",2,2,4
(expr->value.function.esym != NULL && expr->value.function.esym->attr.elemental) || (expr->value.function.isym != NULL && expr->value.function.isym->elemental),2,2,4
graph_dump_format == vcg,2,2,4
"""machine=sparc64""",2,2,4
func,4,0,4
!(option->flags & CL_NEGATIVE_ALIAS),2,2,4
"comptypes (type, TREE_TYPE (expr), 1), 0",2,2,4
src != ENTRY_BLOCK_PTR,2,2,4
channel->next_store == 1,2,2,4
"parmtypes == void_list_node, 247",2,2,4
loop->dimen == 1,3,1,4
left_type == result_type,2,2,4
"ix_ <= vec_->num, ""insert"", TDEF",2,2,4
ct->__common.__code == GO_CHAN,2,2,4
f_offset * DWARF_CIE_DATA_ALIGNMENT == loc.offset,2,2,4
operator != NULL,2,2,4
bb->succ && !bb->succ->succ_next,2,2,4
required_value,2,2,4
var1->n_var_parts == 1,2,2,4
!op2 || is_gimple_min_invariant (op2) || TREE_CODE (op2) == VALUE_HANDLE,2,2,4
min >= 0,2,2,4
conc->t == NULL or conc->t->_M_color == std::_S_black,2,2,4
h_ix < GCOV_HISTOGRAM_SIZE,2,2,4
gsi_one_before_end_p (gsi),3,1,4
GET_MODE_SIZE (GET_MODE (src)) == GET_MODE_SIZE (SImode),2,2,4
edge->inline_failed,4,0,4
"__go_type_descriptors_equal (ct->__element_type, channel->element_type)",2,2,4
!ctxp,2,2,4
"current == std_node, 393",2,2,4
"TREE_CODE (fn) == TEMPLATE_DECL, 0",2,2,4
type == chrec_type (poly0),2,2,4
"TREE_CODE (name) == IDENTIFIER_NODE, 138",2,2,4
ffeinfo_kindtype (ffebld_info (end)) == FFEINFO_kindtypeINTEGERDEFAULT,2,2,4
nops == 4 || nops == 6 || nops == 8,2,2,4
(*p1 == *p2) && (*p1 == *p3) && (*p1 == '\0'),2,2,4
"""bad percent?!?"" == NULL",2,2,4
flag_ira_algorithm == IRA_ALGORITHM_PRIORITY || ira_class_translate[best] == regno_cover_class[i],2,2,4
type_annotate_only || Exception_Mechanism != Setjmp_Longjmp || No (At_End_Proc (gnat_node)) || Present (Exception_Handlers (gnat_node)) || No_Exception_Handlers_Set (),2,2,4
addressable_vars,2,2,4
str.j == j,4,0,4
o->head->next != NULL && (o->head->next->op == EXEC_DO || o->head->next->op == EXEC_DO_WHILE) && o->previous != NULL && o->previous->tail->op == o->head->op,3,1,4
size_needed > 1,3,1,4
len == cl,2,2,4
mem_autoinc_base (SET_SRC (set)) != stack_pointer_rtx,3,1,4
len == (int) len,4,0,4
fmode == TFmode || fmode == TDmode,2,2,4
GET_CODE (operands[nops + i]) == MEM,2,2,4
ffestp_file.read.read_spec[spec2].kw_or_val_present,2,2,4
ad->index_reg_loc == NULL,2,2,4
"vec_->num < vec_->alloc, ""push"", TDEF",2,2,4
gdk_pixbuf_get_n_channels (gr->drawbuf) == total_channels,2,2,4
"""op changed or inconsistent switches!"" == NULL",2,2,4
get_max_uid () <= max_uid_for_loop,2,2,4
code != CONVERT_EXPR,2,2,4
__result->_M_ref_count == 1,2,2,4
Present (gnat_equiv) || type_annotate_only,2,2,4
"vec_->num >= size_, ""truncate"", TDEF",2,2,4
curr_reg_pressure[cover_class] >= 0,2,2,4
!(none_added && TREE_CODE (var) == NAME_MEMORY_TAG),2,2,4
fam != FFEINTRIN_familyNONE,2,2,4
!cond,2,2,4
TREE_CODE (type) == FUNCTION_TYPE,4,0,4
"DECL_IGNORED_P (olddecl) == DECL_IGNORED_P (newdecl), 139",2,2,4
is_gimple_min_invariant (op1) || TREE_CODE (op1) == VALUE_HANDLE,2,2,4
"""bad state #2"" == NULL",2,2,4
"0 == compare_tree_int (DECL_SIZE_UNIT (eqt), (ffestorag_size (eqst) + ffestorag_modulo (eqst)))",2,2,4
set->nodes[index] == node,2,2,4
!may_be_aliased (var),2,2,4
"""bad pow_*i"" == NULL",2,2,4
breg,2,2,4
 conc[(pos-1)*2]->t == NULL or conc[(pos-1)*2]->t->_M_color == std::_S_black,2,2,4
c_node,2,2,4
"""REAL2/COMPLEX bad source kind type"" == NULL",2,2,4
"VEC_length (tree, all_translation_units) == 1",2,2,4
begin <= split_pos1 && split_pos1 < end,2,2,4
nops >= 2 && nops <= 4,2,2,4
"""LOGICAL2/INTEGER bad source kind type"" == NULL",2,2,4
synth_idx == count,2,2,4
TREE_CODE (init) != CONSTRUCTOR || TREE_TYPE (init) != NULL_TREE,2,2,4
ob->decl_state->varpool_node_encoder,2,2,4
"false, 20030922",2,2,4
(TREE_CODE (record_type) == RECORD_TYPE || TREE_CODE (record_type) == UNION_TYPE || TREE_CODE (record_type) == QUAL_UNION_TYPE) && TYPE_SIZE (record_type) && (component != 0) != (field != 0),2,2,4
is_gimple_reg (result),2,2,4
precision == 0,2,2,4
expression && !LLE_NEXT (expression) && LLE_DENOMINATOR (expression) == 1,2,2,4
init_addr,2,2,4
POINTER_TYPE_P (type) || INTEGRAL_TYPE_P (type) || SCALAR_FLOAT_TYPE_P (type),2,2,4
"!name || TREE_CODE (name) == IDENTIFIER_NODE, 20020808",2,2,4
index < stack_vars_conflict_alloc,2,2,4
max,2,2,4
"vec_ ? vec_->num >= size_ : !size_, ""truncate"", TDEF",2,2,4
FFEINTRIN_gen == ARRAY_SIZE (ffeintrin_gens_),2,2,4
ffeinfo_basictype (ffebld_info (incr)) == FFEINFO_basictypeINTEGER,2,2,4
!op3 || is_gimple_min_invariant (op3) || TREE_CODE (op3) == VALUE_HANDLE,2,2,4
source_token != NULL,2,2,4
"flow_loop_nested_p (loop, chloop)",3,1,4
"opbuild_num_elems (&build_v_may_defs) == VEC_length (tree, clobbered_v_may_defs)",2,2,4
expr->ts.type != BT_CHARACTER || !se->post.head,2,2,4
"VEC_length (basic_block, last_added_blocks) == 1 && VEC_index (basic_block, last_added_blocks, 0) == bb",2,2,4
single_succ_p (src),3,1,4
insn_data[d->code].operand[k].mode == DImode,2,2,4
k < MAX_CLAUSES,2,2,4
1 == tree_ptr -> refcount,2,2,4
TREE_PERMANENT (TREE_TYPE (domain)),2,2,4
ffelex_token_type (t) == FFELEX_typeNAME,2,2,4
old_size != args_size,2,2,4
! required_value,2,2,4
values_float.f11 == f11,4,0,4
code == _URC_NO_REASON,3,1,4
sym->attr.dummy && sym->attr.optional,2,2,4
FFEBLD_op == ARRAY_SIZE (ffebld_op_string_),2,2,4
has_target_p && nops == 4,4,0,4
"""INTEGER3/INTEGER bad source kind type"" == NULL",2,2,4
TYPE_PTR_P (TREE_TYPE (ob_arg)) && CLASS_TYPE_P (TREE_TYPE (TREE_TYPE (ob_arg))),2,2,4
node->thunk.thunk_p || node->alias,2,2,4
reload_completed == 1,2,2,4
bb_vinfo,3,1,4
rclass == ALLOCNO_COVER_CLASS (subloop_allocno),2,2,4
bb,3,1,4
__reserved_right[__r],2,2,4
ix < pfx_PRIVATE_.num_PRIVATE_,2,2,4
TREE_CODE (msg) == STRING_CST,2,2,4
"""no IDENTIFIER_NODE for type!"" == NULL",2,2,4
rss == gfc_ss_terminator,2,2,4
values_float.f10 == f10,4,0,4
set->indexed,2,2,4
fd->chunk_size == NULL,3,1,4
POINTER_TYPE_P (TREE_TYPE (addr_expr)),2,2,4
eq != NULL,2,2,4
TREE_TYPE (left) == TREE_TYPE (right),2,2,4
bb_info->ause == NULL,2,2,4
alg != no_stringop,3,1,4
!node->next,3,1,4
"expand_vec_shuffle_expr_p (mode, v0, v1, mask)",2,2,4
*text->format_spec == '*',2,2,4
values_ldouble.f13 == f13,4,0,4
index <= gs->gimple_phi.nargs,2,2,4
ALLOCNO_COVER_CLASS (a) == ALLOCNO_COVER_CLASS (another_a),2,2,4
ffestorag_type (st) == FFESTORAG_typeCBLOCK,2,2,4
param < pbb_nb_params (pbb),2,2,4
assignTail,2,2,4
__new_right->_M_ref_count == 2,2,2,4
BINFO_TYPE (TYPE_BINFO (val->type)) = type,2,2,4
bsi_stmt (loop_exit_bsi) == orig_cond_expr,2,2,4
ffeste_statelet_ == FFESTE_stateletITEMVALS_,2,2,4
result < pbb_nb_scattering_transform (pbb),2,2,4
error_operand_p (init) || integer_zerop (init),2,2,4
modifier == EXPAND_NORMAL || modifier == EXPAND_STACK_PARM,2,2,4
!static_dtors,2,2,4
"REGNO (XEXP (addr, 0)) == cfa.reg",2,2,4
size <= 127,2,2,4
expr->value.function.isym->id == GFC_ISYM_TRANSPOSE,3,1,4
se->want_pointer,2,2,4
ce->type != FFEEXPR_exprtypeOPERAND_,2,2,4
*stmt == gsi_stmt (orig_gsi),2,2,4
"_Base > 0xa, ""invalid digit""",2,2,4
TYPE_PRECISION (TREE_TYPE (TYPE_FIELDS (type))) <= TYPE_PRECISION (TREE_TYPE (TYPE_FIELDS (TREE_TYPE (e)))),2,2,4
TREE_CODE_CLASS (ec) != tcc_constant || ec == REAL_CST,2,2,4
!(option->flags & CL_REJECT_NEGATIVE),2,2,4
visual != NULL,3,1,4
mode == CCmode || mode == CCCmode,2,2,4
(kind == '1') || (kind == '*'),2,2,4
"""COMPLEX3/INTEGER bad source kind type"" == NULL",2,2,4
"""bad pow_x*"" == NULL",2,2,4
dims == NULL,2,2,4
subcode < (1 << 16),3,1,4
Linemap::instance_ != NULL,4,0,4
"name, len, hash",2,2,4
(stmt && TREE_CODE (stmt) != MODIFY_EXPR) || num <= 1,2,2,4
"TREE_CODE_CLASS (TREE_CODE (decl)) == 'd', 980702",2,2,4
"!bitmap_bit_p (bb_info->gen, first_def->id)",2,2,4
r -> refcount == 1,2,2,4
DECL_SIZE (cbt) != NULL_TREE,2,2,4
!POINTER_TYPE_P (TREE_TYPE (base)),2,2,4
n <= 9,3,1,4
flag_sel_sched_pipelining_outer_loops || last_added_blocks == NULL,2,2,4
vec_PRIVATE_,2,2,4
!t->common.ann || t->common.ann->common.type == VAR_ANN,2,2,4
GET_CODE (PATTERN (insn)) == USE || GET_CODE (PATTERN (insn)) == CLOBBER,2,2,4
dest_regno == current_frame_info.r[reg_save_b0],2,2,4
!TYPE_HAS_COMPLEX_INIT_REF (TREE_TYPE (exp)) || !TYPE_HAS_COMPLEX_ASSIGN_REF (TREE_TYPE (exp)) || TREE_CODE (exp) == CONSTRUCTOR,2,2,4
"PHI_ARG_DEF_FROM_EDGE (phi1, update_e) == PHI_ARG_DEF_FROM_EDGE (phi, EDGE_SUCC (loop->latch, 0))",2,2,4
TYPE_PRECISION (comp_type) > 16,2,2,4
dwarf_reg_size_table[i] == sizeof (_Unwind_Ptr),3,1,4
"""unexpected access state"" == NULL",2,2,4
"DECL_TEMPLATE_INFO (decl) != NULL_TREE, 0",2,2,4
s,3,1,4
__p >= begin() && __p <= end(),4,0,4
dest_offset == 0 || (bt == FFEINFO_basictypeCHARACTER && kt == FFEINFO_kindtypeCHARACTER1),2,2,4
TREE_CODE (ref) == ARRAY_REF,2,2,4
"VEC_index (varpool_node_ptr, set->nodes, element->index) == node",2,2,4
! found,2,2,4
"""XOR/NEQV bad basictype"" == NULL",2,2,4
dom_computed[dir] == DOM_OK,2,2,4
"is_sorted((*s).first, (*s).second, comp)",2,2,4
sprime != rhs,2,2,4
" (!comp(*pivot_pos, *begin) && !comp(*(begin + n / 2), *pivot_pos)) || (!comp(*pivot_pos, *begin) && !comp(*end, *pivot_pos)) || (!comp(*pivot_pos, *(begin + n / 2)) && !comp(*begin, *pivot_pos)) || (!comp(*pivot_pos, *(begin + n / 2)) && !comp(*end, *pivot_pos)) || (!comp(*pivot_pos, *end) && !comp(*begin, *pivot_pos)) || (!comp(*pivot_pos, *end) && !comp(*(begin + n / 2), *pivot_pos))",2,2,4
CONSTANT_P (x),4,0,4
descriptions[cc_descriptions[i].imp] == NULL,2,2,4
ix86_cfa_state->reg == stack_pointer_rtx,2,2,4
sel_rtx,2,2,4
"""REAL3 bad type"" == NULL",2,2,4
"name != ctor_identifier, 20000408",2,2,4
kt == ffeinfo_kindtype (ffebld_info (l)),2,2,4
monitorObj,2,2,4
ffeinfo_kindtype (ffebld_info (subscript)) == FFEINFO_kindtypeINTEGERDEFAULT,2,2,4
" sizeof(_Tp1) > 0, ""incomplete type"" ",3,1,4
" pos == 0 or not base_type::_M_impl._M_key_compare( base_type::_S_key(t), _KeyOfValue()(*access[pos]))",2,2,4
!src->var_part[k].loc_chain == !src->var_part[k].cur_loc,2,2,4
ALLOCNO_COVER_CLASS (another_a) == ALLOCNO_COVER_CLASS (another_parent_a),2,2,4
gfc_real_kinds[n].kind,2,2,4
"sizeof(_Tp)>0, ""can't delete pointer to incomplete type""",3,1,4
"""weird context!"" == NULL",2,2,4
HOST_BITS_PER_LONG >= 64,2,2,4
tshdr == &shdr,2,2,4
"!type_with_linkage_p (t) || strcmp (""<anon>"", IDENTIFIER_POINTER (DECL_ASSEMBLER_NAME (TYPE_NAME (t)))) || type_in_anonymous_namespace_p (t)",2,2,4
se->ss->type == GFC_SS_SCALAR,2,2,4
 sizeof( BranchIsland ) <= pageSize ,2,2,4
operator->type != FFEEXPR_exprtypeOPERAND_,2,2,4
(mt->__common.__code & GO_CODE_MASK) == GO_MAP,4,0,4
val & 0xffffffff,2,2,4
(TREE_CODE (TREE_TYPE (e)) == INTEGER_TYPE && TYPE_PRECISION (type) >= TYPE_PRECISION (TREE_TYPE (e))) || (TREE_CODE (TREE_TYPE (e)) == POINTER_TYPE && (TYPE_PRECISION (type) == TREE_INT_CST_LOW (TYPE_SIZE (TREE_TYPE (e))))),2,2,4
ffebld_op (len) == FFEBLD_opCONTER,2,2,4
"""LOGICAL4/INTEGER bad source kind type"" == NULL",2,2,4
sym->attr.function,2,2,4
as,3,1,4
info->dim[dim] == n,2,2,4
TREE_CODE (TREE_TYPE (e)) == INTEGER_TYPE,2,2,4
"same_type_p (type, TREE_TYPE (expr)), 0",2,2,4
"old != NULL, 393",2,2,4
TREE_CODE (fntype) == FUNCTION_TYPE || TREE_CODE (fntype) == METHOD_TYPE,3,1,4
pos_end_left <= pos_beg_right and pos_beg_right <= pos_end and pos_end_left >= pos_beg,2,2,4
TYPE_PRECISION (TREE_TYPE (type)) <= TYPE_PRECISION (TREE_TYPE (TREE_TYPE (e))),2,2,4
storage_class == csc_none && !threadp && !declspecs->inline_p,2,2,4
!pfx || pfx->alloc < alloc,2,2,4
idx >= 0 && idx < T_MAX && idx < (int) found->num_vars,2,2,4
!new_node->symbol.same_comdat_group,2,2,4
real_type == TREE_TYPE (TYPE_FIELDS (TREE_TYPE (arg2))),2,2,4
DECL_P (fd->v),2,2,4
code != TREE_VEC,2,2,4
c_switch_stack->blocked_stmt_expr != 0,2,2,4
info->subscript[dim] && info->subscript[dim]->type == GFC_SS_VECTOR,2,2,4
n3 == e3,4,0,4
*tl.elements_leftover == 0,2,2,4
"pfile, ""-A"", pend->arg",2,2,4
surf != NULL,2,2,4
ARITHMETIC_TYPE_P (t1) || TREE_CODE (t1) == COMPLEX_TYPE || TREE_CODE (t1) == VECTOR_TYPE || TREE_CODE (t1) == ENUMERAL_TYPE,2,2,4
"""EOF too soon!"" == NULL",2,2,4
!MTAG_P (var),2,2,4
cst_fits_shwi_p (x),2,2,4
! dest_used,2,2,4
STMT_VINFO_DEF_TYPE (stmt_vinfo) == vect_loop_def,2,2,4
flag_pic || !addr || GET_CODE (addr) != LABEL_REF,2,2,4
(SSA_VAR_P (ref1) || handled_component_p (ref1) || INDIRECT_REF_P (ref1) || TREE_CODE (ref1) == TARGET_MEM_REF) && (SSA_VAR_P (ref2) || handled_component_p (ref2) || INDIRECT_REF_P (ref2) || TREE_CODE (ref2) == TARGET_MEM_REF),2,2,4
TREE_CODE (DECL_SIZE (cbt)) == INTEGER_CST,2,2,4
before_scop_arg != NULL_TREE,2,2,4
web->old_web || !compare,2,2,4
ret == Z_MEM_ERROR,4,0,4
GET_CODE (addr) == SYMBOL_REF,4,0,4
copy_reg_1 && copy_reg_2,2,2,4
DECL_FUNCTION_MEMBER_P (d),3,1,4
expr2->value.function.isym || (gfc_return_by_reference (expr2->symtree->n.sym) && expr2->symtree->n.sym->result->attr.dimension),2,2,4
mode0 == mode1,4,0,4
ARITHMETIC_TYPE_P (t2) || TREE_CODE (t2) == COMPLEX_TYPE || TREE_CODE (t1) == VECTOR_TYPE || TREE_CODE (t2) == ENUMERAL_TYPE,2,2,4
value_notzero_p (dv),2,2,4
(unsigned long)(sz) >= MINSIZE,2,2,4
this->fndecl_ != NULL,2,2,4
t != exp,2,2,4
is_gimple_val (rhs),2,2,4
"!bb_in_sese_p (bb, region)",2,2,4
"__gnu_debug::__valid_range(__first, __last)",2,2,4
"""INTEGER1/COMPLEX bad source kind type"" == NULL",2,2,4
e->index == strip_typedefs_expr (e->index),2,2,4
ALLOCNO_CONFLICT_ALLOCNO_ARRAY (a) == NULL,2,2,4
"! pseudos_have_intersected_live_ranges_p (regno, i)",2,2,4
ffestc_statelet_ == FFESTC_stateletITEMVALS_,2,2,4
sizeof(my_fenv_t) <= (size_t) GFC_FPE_STATE_BUFFER_SIZE,2,2,4
"current_namespace != global_namespace, 20010801",2,2,4
ffesymbol_global (s) == NULL,2,2,4
"ix < VEC_length (tree, cache->nodes)",2,2,4
i >= 0 && i < GFC_TYPE_ARRAY_RANK (TREE_TYPE (desc)),2,2,4
"!nested_in_vect_loop_p (loop, *last_stmt)",2,2,4
TREE_CODE (*node) == FUNCTION_TYPE && ! TYPE_ARG_TYPES (*node),2,2,4
edge->caller->analyzed,2,2,4
"TREE_CODE (TREE_VALUE (rhs)) == FUNCTION_DECL || TREE_CODE (TREE_VALUE (rhs)) == OVERLOAD, 182",2,2,4
INTEGRAL_TYPE_P (TREE_TYPE (len)),2,2,4
!dom_info_available_p (CDI_POST_DOMINATORS),2,2,4
ffebld_constant_type (c1) == ffebld_constant_type (c2),2,2,4
tem != NULL_TREE,2,2,4
tlb_cache_region,2,2,4
ca_loc->symbol_ref == NULL_RTX,2,2,4
TREE_INT_CST_LOW (size_tree) == ffestorag_size (eqst) + ffestorag_modulo (eqst),2,2,4
s.root == e.root,2,2,4
class,2,2,4
lse.ss == gfc_ss_terminator && rse.ss == gfc_ss_terminator,4,0,4
is_gimple_builtin_call (call),2,2,4
channel->element_type->__size <= sizeof (uint64_t),2,2,4
"same_type_p (BINFO_TYPE (to), BINFO_TYPE (from)), 20010104",2,2,4
dom_info_state (CDI_POST_DOMINATORS) == DOM_OK,2,2,4
stmt_p == stmt2_p,2,2,4
EDGE_COUNT (innerloop->header->preds) == 2,2,2,4
src_info->dimen == 2,2,2,4
"!BINFO_PRIMARY_P (B) || BINFO_VIRTUAL_P (B), 20000517",2,2,4
op0mode == mode0 || op0mode == VOIDmode,3,1,4
!f->u.R1010.val.present,2,2,4
2 == __result._M_tree_ptr->_M_ref_count,2,2,4
gimple_call_num_args (stmt) == 4,3,1,4
parts.index == NULL_RTX,3,1,4
GET_CODE (ireg) == REG,2,2,4
values_int.i1 == i1,4,0,4
!TREE_ADDRESSABLE (type) && COMPLETE_TYPE_P (type),3,1,4
TREE_CODE (t) == INDIRECT_REF,3,1,4
ref->u.ar.as->type == AS_EXPLICIT,2,2,4
"""converting COMPLEX to REAL"" == NULL",2,2,4
orig_cond_expr,2,2,4
"""no do block found"" == NULL",2,2,4
cst_and_fits_in_hwi (x),3,1,4
ref->type == REF_ARRAY,3,1,4
! b->is_stmt,2,2,4
"""INTEGER1/INTEGER bad source kind type"" == NULL",2,2,4
GET_MODE (op0) == address_mode || GET_MODE (op0) == pointer_mode || GET_CODE (op0) == CONST_INT || GET_CODE (op0) == CONST_DOUBLE,2,2,4
"""unexpected unary op"" != NULL",2,2,4
"""COMPLEX3/COMPLEX bad source kind type"" == NULL",2,2,4
"""Foo Bar!!"" == NULL",2,2,4
postpone,2,2,4
mres == hmres,3,1,4
ALLOCNO_FIRST_COALESCED_ALLOCNO (a) == a && ALLOCNO_NEXT_COALESCED_ALLOCNO (a) == a,2,2,4
((former_front + 1) - former_back) <= max_size,2,2,4
(size_t) stack_elt < sizeof(stack)/sizeof(*stack),3,1,4
"!new_abi_rtti_p (), 20000118",2,2,4
"binfo == BINFO_FOR_VBASE (BINFO_TYPE (binfo), current_class_type), 170",2,2,4
"!strcmp (""<anon>"", IDENTIFIER_POINTER (DECL_ASSEMBLER_NAME (TYPE_NAME (t))))",2,2,4
ipa_refdesc_pool,2,2,4
r.a[1] == 4,4,0,4
!fatal_p,2,2,4
gfc_return_by_reference (sym) && sym->result->attr.dimension,2,2,4
str.s == s,4,0,4
"__w > 0U && __w <= static_cast<size_t>(numeric_limits<_UIntType>::digits), ""template arguments out of bounds "" ""in independent_bits_engine""",2,2,4
n == zone->n_small_pages,2,2,4
"parmnum == VEC_length (tree, values)",2,2,4
dt == vect_reduction_def || dt == vect_nested_cycle || ((dt == vect_internal_def || dt == vect_external_def || dt == vect_constant_def || dt == vect_induction_def) && nested_cycle && found_nested_cycle_def),2,2,4
"(*env)->IsInstanceOf (env, thread, thread_class)",2,2,4
cfa.reg != HARD_FRAME_POINTER_REGNUM,2,2,4
TREE_VEC_LENGTH (declv) == TREE_VEC_LENGTH (incrv),3,1,4
DECL_BY_REF_P (gnu_subprog_param),2,2,4
!fixed_regs [REGNO (dest)] || (DWARF_FRAME_REGNUM (REGNO (src)) == DWARF_FRAME_RETURN_COLUMN),2,2,4
"buf, limit, op",2,2,4
bset != NULL,4,0,4
use_type == IPA_REF_ADDR,2,2,4
pos >= 0,4,0,4
ffestd_statelet_ == FFESTD_stateletSIMPLE_,2,2,4
object && m_elts_free < m_elts_allocated && m_id == allocation_object::get_instance (object)->id,2,2,4
current_function_decl == NULL_TREE || DECL_CONTEXT (current_function_decl) == NULL_TREE,2,2,4
descr < GC_greatest_plausible_heap_addr - GC_least_plausible_heap_addr,2,2,4
GET_MODE (SUBREG_REG (op0)) == fieldmode || GET_MODE_CLASS (fieldmode) == MODE_INT || GET_MODE_CLASS (fieldmode) == MODE_PARTIAL_INT,2,2,4
allocno != NULL && j >= 0,2,2,4
ffecom_gfrt_const_[ix] ? !ffecom_gfrt_volatile_[ix] : 1,2,2,4
ix < prefix_.num_,2,2,4
ira_reg_class_nregs[cover_class][ALLOCNO_MODE (allocno)] > 0,2,2,4
target == EXIT_BLOCK_PTR,2,2,4
!STMT_VINFO_PATTERN_DEF_SEQ (stmt_def_vinfo),2,2,4
!field_has_rep,2,2,4
"""missing arg to run-time routine!"" == NULL",2,2,4
ret != NULL,3,1,4
(unsigned long)&u7.v == rsp+392,2,2,4
fname,2,2,4
!current_loops,2,2,4
TREE_INT_CST_LOW (size_tree) == ffestorag_size (st),2,2,4
"""CONVERT bad basictype"" == NULL",2,2,4
"TREE_NONLOCAL_FLAG (rhs) == nl, 980331",2,2,4
TREE_CODE (fndecl) == FUNCTION_DECL,3,1,4
(char *) g_last->top_reserved - g_last->reserve_size <= (char *) g_last->top_committed && g_last->top_committed <= g_last->top_reserved && (unsigned) g_last->top_committed % g_pagesize == 0,2,2,4
root->l->signal_node,4,0,4
value == 0 || value == 1,2,2,4
perm_mask_low != NULL,2,2,4
len != 0,2,2,4
item->data != NULL,2,2,4
values_long.i1 == i1,4,0,4
dir_last_slash,2,2,4
 theCache->numberOfMaskBits ,2,2,4
TREE_INT_CST_HIGH (x) == 0 || TREE_INT_CST_HIGH (x) == -1,2,2,4
field != NULL_TREE && TREE_CODE (TREE_TYPE (field)) == POINTER_TYPE && TREE_CODE (TREE_TYPE (TREE_TYPE (field))) == ARRAY_TYPE,2,2,4
"integer_zerop (vcall_index), 20000125",2,2,4
m != 0 && N != 0 && rank >= 0 && rank < N,2,2,4
REGNO (x) < 32,2,2,4
n->data == edge,2,2,4
n->key == badness,2,2,4
!GC_incremental,3,1,4
"""bad op for ffeequiv_update_save"" == NULL",2,2,4
!default_label_decl,2,2,4
kind == GIMPLE_TRY_CATCH || kind == GIMPLE_TRY_FINALLY,3,1,4
code2 == ERROR_MARK,2,2,4
opts->target,2,2,4
info->ref->u.ar.type == AR_SECTION,2,2,4
src->var_part[k].cur_loc,2,2,4
(victim->common == NULL) || (ffesymbol_equiv (victim->common) == NULL),2,2,4
"""optionality!"" == NULL",2,2,4
"TREE_CODE (type) == TYPENAME_TYPE, 20010702",2,2,4
"!find_reg_note (p, REG_LIBCALL, NULL_RTX)",2,2,4
ipcp_lat_is_const (lat),2,2,4
!(base_type && TYPE_NEEDS_CONSTRUCTING (base_type)) || DECL_ARTIFICIAL (base),2,2,4
insn_data[icode].operand[k].predicate == neon_struct_operand,2,2,4
t1 != t2,2,2,4
"""Foo Bletch!!"" == NULL",2,2,4
sz2 == ffetarget_length_character1 (ffebld_constant_character1 (ffebld_conter (l))),2,2,4
pass_tab,2,2,4
index < gs->gimple_asm.ni,2,2,4
stack_elt >= 3,3,1,4
src,3,1,4
TREE_CODE (se->expr) != INDIRECT_REF,2,2,4
*slot != HTAB_DELETED_ENTRY,2,2,4
REG_P (target),2,2,4
lse->string_length != NULL_TREE && rse->string_length != NULL_TREE,2,2,4
TREE_CODE (DECL_SIZE_UNIT (eqt)) == INTEGER_CST,2,2,4
glabel != NULL_TREE,2,2,4
"!DECL_REALLY_EXTERN (decl), 20040725",2,2,4
(unsigned long)&u6.v == rsp+328,2,2,4
values_double.f15 == f15,4,0,4
TREE_PERMANENT (TYPE_MIN_VALUE (domain)),2,2,4
vnode->finalized,2,2,4
ALLOCNO_TEMP (i_allocno) != INT_MAX,2,2,4
"""why hollerith/typeless in actualarg_?"" == NULL",2,2,4
"uid2 <= VEC_length (vec_void_p, stmt_vec_info_vec)",2,2,4
"(*insn_data[icode].operand[0].predicate) (dest, mode0) && (*insn_data[icode].operand[1].predicate) (src, mode1) && (*insn_data[icode].operand[2].predicate) (rtxpos, mode2)",2,2,4
 (black_h_r == 0 and (r == NULL or r->_M_color == std::_S_red)) or (black_h_r != 0 and r != NULL),2,2,4
start <= n,2,2,4
values_double.f11 == f11,4,0,4
"BINFO_INHERITANCE_CHAIN (basetype_path) == TREE_VALUE (TREE_CHAIN (basetype_chain)), 980827",2,2,4
TREE_CODE (otr_type) == RECORD_TYPE,2,2,4
decl == get_spill_slot_decl (false),2,2,4
"""unimplemented intrinsic"" == NULL",2,2,4
"!BINFO_PRIMARY_P (B) || TREE_VIA_VIRTUAL (B), 20000517",2,2,4
is_gimple_reg (def),2,2,4
"VEC_length (edge, *cur_cd_chain) == cur_chain_len",2,2,4
is_gimple_operand (lhs),2,2,4
cfa_temp.reg == regno,2,2,4
(unsigned long)&u2.v == rsp+72,2,2,4
TREE_CODE (t) == MODIFY_EXPR || TREE_CODE (t) == GIMPLE_MODIFY_STMT,2,2,4
"!global_scope_p (scope), 20030527",2,2,4
init_insn,2,2,4
is_gimple_operand (rhs),2,2,4
iter < pbb_dim_iter_domain (pbb),2,2,4
GET_CODE (PATTERN (insn)) == USE || GET_CODE (PATTERN (insn)) == CLOBBER || GET_CODE (PATTERN (insn)) == ADDR_VEC || GET_CODE (PATTERN (insn)) == ADDR_DIFF_VEC || GET_CODE (PATTERN (insn)) == ASM_INPUT || DEBUG_INSN_P (insn),2,2,4
new_set != NULL_RTX,2,2,4
TREE_CODE (bounds) == SSA_NAME,4,0,4
TREE_CODE (arg) == SSA_NAME,4,0,4
start_pos + req_len <= size,2,2,4
sym->as->type == AS_EXPLICIT,2,2,4
"VEC_empty (constructor_elt, CONSTRUCTOR_ELTS (rhs))",2,2,4
DECL_WEAK (inner),2,2,4
"TREE_VEC_LENGTH (tparms) == TREE_VEC_LENGTH (targs), 0",2,2,4
"putback_char == -1, 224",2,2,4
ira_register_move_cost[mode] == NULL && ira_max_register_move_cost[mode] == NULL && ira_may_move_in_cost[mode] == NULL && ira_may_move_out_cost[mode] == NULL && ira_max_may_move_in_cost[mode] == NULL && ira_max_may_move_out_cost[mode] == NULL,2,2,4
"""bad eq expr"" == NULL",2,2,4
!POINTER_TYPE_P (context->outer_type),2,2,4
ffestb_local_.format.pre.present,2,2,4
!file->scn,2,2,4
"""machine=i370""",2,2,4
dst != src,2,2,4
ffeinfo_types_[basictype][kindtype] == NULL,2,2,4
ffebld_op (ffebld_head (list)) == FFEBLD_opSYMTER,2,2,4
r_s > splitting_point,2,2,4
get_current_def (current_new_name) == NULL_TREE,2,2,4
region,2,2,4
ffeinfo_basictype (ffebld_info (expr)) != FFEINFO_basictypeCHARACTER,2,2,4
decoded_options[i].canonical_option_num_elements >= 1 && decoded_options[i].canonical_option_num_elements <= 2,2,2,4
"(TREE_CODE (child) == NAMESPACE_DECL || CLASS_TYPE_P (child)), 20030307",2,2,4
"global_namespace != NULL && name != global_scope_name, 20030531",2,2,4
"__builtin_memcmp (&e12, &n12, sizeof (e12)) == 0",4,0,4
0 == ref_count,4,0,4
DECL_RENAMED_OBJECT (decl),2,2,4
"insn_data[icode].operand[2].predicate (y, insn_data[icode].operand[2].mode)",2,2,4
"TREE_CODE (expr_as_ctor) == CALL_EXPR, 322",2,2,4
shift < HOST_BITS_PER_DOUBLE_INT,2,2,4
conc->left_problem->black_h >=0 and conc->right_problem->black_h>=0,2,2,4
black_h_l >= black_h_r,2,2,4
ffestb_local_.decl.aster_after,2,2,4
ffebld_op (value) == FFEBLD_opCONTER,2,2,4
"picochip_is_aligned (base_offset, BITS_PER_WORD)",2,2,4
!t->base.ann || t->base.ann->common.type == VAR_ANN,2,2,4
pad == 0,2,2,4
values_int.i3 == i3,4,0,4
"CASE_LOW (gimple_switch_label (swtch, 0)) == NULL_TREE",2,2,4
any_condjump_p (insn),3,1,4
mode == Pmode || mode == ptr_mode,3,1,4
args && TREE_CODE (TREE_VALUE (args)) == STRING_CST && !TREE_CHAIN (args),3,1,4
ffestp_file.inquire.inquire_spec[FFESTP_inquireixFILE].kw_or_val_present,2,2,4
!sym->attr.external,2,2,4
!addr,2,2,4
"prefix_.num_ < prefix_.alloc_, ""push"", T, base",2,2,4
" root != NULL or l==NULL or not base_type::_M_impl._M_key_compare( prev_k, base_type::_S_key(base_type::_S_maximum(l)))",2,2,4
TREE_CODE_CLASS (bc) != tcc_constant || bc == REAL_CST,2,2,4
code == EQ_EXPR || code == NE_EXPR,2,2,4
GET_CODE (src) == REG,2,2,4
"""REAL1/COMPLEX bad source kind type"" == NULL",2,2,4
!TARGET_64BIT || cfun->machine->call_abi == MS_ABI,2,2,4
"TREE_CODE_CLASS (TREE_CODE (arg)) == 't', 0",2,2,4
! call_save_p,2,2,4
TREE_CODE (stmt) != MODIFY_EXPR || num <= 1,2,2,4
new_node != old_node,2,2,4
cgraph_node_can_be_local_p (node),2,2,4
*decimal != '\0',3,1,4
"""COMPLEX2 bad type"" == NULL",2,2,4
ffelex_token_type (lent) == FFELEX_typeNUMBER,2,2,4
gimple_code (s) >= GIMPLE_OMP_ATOMIC_LOAD && gimple_code (s) <= GIMPLE_OMP_SINGLE,2,2,4
INSN_P (insn) && ia64_safe_itanium_class (insn) != ITANIUM_CLASS_IGNORE && GET_CODE (PATTERN (insn)) != USE && GET_CODE (PATTERN (insn)) != CLOBBER,2,2,4
bb_info->lr_in,2,2,4
"""unexpected return from ffesrc_strcmp_1ns2i"" == NULL",2,2,4
gimple_code (stmt) != GIMPLE_ASSIGN || (gimple_assign_rhs_code (stmt) != WIDEN_SUM_EXPR && (gimple_assign_rhs_code (stmt) != DOT_PROD_EXPR)),2,2,4
selected_cpu,3,1,4
"""kind arg"" == NULL",2,2,4
"DECL_P (d), 980629",2,2,4
(*tail)->u.c.component,2,2,4
"datum != error_mark_node, 311",2,2,4
info_section_emitted,2,2,4
*amountp != -1,2,2,4
!exists_p,3,1,4
allow_non_constant,2,2,4
TREE_CODE (ref) == COMPONENT_REF,3,1,4
ffeste_label_formatdef_ != NULL,2,2,4
r < FFEINFO_basictype,2,2,4
!t->base.ann || t->base.ann->common.type == FUNCTION_ANN,2,2,4
TREE_CHAIN (list) == NULL,2,2,4
ss->expr->expr_type == EXPR_VARIABLE,2,2,4
copy_space >= (char *)next_arg,2,2,4
"(*insn_data[icode].operand[1].predicate) (x, insn_data[icode].operand[1].mode)",2,2,4
GET_MODE (parmreg) == promoted_nominal_mode,2,2,4
!bitmap_empty_p (aliases),2,2,4
FFEINFO_kind == ARRAY_SIZE (ffeinfo_kind_message_),2,2,4
left_operand != NULL,2,2,4
"name, sym_length, tokens_specified, tokens",2,2,4
"_Base > 0xd, ""invalid digit""",2,2,4
syms,2,2,4
bv_ix < GCOV_HISTOGRAM_BITVECTOR_SIZE,2,2,4
JUMP_TABLE_DATA_P (insn) || GET_CODE (PATTERN (insn)) == USE || GET_CODE (PATTERN (insn)) == CLOBBER || GET_CODE (PATTERN (insn)) == ASM_INPUT || DEBUG_INSN_P (insn),2,2,4
is_replaceable_p (stmt),2,2,4
"_First == _Last || !_Pred(*_First, *_First)",2,2,4
set != 0,2,2,4
(gimple_omp_for_kind (fd->for_stmt) != GF_OMP_FOR_KIND_OACC_LOOP) || !inner_stmt,2,2,4
TREE_INT_CST_HIGH (bound) == 0,2,2,4
"!bb_in_sd_region (s->entry, s2)",2,2,4
single_succ (bb) == EXIT_BLOCK_PTR,2,2,4
"orig_stmt == vect_is_simple_reduction (loop_vinfo, reduc_def_stmt, !nested_cycle, &dummy)",2,2,4
"""CHARACTER1 bad type"" == NULL",2,2,4
"cfa_temp.reg == (unsigned) REGNO (XEXP (XEXP (dest, 0), 0))",2,2,4
values_double.f13 == f13,4,0,4
!t->common.ann || t->common.ann->common.type == STMT_ANN,2,2,4
value != NULL,2,2,4
"TYPE_ALIGN (basetype) == BITS_PER_UNIT, 20000314",2,2,4
"""INTEGER1/LOGICAL bad source kind type"" == NULL",2,2,4
TREE_CODE (label) == LABEL_EXPR,2,2,4
value_one_p (val) || value_mone_p (val),2,2,4
"""bad op for ffecom_type_expr"" == NULL",2,2,4
TREE_CODE (outer_type) == RECORD_TYPE,2,2,4
loop_nb < nb_loops,2,2,4
max_length >= 0,2,2,4
cl != 0,2,2,4
context == global_namespace || context == NULL || TREE_CODE (context) == FUNCTION_DECL,2,2,4
loop_depth < nb_loops,2,2,4
"INTVAL (x.first) == sext_hwi (INTVAL (x.first), precision)",2,2,4
!static_ctors,2,2,4
node->symbol.weakref,2,2,4
PLUS == GET_CODE (inner),2,2,4
 (seqs_begin[source].first != seqs_begin[source].second) || (i == length - 1),2,2,4
v_ann->mem_tag_kind == NOT_A_TAG,2,2,4
current->by_value[i] == 0,3,1,4
FIRST_SAVRES_REGISTER <= regno && regno <= LAST_SAVRES_REGISTER,2,2,4
" strictly_less_or_less_equal(base_type::_S_key(prev), _KeyOfValue()(*access[pos+1]))",2,2,4
"(REGNO (XEXP (XEXP (dest, 0), 0)) == STACK_POINTER_REGNUM) && cfa_store.reg == STACK_POINTER_REGNUM",2,2,4
hi == 0 && low == 0,2,2,4
!label || TREE_CODE (label) == LABEL_DECL,2,2,4
index < gs->gimple_asm.no,2,2,4
"tree_int_cst_equal (OBJ_TYPE_REF_TOKEN (ref), DECL_VINDEX (fndecl))",2,2,4
TREE_CODE_CLASS (TREE_CODE (cond)) == tcc_comparison || TREE_CODE (cond) == TRUTH_NOT_EXPR || is_gimple_min_invariant (cond) || SSA_VAR_P (cond),2,2,4
num_iterations < 50,2,2,4
g_last,2,2,4
ffestb_local_.format.post.present,2,2,4
merge_code == MERGE_NOT_ATTEMPTED,2,2,4
__index <= (int)_M_vbp.size() - 1,2,2,4
"obstack == &permanent_obstack, 236",2,2,4
TREE_CODE (mem) == SYMBOL_MEMORY_TAG,2,2,4
use->type == USE_ADDRESS,2,2,4
"0, n_edges_for_fn (fun)",4,0,4
REG_P (base),4,0,4
"vec_->num < vec_->alloc, ""insert"", T, base",2,2,4
(char *) g_last->top_reserved - g_last->reserve_size <= (char *) g_last->top_allocated && g_last->top_allocated <= g_last->top_committed,2,2,4
ffeinfo_basictype (ffebld_info (start)) == FFEINFO_basictypeINTEGER,2,2,4
value == 1,3,1,4
NOTE_KIND (insn) != NOTE_INSN_EH_REGION_BEG && NOTE_KIND (insn) != NOTE_INSN_EH_REGION_END,2,2,4
DECL_SIZE_UNIT (cbt) != NULL_TREE,2,2,4
GET_MODE (op0) == Pmode || GET_MODE (op0) == ptr_mode || GET_CODE (op0) == CONST_INT || GET_CODE (op0) == CONST_DOUBLE,2,2,4
INSN_P (x),2,2,4
GET_CODE (x) == SET && REG_P (SET_DEST (x)),2,2,4
_M_mean > 0.0,3,1,4
values_float.f9 == f9,4,0,4
ob->decl_state->cgraph_node_encoder,2,2,4
se->ss->type == GFC_SS_FUNCTION,2,2,4
STMT_VINFO_RELATED_STMT (orig_stmt_info) == stmt,2,2,4
ffebld_op (low) == FFEBLD_opCONTER,2,2,4
ffelex_token_type (kindt) == FFELEX_typeNUMBER,2,2,4
file->shstrtab_stream,2,2,4
FFEBLD_op == ARRAY_SIZE (ffebld_arity_op_),2,2,4
!input_file_stack_restored,2,2,4
DECL_ANON_UNION_VAR_P (r),2,2,4
"!chrec_contains_symbols_defined_in_loop (op1, CHREC_VARIABLE (op1))",4,0,4
"base_binfo, 20040706",2,2,4
lto_get_out_decl_state () == decl_state,3,1,4
inline_summary (node)->self_size == node->global.size,2,2,4
!linemap_macro_expansion_map_p (LINE_MAP),2,2,4
"""NOT bad basictype"" == NULL",2,2,4
!TARGET_32BIT,3,1,4
ffestp_file.open.open_spec[FFESTP_openixFILE].kw_or_val_present,2,2,4
cl != NO_REGS,3,1,4
elim == (frame_pointer_needed ? hard_frame_pointer_rtx : stack_pointer_rtx),2,2,4
(*new_rec == NULL) && (*old_rec == NULL),2,2,4
ss && ss->type == GFC_SS_VECTOR,2,2,4
new_loop_exit_e == orig_entry_e,2,2,4
ffeexpr_level_ == 0,2,2,4
__pos < this->size(),2,2,4
cfa_reg == REGNO (src),2,2,4
(NOTE_P (last_scheduled_insn) || BOUNDARY_DEBUG_INSN_P (last_scheduled_insn)) && BLOCK_FOR_INSN (last_scheduled_insn) == *target_bb,2,2,4
TREE_CODE (pow_call) == CALL_EXPR,2,2,4
"REG_P (XEXP (src, 0)) && (unsigned) REGNO (XEXP (src, 0)) == cfa.reg && CONST_INT_P (XEXP (src, 1))",2,2,4
"!DECL_CONTEXT (decl) || !IS_AGGR_TYPE_CODE (TREE_CODE (DECL_CONTEXT (decl))) || TREE_CODE (TREE_TYPE (decl)) != FUNCTION_TYPE, 0",2,2,4
!t->base.ann || t->base.ann->common.type == STMT_ANN,2,2,4
alignment_support_cheme = dr_aligned,2,2,4
"_Base > 0xb, ""invalid digit""",2,2,4
nops == 4 || nops == 6,2,2,4
TREE_VEC_LENGTH (hook) == 2,2,2,4
!formatters[argno],3,1,4
curr_rtl_loc >= 0,2,2,4
REGNO (addr) == cfa.reg,2,2,4
"""COMPLEX3/REAL bad source kind type"" == NULL",2,2,4
!DECL_ANTICIPATED (old_fn) || DECL_HIDDEN_FRIEND_P (old_fn),2,2,4
ffeinfo_kindtype (ffebld_info (itervar)) == FFEINFO_kindtypeINTEGERDEFAULT,2,2,4
reason != LC_ENTER_MACRO,3,1,4
times,2,2,4
perm3_mask_high != NULL,2,2,4
norm_cond2->conds.length () == 1,2,2,4
r.a[2] == INT16x4_MAX,4,0,4
"""INTEGER3/REAL bad source kind type"" == NULL",2,2,4
SA.partition_to_pseudo[dest],3,1,4
"init != NULL_TREE, 149",2,2,4
"TREE_CODE (decl) == VAR_DECL, 19990420",2,2,4
dst != a && dst != b,4,0,4
single_exit (loop),4,0,4
!x->prev,2,2,4
"useless_type_conversion_p (TREE_TYPE (orig_name), TREE_TYPE (new_name))",2,2,4
regno < FIRST_PSEUDO_REGISTER || reg_renumber[regno] >= 0 || reg_equiv_constant[regno] == NULL_RTX,2,2,4
"definition || Is_Public (gnat_entity) || type_annotate_only || kind == E_Discriminant || kind == E_Component || kind == E_Label || (kind == E_Constant && Present (Full_View (gnat_entity))) || IN (kind, Type_Kind)",2,2,4
IS_AGGR_TYPE (type),2,2,4
a->size == s,2,2,4
node->symbol.analyzed,2,2,4
node->global.inlined_to || !DECL_SAVED_TREE (decl) || DECL_EXTERNAL (decl),2,2,4
picochip_pretend_arg_area_byte_offset () % 4 == 0,2,2,4
mat != NULL,2,2,4
INTEGER_CST_P (size),2,2,4
"!chrec_contains_undetermined (new_expr) && !tree_contains_chrecs (new_expr, NULL)",2,2,4
values_ldouble.f15 == f15,4,0,4
"GENERIC_TREE_OPERAND (t, 0) == decl",2,2,4
"""bad op for ffeequiv_update_init"" == NULL",2,2,4
gdk_pixbuf_get_bits_per_sample (gr->drawbuf) == bits_per_sample,2,2,4
CLS_GETNUMBER(cls)==0,2,2,4
!bsi_end_p (si) && TREE_CODE (bsi_stmt (si)) == OMP_RETURN,2,2,4
in_prefix,2,2,4
CONSTANT_P (op0),2,2,4
!region->resume,2,2,4
"(IN (Ekind (gnat_entity), Incomplete_Or_Private_Kind) && Present (Full_View (gnat_entity)) && No (Freeze_Node (Full_View (gnat_entity)))) || Is_Concurrent_Type (gnat_entity) || (IN (Ekind (gnat_entity), Record_Kind) && Is_Concurrent_Record_Type (gnat_entity))",2,2,4
"parms != NULL_TREE, 0",2,2,4
! map->popcount,2,2,4
FFEINFO_kindtype == ARRAY_SIZE (ffeinfo_kindtype_string_),2,2,4
"TREE_CODE (name) == IDENTIFIER_NODE, 373",2,2,4
" strictly_less_or_less_equal(base_type::_S_key(prev), _KeyOfValue()(*access[pos]))",2,2,4
retval == NULL || t == retval,2,2,4
" constant-expression , string-literal ",3,1,4
values_float.f14 == f14,4,0,4
"VEC_length (gimple, norm_cond2->conds) == 1",2,2,4
!(saved_regs_mask & (1 << PC_REGNUM)),3,1,4
"GET_CODE (XVECEXP (trueop1, 0, 0)) == CONST_INT",2,2,4
values_int.i2 == i2,4,0,4
!TYPE_IS_SIZETYPE (TREE_TYPE (value)),2,2,4
ffesymbol_storage (root_sym) == NULL,2,2,4
inline_summary (node)->self_insns == node->global.insns,2,2,4
values_double.f12 == f12,4,0,4
GET_MODE (op0) == vmode,3,1,4
ss2 != gfc_ss_terminator,2,2,4
"""%lossage"" == NULL",2,2,4
ffebld_op (source) == FFEBLD_opCONTER,2,2,4
"""COMPLEX1/REAL bad source kind type"" == NULL",2,2,4
ffebad_index_ != FFEBAD_MAX_,2,2,4
(int) line_table->used == i,2,2,4
(colorable_p && (ALLOCNO_LEFT_CONFLICTS_SIZE (allocno) + ira_reg_class_nregs[cover_class][ALLOCNO_MODE (allocno)] <= ALLOCNO_AVAILABLE_REGS_NUM (allocno))) || (! colorable_p && (ALLOCNO_LEFT_CONFLICTS_SIZE (allocno) + ira_reg_class_nregs[cover_class][ALLOCNO_MODE (allocno)] > ALLOCNO_AVAILABLE_REGS_NUM (allocno))),2,2,4
TYPE_MODE_BIT (type_mode) & (TB_DREG | TB_QREG),2,2,4
"""Ambiguous generic reference"" == NULL",2,2,4
ffeexpr_level_ == ffesymbol_maxentrynum (sp),2,2,4
dv_onepart_p (s2var->dv),2,2,4
insn_data[icode].operand[k].mode == DImode,2,2,4
attr_name[0] != '_',4,0,4
"""unexpected attribute"" == NULL",2,2,4
"insn_operand_matches (icode, 2, rtx_v0)",2,2,4
index_of_location < MAX_LOCATIONS_PER_MESSAGE,2,2,4
"valid_lattice_transition (*old_val, new_val)",2,2,4
se->string_length && TREE_CODE (TREE_TYPE (se->string_length)) == INTEGER_TYPE,2,2,4
leftover < UNITS_PER_WORD,2,2,4
ad.segment == NULL,2,2,4
1 <= __result->_M_ref_count,2,2,4
me_arg,3,1,4
ds & DEP_ANTI,3,1,4
TREE_CODE (cont) == OMP_CONTINUE,2,2,4
sym->ts.cl,2,2,4
cgraph_function_with_gimple_body_p (node),2,2,4
ffestb_local_.format.exp.present,2,2,4
(width & -width) == width,2,2,4
!POINTER_TYPE_P (outer_type),2,2,4
"is_friend != 0, 0",2,2,4
"""INTEGER3/LOGICAL bad source kind type"" == NULL",2,2,4
"!virtual_offset || tree_int_cst_equal (virtual_offset, size_int (virtual_value))",2,2,4
is_gimple_reg (SSA_NAME_VAR (def)),2,2,4
"""LOGICAL3/LOGICAL bad source kind type"" == NULL",2,2,4
HOST_BITS_PER_WIDE_INT >= 64,3,1,4
(bit & alchk) == ((bit + size - 1) & alchk),2,2,4
"""REAL2/REAL bad source kind type"" == NULL",2,2,4
TREE_CODE (decl) == TYPE_DECL,4,0,4
"symtab_in_same_comdat_p (node, decl_node)",2,2,4
!delete_unreachable_blocks (),2,2,4
"0 == compare_tree_int (DECL_SIZE_UNIT (cbt), (ffeglobal_common_size (g) + ffeglobal_common_pad (g)))",2,2,4
arg2 == const0_rtx && mode == GET_MODE(arg1),2,2,4
"TREE_CODE (name) == IDENTIFIER_NODE, 384",2,2,4
TREE_CODE (ce->index) == IDENTIFIER_NODE,2,2,4
insn_data[icode].operand[k].mode == SImode,2,2,4
"immediate_load_p (x, mode)",2,2,4
REG_Z == REGNO (addr),3,1,4
 l != NULL ? l->_M_color == std::_S_black : true,2,2,4
ffebld_conter_pad (expr) == 0,2,2,4
uid1 != uid2,2,2,4
"ipa_node_params_vector && (VEC_length (ipa_node_params_t, ipa_node_params_vector) > (unsigned) cgraph_max_uid)",2,2,4
res_prec,2,2,4
bset->type != BUSY_SET_PARTIAL,4,0,4
b1,2,2,4
"!ENABLE_SCOPE_CHECKING || scope->binding_depth == binding_depth, 20030529",2,2,4
cover_class == ALLOCNO_COVER_CLASS (a),2,2,4
perm3_mask_low != NULL,2,2,4
TREE_CODE (labeled_block) == LABELED_BLOCK_EXPR,2,2,4
r.a[3] == INT16x4_MAX,4,0,4
t == &header,2,2,4
!(sa & ~(FFESYMBOL_attrsDUMMY | FFESYMBOL_attrsTYPE)),2,2,4
gimple_has_ops (stmt),2,2,4
"REGNO (XEXP (src, 0)) == cfa.reg",2,2,4
!store_lanes_p || alignment_support_scheme == dr_aligned || alignment_support_scheme == dr_unaligned_supported,2,2,4
!node->same_body_alias,2,2,4
TREE_CODE (mpt) == MEMORY_PARTITION_TAG && !is_gimple_reg (sym),2,2,4
"!args || TREE_CODE (args) == TREE_LIST, 20020712",2,2,4
!flag_ipa_cp,2,2,4
"(*env)->GetArrayLength (env, javaInkExtents) == 4",2,2,4
ffeinfo_kindtype (ffebld_info (len)) == FFEINFO_kindtypeINTEGERDEFAULT,2,2,4
"""REAL3/COMPLEX bad source kind type"" == NULL",2,2,4
bb_info->top == bb_info->in,2,2,4
"!flag_new_abi, 200005222",2,2,4
"""OR bad basictype"" == NULL",2,2,4
entry_edge != orig_entry_edge,2,2,4
"VEC_length(cp_class_binding, current_binding_level->class_shadowed) == 0, 19990414",2,2,4
INDIRECT_REF_P (deref) && TREE_CODE (addr) == ADDR_EXPR,2,2,4
values_long.i5 == i5,4,0,4
new_lhs,2,2,4
r0,2,2,4
ffebld_pool_stack_.next != NULL,2,2,4
"binfo == CANONICAL_BINFO (binfo, for_type), 20010605",2,2,4
(unsigned long)&u5.v == rsp+264,2,2,4
precision <= 2,2,2,4
"!flag_new_abi, 200004105",2,2,4
CLASSOF (impostor)->super_class == CLASSOF (super_class),2,2,4
loop_nb >= 0,2,2,4
"ix_ < vec_->num, ""replace"", TDEF",2,2,4
"TREE_CHAIN (rhs) == NULL_TREE, 181",2,2,4
rp_a != NULL,2,2,4
"DECL_FIELD_CONTEXT (field) != t, 351",2,2,4
!in_progress,2,2,4
"newtag != error_mark_node, 20010206",2,2,4
class == MODE_FLOAT,2,2,4
ffestc_local_.data.objlist != NULL,2,2,4
"GET_CODE (XEXP (src, 1)) == PLUS && GET_CODE (val) == CONST_INT",2,2,4
lst && father && dewey >= 0,2,2,4
!TREE_CONSTANT_OVERFLOW (gnu_result),2,2,4
!aligned_access_p (first_dr),2,2,4
lhs_acc.t_code == INDIRECT_REF,2,2,4
"cgraph_edge_badness (edge, false) == badness",2,2,4
"cr_offset && host_integerp (cr_offset, 1)",2,2,4
set && GET_CODE (set) == SET,2,2,4
length == UNITS_PER_WORD,2,2,4
get_attr_guess (insn) == GUESS_YES,2,2,4
"""COMPLEX2/COMPLEX bad source kind type"" == NULL",2,2,4
left_operand->type == FFEEXPR_exprtypeOPERAND_,2,2,4
(cfun->machine->frame.mask >> 31) & 1,2,2,4
"DECL_P (decl), 390",2,2,4
libcall_sp != libcall_stack,2,2,4
ffelex_is_firstnamechar (*s),2,2,4
e->src->loop_father != e->dest->loop_father,2,2,4
!mh,4,0,4
g->u.common.blank == blank,2,2,4
!n_bbs_in_dom_tree[dir],2,2,4
attr[1] == '_',2,2,4
i != ARRAY_SIZE (regs_saved_in_regs),2,2,4
TREE_CODE (x) == VAR_DECL || TREE_CODE (x) == CONST_DECL,2,2,4
last_element,2,2,4
cnt[0] >= 0,2,2,4
length == TREE_OPERAND_LENGTH (expr),2,2,4
ffestd_statelet_ == FFESTD_stateletITEMVALS_,2,2,4
to_mode >= MIN_MODE_INT && to_mode <= MAX_MODE_INT && from_mode >= MIN_MODE_INT && from_mode <= MAX_MODE_INT,2,2,4
"expression, __FILE__, __LINE__",2,2,4
!SCHED_GROUP_P (insn),3,1,4
dest->needed,2,2,4
index < v_may_defs->num_v_may_defs,2,2,4
JUMP_P (insn),4,0,4
"""COMPLEX1 bad type"" == NULL",2,2,4
"""strange context"" == NULL",2,2,4
"""bad init op in gather_"" == NULL",2,2,4
values_double.f14 == f14,4,0,4
c[2] == '*',2,2,4
j == DECL_INSN_RESERV (advance_cycle_insn_decl)->insn_num,2,2,4
"VEC_length (ce_s, *results) >= 1 || ref_contains_array_ref (orig_t)",2,2,4
vnode->definition,3,1,4
this->location_ == 0,2,2,4
"buf, limit, op, keyword",2,2,4
draw != (XID) 0,2,2,4
uses,2,2,4
GET_CODE (PATTERN (insn)) == USE || GET_CODE (PATTERN (insn)) == CLOBBER || GET_CODE (PATTERN (insn)) == ADDR_VEC || GET_CODE (PATTERN (insn)) == ADDR_DIFF_VEC || GET_CODE (PATTERN (insn)) == ASM_INPUT,2,2,4
text != NULL,2,2,4
emit_label_in_global_context_p (gimple_label_label (stmt)) || DECL_CONTEXT (gimple_label_label (stmt)) == fn->decl,2,2,4
operand,2,2,4
"""Unexpected item on list"" == NULL",2,2,4
(unsigned) g_last->top_reserved % g_regionsize == 0,2,2,4
m->fs.sp_offset == frame.reg_save_offset,3,1,4
current_loop,2,2,4
arg->next->expr,2,2,4
ffestp_file.write.write_spec[spec2].kw_or_val_present,2,2,4
EDGE_COUNT (bb->preds) <= 2,2,2,4
opts_set = &global_options_set,2,2,4
real_type == TREE_TYPE (TREE_TYPE (arg2)),2,2,4
"ix_ < vec_->num, ""replace"", T, base",2,2,4
TREE_CODE (e->symbol.decl) == VAR_DECL,2,2,4
mode == GET_MODE (rtl) || VOIDmode == GET_MODE (rtl),3,1,4
cif->abi == FFI_OSF,2,2,4
 it != get_map().end() ,2,2,4
!f->sym->attr.allocatable,2,2,4
"get_AT_flag (old_die, DW_AT_declaration) == 1",2,2,4
"""type?"" == NULL",2,2,4
TREE_CODE (type) == VECTOR_TYPE,3,1,4
REG_P (scratch_or_premodify),2,2,4
ffelex_is_firstnamechar ((unsigned char)*s),2,2,4
GET_CODE (h->libfunc) = SYMBOL_REF,2,2,4
!t->common.ann || t->common.ann->common.type == FUNCTION_ANN,2,2,4
(start + len) <= t->length,2,2,4
tag != NULL,4,0,4
SPE_CONST_OFFSET_OK (reg_size * i + spe_offset),2,2,4
TREE_CHAIN (target),3,1,4
"stmts_are_full_exprs_p (), 19990831",2,2,4
BB_HEAD (bb) == head,2,2,4
TYPE_REF_IS_RVALUE (ref_type) && (real_lvalue_p (expr) || next_conversion(convs)->kind == ck_rvalue),2,2,4
"pfile, NULL, NULL, NULL",2,2,4
r.a[0] == 3,4,0,4
lexer->next_token->type != CPP_PURGED,2,2,4
TREE_CODE (dummy) == PARM_DECL && POINTER_TYPE_P (type),2,2,4
insert != INSERT,2,2,4
r->start <= r->finish,3,1,4
conc->left_problem!=NULL and conc->right_problem!=NULL,2,2,4
offset < (1u << map->column_bits),2,2,4
"insn_data[icode].operand[1].predicate (x, insn_data[icode].operand[1].mode)",2,2,4
len >= 9,4,0,4
!CONST_SCALAR_INT_P (x) && GET_CODE (x) != CONST_FIXED,2,2,4
!PENDING_STMT (e),3,1,4
__losers[__right]._M_source == -1,2,2,4
shift1_mask != NULL,2,2,4
!ret,4,0,4
context == global_namespace || context != NULL || TREE_CODE (context) == FUNCTION_DECL,2,2,4
n12 == e12,4,0,4
isym->formal->next->next == NULL,2,2,4
"XEXP (x, 0) == reg",2,2,4
gimple_code (stmt) != GIMPLE_PHI && (!(flags & SSA_OP_VDEF) || (flags & SSA_OP_DEF)) && (!(flags & SSA_OP_VUSE) || (flags & SSA_OP_USE)),2,2,4
ffestp_file.inquire.inquire_spec[FFESTP_inquireixUNIT].kw_or_val_present,2,2,4
"""LOGICAL2/LOGICAL bad source kind type"" == NULL",2,2,4
!LST_LOOP_P (stmt),2,2,4
GET_MODE (reg) != BLKmode,2,2,4
GC_fl_builder_count == 0,3,1,4
"vec_ && vec_->num, ""last"", TDEF",2,2,4
"REG_P (XEXP (src, 0)) && (unsigned) REGNO (XEXP (src, 0)) == cfa_temp.reg && CONST_INT_P (XEXP (src, 1))",2,2,4
"rtx_equal_p (PATTERN (insn), PATTERN (orig_insn))",2,2,4
rse.ss == gfc_ss_terminator,3,1,4
cand != NULL,3,1,4
"insn_data[icode].operand[0].predicate (targ0, mode)",2,2,4
"""relational bad basictype"" == NULL",2,2,4
ip_to_solve.pos_beg <= ip_to_solve.pos_end,2,2,4
TREE_CODE (e->symbol.decl) == FUNCTION_DECL,2,2,4
width == op_width,2,2,4
GIMPLE_STMT_P (stmt) || !VECTOR_MODE_P (TYPE_MODE (TREE_TYPE (stmt))),2,2,4
ffeinfo_basictype (ffebld_info (itervar)) == FFEINFO_basictypeINTEGER,2,2,4
(pushok != 2) || (pushok != 0),2,2,4
"""LOGICAL1/LOGICAL bad source kind type"" == NULL",2,2,4
index < v_must_defs->num_v_must_defs,2,2,4
"tail1 == 0 || TREE_CODE (tail1) == TREE_LIST, 319",2,2,4
DECL_CONTEXT (decl) == NULL_TREE,2,2,4
"""REAL3/INTEGER bad source kind type"" == NULL",2,2,4
alignment_support_scheme == dr_aligned,2,2,4
info && se->loop,3,1,4
perm_mask_high != NULL,2,2,4
cgraph_node_set_nonempty_p (set) || varpool_node_set_nonempty_p (vset) || !i,2,2,4
REGNO (*loc) < FIRST_PSEUDO_REGISTER,2,2,4
"stmts_are_full_exprs_p () == 1, 19990926",2,2,4
" is_copy_assignable<_Tp>::value, ""type is not assignable"" ",2,2,4
"aarch64_const_vec_all_same_int_p (x, HOST_WIDE_INT_MIN, HOST_WIDE_INT_MAX)",2,2,4
!data.reverse,2,2,4
a->popcount[ix] == do_popcount (a->elms[ix]),2,2,4
"!flag_new_abi, 200004108",2,2,4
(((unsigned long)&x) & (align - 1)) == 0,2,2,4
"!BINFO_VPTR_INDEX (binfo), 20010129",2,2,4
"!class_binding_level, 386",2,2,4
"dst_->num + len_ <= dst_->alloc, ""splice"", T, base",2,2,4
victim != NULL,2,2,4
"id != NULL_TREE, 0",2,2,4
"""ffestc_R544_equiv_ bad op"" == NULL",2,2,4
arglist == NULL,2,2,4
pre_order_num == n_basic_blocks,2,2,4
ffebld_op (dest) == FFEBLD_opSYMTER,2,2,4
"_Base > 0xe, ""invalid digit""",2,2,4
ADDR_SPACE_GENERIC_P (addrspace),2,2,4
argsize == 128,2,2,4
ARITHMETIC_TYPE_P (t1) || TREE_CODE (t1) == VECTOR_TYPE || UNSCOPED_ENUM_P (t1),2,2,4
mask,3,1,4
"""COMPLEX1/COMPLEX bad source kind type"" == NULL",2,2,4
"pfile, pend->arg",2,2,4
cfun->machine->frame.fp_reg_size == 0,2,2,4
"!find_reg_note (insn, REG_EH_REGION, NULL_RTX)",2,2,4
"VEC_length (ce_s, lhsc) == 1",2,2,4
vnode->symbol.definition,2,2,4
TYPE_SATURATING (type) == TYPE_SATURATING (TREE_TYPE (arg0)),2,2,4
is_gimple_ip_invariant (item->value),3,1,4
loop->inner && bb->loop_father == loop->inner,2,2,4
index <= gs->gimple_phi.capacity,2,2,4
ffelex_is_firstnamechar ((unsigned char)(t->text[start])),2,2,4
sym->assoc,3,1,4
(unsigned long)&u.x == rsp+8,4,0,4
ffeexpr_stack_->context == FFEEXPR_contextEQUIVALENCE,2,2,4
is_gimple_assign (t),2,2,4
se->ss->expr == expr && se->ss->type == GFC_SS_CONSTRUCTOR,2,2,4
stmt_vec_info_vec,2,2,4
"""constant type not supported""==NULL",2,2,4
m_entries != NULL,2,2,4
_M_size == __v._M_size,2,2,4
seq != i->seq,2,2,4
cl_options[scode].flag_var,2,2,4
MEM_P (dstv),4,0,4
TREE_CODE (fns) == IDENTIFIER_NODE || TREE_CODE (fns) == OVERLOAD,2,2,4
"""?0:?:"" == NULL",2,2,4
block && block->is_scalar,2,2,4
changed_count > 0,2,2,4
"CLASS_TYPE_P (context_class), 20020808",2,2,4
TYPE_NAME (left_base_type) && (TYPE_NAME (left_base_type) == TYPE_NAME (right_base_type)),2,2,4
FFEINTRIN_imp == ARRAY_SIZE (ffeintrin_imps_),2,2,4
is_gimple_lvalue (desc),2,2,4
rhs_class != GIMPLE_UNARY_RHS || op_type == unary_op,2,2,4
"""LOGICAL4 bad type"" == NULL",2,2,4
desired_alignment <= 16,2,2,4
templ && get_template_info (templ) && TI_TEMPLATE (get_template_info (templ)) && type_decl && (TREE_CODE (type_decl) == TYPE_DECL),2,2,4
nops >= 4 && nops <= 6,2,2,4
"tail1 == 0 || TREE_CODE (tail1) == TREE_LIST, 320",2,2,4
next_stmt,2,2,4
!cfun->stdarg,2,2,4
parent,4,0,4
"""CONVERT COMPLEX bad basictype"" == NULL",2,2,4
l2align <= L2_MAX_OFILE_ALIGNMENT,4,0,4
"TREE_CODE (name) == IDENTIFIER_NODE, 153",2,2,4
last->next == NULL,3,1,4
"""machine=littleendian""",3,1,4
"TREE_CODE (ctx) == UNINSTANTIATED_P_TYPE, 266",2,2,4
!assembler_name_hash,2,2,4
"""narrowing COMPLEX to REAL"" == NULL",2,2,4
__pos < size(),2,2,4
ffeexpr_stack_->exprstack != NULL,2,2,4
"""LOGICAL1 bad type"" == NULL",2,2,4
!cfa_remember.in_use,2,2,4
TREE_CODE (var) == VAR_DECL || TREE_CODE (var) == PARM_DECL,2,2,4
not_found_bb_index == -1,2,2,4
impostor,2,2,4
"(*insn_data[icode].operand[0].predicate) (x, insn_data[icode].operand[0].mode)",2,2,4
c == NULL,2,2,4
new_ann->symbol_mem_tag == orig_ann->symbol_mem_tag,2,2,4
values_ldouble.f9 == f9,4,0,4
TREE_CODE (t) == ARRAY_TYPE,2,2,4
i != i0,2,2,4
ffestorag_accretion (st) == NULL,2,2,4
flowrow_is_row(e),2,2,4
"""stumped by conversion from typeless!"" == NULL",2,2,4
GET_MODE (sel) == vmode,3,1,4
MAP_START_LOCATION (map) < loc + offset,2,2,4
!failure,2,2,4
"!flag_new_abi, 20000411",2,2,4
vec_stmt && gimple_code (vec_stmt) == GIMPLE_PHI,2,2,4
!writable,2,2,4
val != vsrc,2,2,4
javaInkExtents != NULL,2,2,4
"GET_CODE (XEXP (rtl, 1)) == CONST_INT",2,2,4
TYPE_FAT_OR_THIN_POINTER_P (thin_fat_ptr_type),2,2,4
"!methodp, 355",2,2,4
usage->item->index_in_class < usage->item->cls->members.length (),3,1,4
TREE_CODE (name) == IDENTIFIER_NODE || TREE_CODE (name) == BIT_NOT_EXPR,2,2,4
"!type || TREE_CODE (type) != NAMESPACE_DECL, 980711",2,2,4
expr->ts.type == BT_CHARACTER,3,1,4
ip->newivs && ip->newivs_index.is_created (),2,2,4
"XEXP (label_note, 0) == XEXP (SET_SRC (label_set), 0)",2,2,4
sym->attr.referenced,2,2,4
"DECL_P (decl) || TREE_CODE (decl) == OVERLOAD || TREE_CODE (decl) == SCOPE_REF || TREE_CODE (decl) == UNBOUND_CLASS_TEMPLATE || BASELINK_P (decl), 20000619",2,2,4
"VEC_empty (rtx, regs_set)",2,2,4
ffesymbol_equiv (sym) != victim,2,2,4
values_float.f13 == f13,4,0,4
count == VTI (bb)->n_mos,2,2,4
var == get_reaching_def (SSA_NAME_VAR (var)),2,2,4
target->list && target->list->value,2,2,4
fld && fld->is_scalar && !fld->replacement,2,2,4
"opbuild_num_elems (&build_vuses) == VEC_length (tree, clobbered_vuses)",2,2,4
num <= ira_allocnos_num,2,2,4
sym->as->type != AS_DEFERRED,2,2,4
expr->op1->ts.type == expr->op2->ts.type,2,2,4
"_Base > 0xc, ""invalid digit""",2,2,4
"reg_equiv[regno].init_insns && !XEXP (reg_equiv[regno].init_insns, 1)",2,2,4
str.d == d,4,0,4
vars_to_rename,2,2,4
!args || TREE_CODE (args) == TREE_LIST,2,2,4
"0 == compare_tree_int (DECL_SIZE_UNIT (t), ffestorag_size (st))",2,2,4
res == res1,4,0,4
TREE_CODE (element) == ARRAY_TYPE,2,2,4
"expected, pp_formatted_text (&pp)",3,1,4
!*prev,2,2,4
stmts_are_full_exprs_p (),4,0,4
"TREE_CODE (user) == NAMESPACE_DECL, 380",2,2,4
TREE_TYPE (TREE_TYPE (op1)) == type,2,2,4
"""INTEGER2/REAL bad source kind type"" == NULL",2,2,4
no < fn_n_ctrs[counter] - fn_b_ctrs[counter],3,1,4
p->index_by_depth == i,2,2,4
is_builtin_fn (callee) && DECL_BUILT_IN_CLASS (callee) == BUILT_IN_NORMAL && DECL_FUNCTION_CODE (callee) == BUILT_IN_STRLEN,2,2,4
ALLOCNO_IN_GRAPH_P (allocno) && ALLOCNO_COVER_CLASS (allocno) == cover_class && (ALLOCNO_LEFT_CONFLICTS_SIZE (allocno) + ira_reg_class_nregs[cover_class][ALLOCNO_MODE (allocno)] > ALLOCNO_AVAILABLE_REGS_NUM (allocno)),2,2,4
"""LOGICAL1/INTEGER bad source kind type"" == NULL",2,2,4
TREE_CODE (DECL_SIZE_UNIT (cbt)) == INTEGER_CST,2,2,4
fcode < END_BUILTINS,2,2,4
index < FFEBAD_MAX_,2,2,4
"VEC_length (object_hard_regs_node_t, hard_regs_node_vec) == 0",2,2,4
"!CONSTANT_P (XEXP (rhs, 0))",2,2,4
lst && father && dewey >= 0 && level >= 0,2,2,4
ffeste_statelet_ == FFESTE_stateletSIMPLE_,2,2,4
element_size <= sizeof (uint64_t),2,2,4
old->lattice_val != VARYING || get_default_value (var).lattice_val == VARYING,2,2,4
ffesymbol_equiv (symbol) == eq1,2,2,4
flag_whole_program || !TREE_PUBLIC (vnode->decl),2,2,4
reported_error,2,2,4
offset + units_expected - 1 <= ffedata_storage_size_,2,2,4
 (black_h_l == 0 and (l == NULL or l->_M_color == std::_S_red)) or (black_h_l != 0 and l != NULL),2,2,4
values_float.f12 == f12,4,0,4
MEM_P (to_rtx),3,1,4
FFEINTRIN_spec == ARRAY_SIZE (ffeintrin_specs_),2,2,4
TREE_VEC_LENGTH (declv) == TREE_VEC_LENGTH (initv),3,1,4
"""bad bin op"" == NULL",2,2,4
DECL_ARG_TYPE (parm_decl),2,2,4
"insn_data[icode].operand[0].predicate (x, insn_data[icode].operand[0].mode)",2,2,4
size % g_pagesize == 0,2,2,4
gpr,2,2,4
se->want_pointer && !se->direct_byref,2,2,4
remainder_size == 0,2,2,4
!rhs_acc.var_found || !lhs_acc.var_found,2,2,4
"""COMPLEX2/INTEGER bad source kind type"" == NULL",2,2,4
se->ss != NULL && se->ss != gfc_ss_terminator,2,2,4
original_copy_bb_pool,4,0,4
(unsigned) g_last->top_committed % g_pagesize == 0,2,2,4
s == (mallocSize) ss,2,2,4
r <= 31,4,0,4
"""DATA implied-DO control var seen twice!!"" == NULL",2,2,4
ifun->eh->last_region_number > 0,2,2,4
TREE_CODE (TREE_PURPOSE (tmp)) == FIELD_DECL,2,2,4
(TREE_CODE (TREE_TYPE (e)) == INTEGER_TYPE && TYPE_PRECISION (type) <= TYPE_PRECISION (TREE_TYPE (e))) || (TREE_CODE (TREE_TYPE (e)) == POINTER_TYPE && (TYPE_PRECISION (type) == TREE_INT_CST_LOW (TYPE_SIZE (TREE_TYPE (e))))),2,2,4
ffeinfo_basictype (ffebld_info (kind)) == FFEINFO_basictypeINTEGER,2,2,4
cfa.reg == STACK_POINTER_REGNUM,2,2,4
CONST_INT_P (addend),3,1,4
t == sizetype,2,2,4
new_var->n_var_parts == 1,2,2,4
orig_pi != dest_pi,2,2,4
GET_MODE_ALIGNMENT (GET_MODE (mem)) <= MEM_ALIGN (mem),2,2,4
"pfile, name, len, hash",2,2,4
"TYPE_MAIN_DECL (value) != NULL_TREE, 261",2,2,4
"building_stmt_tree (), 20000906",2,2,4
len >= GFC_ITOA_BUF_SIZE,2,2,4
spec->value_is_label,2,2,4
TREE_VEC_LENGTH (declv) == TREE_VEC_LENGTH (condv),3,1,4
lp_result == isl_lp_ok,2,2,4
"TREE_CODE (value) == PTRMEM_CST, 0",2,2,4
"(IDENTIFIER_GLOBAL_VALUE (name) == NULL_TREE) || (IDENTIFIER_GLOBAL_VALUE (name) == x), 378",2,2,4
"""bad op in _gather_"" == NULL",2,2,4
!vnode->symbol.definition || prevailing_node->symbol.definition,2,2,4
"!symtab_remove_unreachable_nodes (false, dump_file)",2,2,4
TREE_CODE (decl) == FUNCTION_DECL || (TREE_CODE (decl) == VAR_DECL && (TREE_STATIC (decl) || DECL_EXTERNAL (decl) || TREE_PUBLIC (decl))),3,1,4
node->needed,2,2,4
at_eof,4,0,4
"name != dtor_identifier, 20000408",2,2,4
kstatus == KERN_SUCCESS,4,0,4
REGNO (dest) == HARD_FRAME_POINTER_REGNUM && fde->drap_reg != INVALID_REGNUM && cfa.reg != REGNO (src),2,2,4
"operand_equal_p (e, base, 0)",2,2,4
TREE_STATIC (vnode->decl),2,2,4
!optimize || !INSN_DELETED_P (before),2,2,4
nloop,2,2,4
c->ts.cl->backend_decl,2,2,4
diagnostic->kind < DK_LAST_DIAGNOSTIC_KIND,3,1,4
(subrname != NULL) && (ffelex_token_type (subrname) == FFELEX_typeNAME),2,2,4
offset + length <= b->size,2,2,4
"""EQV bad basictype"" == NULL",2,2,4
newss->data.info.dimen > 0,2,2,4
"current_binding_level->kind != sk_namespace, 980716",2,2,4
get_varinfo (j)->node == j,2,2,4
"vec_ ? vec_->num >= size_ : !size_, ""truncate"", T, base",2,2,4
code == OMP_SIMD,4,0,4
"TREE_CODE (binfo) == TREE_VEC, 20030623",2,2,4
perm_mask_odd != NULL,2,2,4
*(size_t *)real_p == old_sz,2,2,4
result_type == base_type,2,2,4
ALLOCNO_COVER_CLASS (subloop_allocno) == rclass,2,2,4
r.a[5] == 0,4,0,4
!chrec_contains_undetermined (scev),2,2,4
tag != NULL_TREE,2,2,4
ffecom_pending_calls_ > 0,2,2,4
assert_expr,2,2,4
f != NULL,2,2,4
ALLOCNO_FIRST_COALESCED_ALLOCNO (allocno) == allocno,2,2,4
(unsigned) base_reserved % g_regionsize == 0,2,2,4
FFEINFO_basictype == ARRAY_SIZE (ffeinfo_basictype_string_),2,2,4
sparc_leaf_function_p == current_function_uses_only_leaf_regs,2,2,4
"DECL_NAME (value) != 0, 246",2,2,4
canon_expr_type != NULL_TREE,2,2,4
i->type == OMP_SECTION,2,2,4
"!REAL_VALUES_LESS (mv, bcv)",2,2,4
TREE_PERMANENT (TREE_TYPE (t)),2,2,4
TREE_CODE (decl) == FUNCTION_DECL ? b->nested : !b->nested,2,2,4
"VEC_length (tree, conds) == 0",2,2,4
IS_EMPTY_STMT (def_stmt),2,2,4
pf != NULL,2,2,4
loc + offset < MAP_START_LOCATION (&map[1]),2,2,4
GET_MODE (op1) == mode,3,1,4
is_gimple_reg_type (va_list_type_node) == va_list_simple_ptr,2,2,4
values_ldouble.f10 == f10,4,0,4
"host_integerp (maxsize, 1)",2,2,4
"_Base > 0xf, ""invalid digit""",2,2,4
chunk->magic == CHUNK_MAGIC || chunk->magic == DEADCHUNK_MAGIC,2,2,4
!c->backend_decl,2,2,4
"(*env)->GetArrayLength (env, javaPos) == 4",2,2,4
!POINTER_TYPE_P (left_type),2,2,4
"name, comp_code, val, NULL, e, si",2,2,4
glyphs,2,2,4
!STMT_VINFO_PATTERN_DEF_STMT (stmt_def_vinfo),2,2,4
(ffelab_type (l) == FFELAB_typeLOOPEND) || (ffelab_type (l) == FFELAB_typeANY),2,2,4
old_version_node->local.can_change_signature || !args_to_skip,2,2,4
ffeinfo_basictype (ffebld_info (end)) == FFEINFO_basictypeINTEGER,2,2,4
TREE_CODE (arg) == PARM_DECL && POINTER_TYPE_P (TREE_TYPE (arg)),2,2,4
ann->aux,2,2,4
"n < num_tokens (), 298",2,2,4
current_function_decl == NULL_TREE && cfun == NULL,3,1,4
"cfa_store_reg == REGNO (XEXP (XEXP (dest, 0), 0))",2,2,4
"pend_assertion_options[i], pend_assertions[i]",2,2,4
pass_name_tab,2,2,4
GET_CODE (vector_element) == SET,4,0,4
bb->index < last_basic_block,2,2,4
"""INTEGER2/INTEGER bad source kind type"" == NULL",2,2,4
blocks_to_update == NULL,3,1,4
!TARGET_64BIT || TARGET_64BIT_MS_ABI,2,2,4
max_objs == 0 || objs != NULL,2,2,4
n2 == e2,4,0,4
values_double.f8 == f8,4,0,4
l < FFEINFO_basictype,2,2,4
m_exp + s <= SREAL_MAX_EXP,3,1,4
ira_class_hard_reg_index[cover_class][old_hard_regno] >= 0,2,2,4
IDENTIFIER_TRANSPARENT_ALIAS (iname),2,2,4
"!TYPE_IS_SIZETYPE (TREE_TYPE (size)), 20001021",2,2,4
ffesymbol_sfdummyparent (s) != NULL,2,2,4
__left == __result_left || 1 == __result_left->_M_ref_count,2,2,4
code->next == NULL,2,2,4
ALLOCNO_COVER_CLASS (a) == ALLOCNO_COVER_CLASS (parent_a),2,2,4
"!VOID_TYPE_P (type), 20040130",2,2,4
next_token != NULL,2,2,4
"REGNO (XEXP (src, 1)) == cfa_temp_reg",2,2,4
!decl || DECL_P (decl) || TREE_CODE (decl) == IDENTIFIER_NODE,2,2,4
__b != memory_order_release,4,0,4
new_pred,2,2,4
r != NULL ? r->_M_color != std::_S_red and black_h_r > 0 : black_h_r == 0,2,2,4
flag_whole_program || !TREE_PUBLIC (node->decl),2,2,4
"""cpu=x86_64""",2,2,4
expr->op1->ts.type == BT_CHARACTER && expr->op2->ts.type == BT_CHARACTER,2,2,4
output_dependency_cache,2,2,4
(funcname != NULL) && (ffelex_token_type (funcname) == FFELEX_typeNAME),2,2,4
"""Sasha Foo!!"" == NULL",2,2,4
"level != 0, 354",2,2,4
args != NULL,2,2,4
changed_syms == NULL,2,2,4
offset == b->size,2,2,4
conv->kind == ck_ref_bind,2,2,4
mcode != CODE_FOR_nothing && scode != CODE_FOR_nothing,2,2,4
r.a[3] == -1,4,0,4
TREE_ASM_WRITTEN (decl),3,1,4
insn->get_op (opi),4,0,4
offset + range <= b->size,2,2,4
"same_type_p (type, TREE_TYPE (expr))",2,2,4
gen < FFEINTRIN_gen,2,2,4
"ix <= VEC_length (tree, cache->nodes)",2,2,4
FFEBAD == ARRAY_SIZE (ffebad_messages_),2,2,4
"loop == vect_loop || flow_loop_nested_p (vect_loop, loop)",2,2,4
index <= ffelex_token_length (names_token),2,2,4
glat_start[b->index] || CONTAINING_RGN (b->index) != CONTAINING_RGN (BB_TO_BLOCK (src)),2,2,4
!bsi_end_p (si),2,2,4
base_type != NULL,2,2,4
dest->needed || !dest->analyzed,2,2,4
 island ,2,2,4
t == NULL_TREE,2,2,4
allow_non_constant || errorcount,2,2,4
ffeinfo_kindtype (ffebld_info (filename)) == FFEINFO_kindtypeCHARACTERDEFAULT,2,2,4
"cpp_reader * cr ATTRIBUTE_UNUSED, const char *s ATTRIBUTE_UNUSED",2,2,4
" conc[(pos-1)*2]->t == NULL or strictly_less_or_less_equal (base_type::_S_key(base_type:: _S_maximum(conc[(pos-1)*2]->t)), base_type::_S_key(r[np]))",2,2,4
WORKER_USER == w->l->type,3,1,4
TREE_CODE (node->symbol.decl) == VAR_DECL,2,2,4
values_int.i4 == i4,4,0,4
"TREE_CODE_CLASS (TREE_CODE (decl)) == 'd', 0",2,2,4
"args == NULL_TREE, 20020712",2,2,4
TREE_CODE (TREE_TYPE (tmp)) != ARRAY_TYPE,2,2,4
"binding != NULL, 0",2,2,4
POINTER_TYPE_P (TREE_TYPE (tmp2)),4,0,4
(byte % GET_MODE_SIZE (outermode)) == 0,2,2,4
"is_overloaded_fn (dname), 19990331",2,2,4
"""Weird state for implicit object"" == NULL",2,2,4
is_almost_balanced(insertee),2,2,4
op_code == EQ_EXPR,3,1,4
opno >= 0 && opno < MAX_OPERANDS,4,0,4
!compare || compare == subweb,2,2,4
values_ldouble.f11 == f11,4,0,4
(k & (k - 1)) == 0,4,0,4
"""INTEGER4/LOGICAL bad source kind type"" == NULL",2,2,4
subloop_node->bb == NULL,4,0,4
ffeinfo_basictype (ffebld_info (begin)) == FFEINFO_basictypeINTEGER,2,2,4
(size_type)num_threads <= k,2,2,4
(TREE_CODE (ptr) == SSA_NAME || TREE_CODE (ptr) == ADDR_EXPR || TREE_CODE (ptr) == INTEGER_CST) && (TREE_CODE (decl) == VAR_DECL || TREE_CODE (decl) == PARM_DECL || TREE_CODE (decl) == RESULT_DECL),2,2,4
node->type == SYMTAB_FUNCTION,2,2,4
TREE_CODE (decl) == VAR_DECL || TREE_CODE (decl) == PARM_DECL || TREE_CODE (decl) == RESULT_DECL,3,1,4
info->modification_analysis_done || ipa_get_param_count (info) == 0,2,2,4
impostor->instance_size == super_class->instance_size,2,2,4
"regno < VEC_length (rtx, reg_base_value)",2,2,4
start,3,1,4
a && AT_class (a) == dw_val_class_str,3,1,4
ffebld_op (high) == FFEBLD_opCONTER,2,2,4
EDGE_COUNT (bb->preds) == 1,3,1,4
set != NULL_RTX,3,1,4
TYPE_ALIGN (type) < GET_MODE_ALIGNMENT (TYPE_MODE (field_type)),2,2,4
"op == SIZEOF_EXPR || op == ALIGNOF_EXPR, 20020720",2,2,4
"op, e, bsi, cond",2,2,4
values_long.i2 == i2,4,0,4
(unsigned long)&u4.v == rsp+200,2,2,4
e->expr_type == EXPR_VARIABLE,3,1,4
!fsym->attr.allocatable,2,2,4
unchecked_union && !gnu_field_list && !gnu_our_rep_list,2,2,4
list == NULL,2,2,4
"parm_depth == TMPL_ARGS_DEPTH (targs), 0",2,2,4
! IDENTIFIER_TRANSPARENT_ALIAS (target) && ! TREE_CHAIN (target),3,1,4
ALLOCNO_LEFT_CONFLICTS_NUM (conflict_allocno) >= size,2,2,4
mode != OImode,3,1,4
__position >= _M_ibegin() && __position < _M_iend(),3,1,4
colon != NULL,2,2,4
g_old != NULL,2,2,4
stmt_p == buf->stmt_p,2,2,4
"!flag_new_abi, 20000410",2,2,4
ffeinfo_kindtype (ffebld_info (kind)) == FFEINFO_kindtypeINTEGERDEFAULT,2,2,4
ix < pfx_.num_,2,2,4
!vnode->symbol.analyzed || prevailing_node->symbol.analyzed,2,2,4
ffelex_token_type (t) == FFELEX_typeNUMBER,2,2,4
num,2,2,4
GET_MODE (op1) == vmode,3,1,4
htab_elements (value_chains) == 0,2,2,4
((setst_term)e)->type == INTER_TYPE,2,2,4
please_no_equalities_in_simplified_problems || !result || pb->num_subs == 0,2,2,4
ref != NULL_TREE,2,2,4
TMT_USED_ALONE (var),2,2,4
ffebld_op (begin) == FFEBLD_opCONTER,2,2,4
GET_CODE (insn) == JUMP_INSN,2,2,4
pb->num_geqs <= OMEGA_MAX_GEQS,2,2,4
is_empty_class (TREE_TYPE (member)),2,2,4
"just_once_each_iteration_p (loop, unswitch_on)",2,2,4
cached_mach_o_magic != 0,2,2,4
is_gimple_debug (stmt),3,1,4
!targetm.have_ctors_dtors,2,2,4
GET_MODE_SIZE (GET_MODE (dst)) == GET_MODE_SIZE (SImode),2,2,4
sym->attr.dimension,2,2,4
"TREE_CODE (classname) == IDENTIFIER_NODE, 137",2,2,4
ffeexpr_level_ <= ffesymbol_maxentrynum (s),2,2,4
ix < vecpfx_.num_,2,2,4
"cfa_store.reg == REGNO (XEXP (src, 0))",2,2,4
TREE_INT_CST_LOW (size_tree) == ffeglobal_common_size (g) + ffeglobal_common_pad (g),2,2,4
cover_class_allocnos_num[cover_class] == uncolorable_allocnos_num[cover_class],2,2,4
"""Bad [nil] unary dotdot in ffeexpr_current_dotdot_"" == NULL",2,2,4
"orig_stmt == vect_is_simple_reduction (loop_vinfo, def_stmt)",2,2,4
bl,2,2,4
"""REAL3/REAL bad source kind type"" == NULL",2,2,4
ffeinfo_kindtype (ffebld_info (expr)) == FFEINFO_kindtypeINTEGER1,2,2,4
argc == 1,2,2,4
"GIMPLE_STMT_OPERAND (t, 0) == decl",2,2,4
ref->u.ar.type == AR_FULL,2,2,4
INTEGER_CST_P (length),2,2,4
REGNO (dest) == STACK_POINTER_REGNUM || (frame_pointer_needed && REGNO (dest) == HARD_FRAME_POINTER_REGNUM),2,2,4
!id.debug_stmts,2,2,4
this->op_ == OPERATOR_AND,4,0,4
SESE_ADD_PARAMS (region),2,2,4
x >= 0,4,0,4
c_dialect_cxx(),4,0,4
"ix_ + len_ <= vec_->num, ""block_remove"", T, base",2,2,4
(t != NULL) && ((ffelex_token_type (t) == FFELEX_typeNAME) || (ffelex_token_type (t) == FFELEX_typeNAMES)),2,2,4
TREE_CODE (TREE_TYPE (fd->v)) == INTEGER_TYPE,2,2,4
REG_P (*inner) || MEM_P (*inner) || GET_CODE (*inner) == SUBREG,2,2,4
!(tt) || !VAR_OR_FUNCTION_DECL_P (tt),3,1,4
"""LOGICAL3/INTEGER bad source kind type"" == NULL",2,2,4
ffebld_op (filename) == FFEBLD_opCONTER,2,2,4
losers[right].source == -1,2,2,4
depth1 < depth2,2,2,4
values_double.f9 == f9,4,0,4
!se->ss || se->ss->expr == expr,2,2,4
gather_decl,2,2,4
"VEC_length (ce_s, *results) == 0",2,2,4
TREE_CODE (t) == VAR_DECL,2,2,4
"vec_->num < vec_->alloc, ""insert"", TDEF",2,2,4
state->u.same_p == 1,2,2,4
inline_edge_summary (edge)->call_stmt_size,2,2,4
((setst_term)e)->type == UNION_TYPE,2,2,4
i + 1 == size,2,2,4
GET_MODE_CLASS (mode) == MODE_INT || GET_MODE_CLASS (mode) == MODE_VECTOR_INT,2,2,4
GET_CODE (reg) == SUBREG,2,2,4
"""cpu=sparc64""",2,2,4
base_reg_dies,4,0,4
regs_saved_in_regs == NULL,2,2,4
GET_CODE (insn) == NOTE,2,2,4
tlen != NULL_TREE,2,2,4
values_long.i4 == i4,4,0,4
STMT_VINFO_DEF_TYPE (stmt_vinfo) == vect_unknown_def_type,2,2,4
(stmt && TREE_CODE (stmt) != GIMPLE_MODIFY_STMT) || num <= 1,2,2,4
TREE_CODE (type) == INTEGER_TYPE && TYPE_IS_SIZETYPE (type) && type == TREE_TYPE (arg1),2,2,4
val->odr_violated,2,2,4
"""COMPLEX2/REAL bad source kind type"" == NULL",2,2,4
ip.t == ip.conc->t,2,2,4
"""bad unit spec"" == NULL",2,2,4
STMT_VINFO_LIVE_P (dstmt_vinfo) || STMT_VINFO_RELEVANT (dstmt_vinfo) > vect_unused_in_loop,2,2,4
dt == vect_reduction_def,2,2,4
nconds && conds,2,2,4
link,3,1,4
(unsigned long)&u3.v == rsp+136,2,2,4
!in_lto_p || cgraph_function_flags_ready,2,2,4
values_float.f15 == f15,4,0,4
"register_no_elim_operand (reg, DImode)",2,2,4
summaries[cc_summaries[i].imp] == NULL,2,2,4
DECL_COMDAT_GROUP (node->decl) == DECL_COMDAT_GROUP (decl_node->decl),2,2,4
IS_ADHOC_LOC (loc),4,0,4
"""name list out of order"" == NULL",2,2,4
(entryname != NULL) && (ffelex_token_type (entryname) == FFELEX_typeNAME),2,2,4
this_insn_is_asm,3,1,4
TREE_CODE (offset) == INTEGER_CST,3,1,4
"stmt == vect_is_simple_reduction (loop_vinfo, reduc_def_stmt, !nested_cycle, &dummy)",2,2,4
"""bad context in _name_arg_"" == NULL",2,2,4
fde->drap_reg == cfa.reg,2,2,4
stable == false,2,2,4
ffestp_file.write.write_spec[spec1].kw_or_val_present,2,2,4
exprtype != NULL_TREE,2,2,4
"(BINFO_INHERITANCE_CHAIN (basetype_path) == TREE_VALUE (TREE_CHAIN (basetype_chain))) || current_template_parms, 980827",2,2,4
*(size_t *)real_p == n,2,2,4
ffebld_op (ffebld_left (expr)) == FFEBLD_opSYMTER,2,2,4
"DECL_NAME (value) != 0, 245",2,2,4
(ffeintrin_names_[i].generic == FFEINTRIN_genNONE) || (ffeintrin_names_[i].specific == FFEINTRIN_specNONE),2,2,4
decl && TREE_PUBLIC (decl) && (TREE_CODE (decl) == VAR_DECL || TREE_CODE (decl) == FUNCTION_DECL) && DECL_ASSEMBLER_NAME_SET_P (decl),2,2,4
"DECL_INITIAL (fn) && TREE_CODE (DECL_INITIAL (fn)) == BLOCK, 19991203",2,2,4
"p, sizeof (x.c) == 17",4,0,4
"""system=mvs""",2,2,4
_S_force_new != 0,2,2,4
reg_info != NULL && defs != NULL,2,2,4
blk1 == 0 || blk2 == 0 || blk1 == blk2,2,2,4
TREE_CODE (gnu_return_type) == VOID_TYPE,2,2,4
p->parent == NULL || p->parent->ss == p->ss,2,2,4
POINTER_TYPE_P (TREE_TYPE (addr)) && POINTER_TYPE_P (orig_type),2,2,4
"TREE_CODE (TREE_TYPE (t)) == POINTER_TYPE, 19990811",2,2,4
TYPE_PRECISION (TREE_TYPE (type)) >= TYPE_PRECISION (TREE_TYPE (TREE_TYPE (e))),2,2,4
(imp != FFEINTRIN_impNONE) || !genno,2,2,4
values_long.i0 == i0,4,0,4
 it->second == personality ,2,2,4
ffeinfo_basictype (ffebld_info (filename)) == FFEINFO_basictypeCHARACTER,2,2,4
"*((tree *)VEC_index (tree, build_uses, x)) != stmt",2,2,4
df->problems_by_index[DF_LR],2,2,4
TREE_CODE (context) == NAMESPACE_DECL || CLASS_TYPE_P (context),2,2,4
is_gimple_omp_oacc (ctx->stmt),4,0,4
"""bad format item"" == NULL",2,2,4
dom_info_available_p (dir),3,1,4
DECL_COMPLETE_DESTRUCTOR_P (dtor) || DECL_MAYBE_IN_CHARGE_DESTRUCTOR_P (dtor),2,2,4
count == 1 || count == 2,2,2,4
!n->global.inlined_to,2,2,4
c->backend_decl,2,2,4
TREE_CODE (sym->backend_decl) == VAR_DECL,2,2,4
DEBUG_INSN_SCHED_P (insn),2,2,4
"""CHARACTER1/LOGICAL bad source kind type"" == NULL",2,2,4
QUEUE_INDEX (insn) == QUEUE_NOWHERE,3,1,4
ffesymbol_where (symbol) != FFEINFO_whereNONE,2,2,4
dwarf_reg_size_table[index] == sizeof (_Unwind_Ptr),2,2,4
TARGET_ABICALLS && TARGET_OLDABI,2,2,4
"TREE_CODE_CLASS (TREE_CODE (type)) == 't', 0",2,2,4
values_ldouble.f12 == f12,4,0,4
cfa.reg == (unsigned) HARD_FRAME_POINTER_REGNUM,2,2,4
ffedata_symbolsize_ == (ffetargetOffset) ffebld_accter_size (accter),2,2,4
DECL_INITIAL (glabel) == NULL_TREE,2,2,4
l != NULL ? l->_M_color != std::_S_red and black_h_l > 0 : black_h_l == 0,2,2,4
(unsigned long)&u8.v == rsp+456,2,2,4
index < dflow->block_info_size,2,2,4
potentialLockers >= 0,2,2,4
sizeof(fpu_state_t) <= GFC_FPE_STATE_BUFFER_SIZE,2,2,4
ptr[size - 1] == (i & 127),2,2,4
! length || TREE_CONSTANT (*length),2,2,4
(kind == '1') || (kind == '='),2,2,4
REGNO (dest) == STACK_POINTER_REGNUM || frame_pointer_needed && REGNO (dest) == FRAME_POINTER_REGNUM,2,2,4
!VECTOR_MODE_P (mode),3,1,4
deps_list_consistent_p (INSN_BACK_DEPS (insn)),2,2,4
integer_zerop (delta),2,2,4
cond == const_true_rtx || cond == const0_rtx,2,2,4
has_dependence_data.where == DEPS_IN_INSN,4,0,4
"""COMPLEX3 bad type"" == NULL",2,2,4
matrices_to_reorg,2,2,4
"vec_ && ix_ < vec_->num, ""index"", T, base",2,2,4
p->same_p[GTC_MERGE] == -2,2,2,4
values_ldouble.f14 == f14,4,0,4
"DECL_LANG_SPECIFIC (t) && DECL_TEMPLATE_INFO (t) != NULL_TREE, 0",2,2,4
"TEST_BIT (sched_nodes, u->cuid)",2,2,4
start + size <= base -> size,2,2,4
mcache->lockForPotentialLockersObj,2,2,4
GET_CODE (x) == PLUS,4,0,4
"ix_ <= vec_->num, ""insert"", T, base",2,2,4
gimple_body (fn),2,2,4
(!(flags & SSA_OP_VDEF) || (flags & SSA_OP_DEF)) && (!(flags & SSA_OP_VUSE) || (flags & SSA_OP_USE)),2,2,4
"pfile, p->arg",2,2,4
!DECL_ABSTRACT (decl),2,2,4
First_Discriminant (gnat_record) == First_Stored_Discriminant (gnat_record),2,2,4
*text->format_spec == 's',2,2,4
"vec_ && vec_->num, ""last"", T, base",2,2,4
ffebld_op (subscript) == FFEBLD_opCONTER,2,2,4
"vec_->num, ""pop"", T, base",2,2,4
"""system=beos""",2,2,4
lhs_descriptor->__code == GO_INTERFACE,2,2,4
width <= HOST_BITS_PER_DOUBLE_INT,3,1,4
prep_state < 2,2,2,4
TREE_CODE (nm) == SSA_NAME,2,2,4
"operand_equal_p (val, TYPE_MIN_VALUE (TREE_TYPE (val)), 0)",2,2,4
ffeinfo_basictype (ffebld_info (len)) == FFEINFO_basictypeINTEGER,2,2,4
values_int.i5 == i5,4,0,4
cfa_remember.in_use,2,2,4
pref[i] == NO_REGS || cover_class != NO_REGS,2,2,4
"""cpu=i370""",2,2,4
!arg2->expr,3,1,4
ALLOCNO_CAP (a) != NULL,3,1,4
values_double.f10 == f10,4,0,4
ffeexpr_stack_ == NULL,2,2,4
(STMT_VINFO_RELEVANT_P (stmt_vinfo) && !STMT_VINFO_LIVE_P (stmt_vinfo)) || double_reduc,2,2,4
begin->expr_type == EXPR_ARRAY,2,2,4
res == isl_stat_ok,2,2,4
"bitmap_equal_p (regular_block_artificial_uses, df->regular_block_artificial_uses)",2,2,4
(op0mode == mode0 || op0mode == VOIDmode) && (op1mode == mode1 || op1mode == VOIDmode),3,1,4
!uid_region_num[INSN_UID (r->label)],2,2,4
"(int) ec >= 0 && (int) ec < ec_last_error_code, 0",2,2,4
sym->ns->proc_name->attr.flavor == FL_MODULE,4,0,4
"c, op",2,2,4
stmt == old_stmt,2,2,4
ffestb_local_.format.dot.present,2,2,4
base_aligned_p || (TREE_CODE (base) == VAR_DECL && DECL_ALIGN (base) >= TYPE_ALIGN (vectype)),2,2,4
(sz & MALLOC_ALIGN_MASK) == 0,2,2,4
TREE_INT_CST_HIGH (length) == 0,2,2,4
javaPos != NULL,2,2,4
"!template_parms || comp_template_parms (template_parms, DECL_TEMPLATE_PARMS (function))",2,2,4
"label == XEXP (note, 0)",2,2,4
bb->aux == &bb->aux,2,2,4
"b->level_chain == current_binding_level, 386",2,2,4
pb->num_eqs == 0,2,2,4
"""AND bad basictype"" == NULL",2,2,4
"method_vec != NULL_TREE, 19991215",2,2,4
" conc[pos*2]->t == NULL or conc[pos*2-1]->t == NULL or strictly_less_or_less_equal( base_type::_S_key(conc[pos*2-1]->t), base_type::_S_key(base_type::_S_minimum(conc[pos*2]->t)))",2,2,4
peep2_insn_data[from].insn != NULL_RTX,3,1,4
_First == _Last || !(*_First < *_First),2,2,4
GET_CODE (out_pat) == PARALLEL,3,1,4
dvc->refcount > 0,2,2,4
"""INTEGER2/LOGICAL bad source kind type"" == NULL",2,2,4
"""invalid _binsrch_ result"" == NULL",2,2,4
TREE_CODE (TREE_TYPE (expr)) == ARRAY_TYPE,2,2,4
ipcp_type_is_const (type),2,2,4
"""INTEGER2 bad type"" == NULL",2,2,4
!purge_all_dead_edges (),2,2,4
is_a <T> (p),3,1,4
len >= 3,4,0,4
"picochip_is_aligned (frame_size, STACK_BOUNDARY)",2,2,4
info->dimen > 0,2,2,4
reserved_right[r],2,2,4
!e->speculative,2,2,4
"!IN (kind, Discrete_Or_Fixed_Point_Kind) || !Unknown_RM_Size (gnat_entity)",2,2,4
"bitmap_bit_p (gimple_referenced_vars (cfun), uid)",2,2,4
INSN_P (y),2,2,4
(unsigned long)&u1.v == rsp+8,2,2,4
bitsize != 0,2,2,4
!init_insn,2,2,4
"!bitmap_bit_p (&forward_dependency_cache[INSN_LUID (from)], INSN_LUID (to))",2,2,4
!load_lanes_p || alignment_support_scheme == dr_aligned || alignment_support_scheme == dr_unaligned_supported,2,2,4
"bitmap_equal_p (eh_block_artificial_uses, df->eh_block_artificial_uses)",2,2,4
"TREE_CODE (declarator) == IDENTIFIER_NODE, 0",2,2,4
empty,3,1,4
TREE_CODE (identifier) == IDENTIFIER_NODE,3,1,4
loop->temp_ss->type == GFC_SS_TEMP,2,2,4
ffewhere_line_is_unknown (wl) || (wl->uses != 0),2,2,4
TREE_CODE (tag) == SYMBOL_MEMORY_TAG,2,2,4
"""INTEGER4/REAL bad source kind type"" == NULL",2,2,4
*old_rec == NULL,2,2,4
remaining >= 0,2,2,4
!onlyjump_p (bb_end_insn) || returnjump_p (bb_end_insn),2,2,4
bitmap_single_bit_set_p (b),4,0,4
"DECL_P (decl), 20020908",2,2,4
node->summary_uid > 0,2,2,4
ffeexpr_stack_->exprstack->type == FFEEXPR_exprtypeOPERAND_,2,2,4
"!bitmap_intersect_compl_p (df_lr->out_of_date_transfer_functions, all_blocks)",2,2,4
"!bitmap_bit_p (empty_uses, DF_REF_ID (link->ref))",2,2,4
IS_AGGR_TYPE_CODE (TREE_CODE (arg)),2,2,4
ffeinfo_kindtype (ffebld_info (begin)) == FFEINFO_kindtypeINTEGERDEFAULT,2,2,4
tpa->uncompressed_num != -1,2,2,4
!new_pred,2,2,4
insn_count <= max_uid,2,2,4
count,3,1,4
n[i] == 2,4,0,4
"(*insn_data[icode].operand[0].predicate) (targ0, mode)",2,2,4
"""unexpected dimtype"" == NULL",2,2,4
!stmt_vec_info_vec,2,2,4
GET_CODE (DECL_RTL (current_function_decl)) == MEM,2,2,4
i == length,3,1,4
" conc[(pos-1)*2]->t == NULL or conc[pos*2-1]->t == NULL or strictly_less_or_less_equal (base_type::_S_key(base_type::_S_maximum(conc[(pos-1)*2]->t)), base_type::_S_key(conc[pos*2-1]->t))",2,2,4
"""didn't think anything got here anymore!!"" == NULL",2,2,4
keyword == RID_TRANSACTION_ATOMIC || keyword == RID_TRANSACTION_RELAXED,3,1,4
result_type == NULL_TREE,2,2,4
"TREE_CODE (name) != COMPONENT_REF, 349",2,2,4
"""REAL2/INTEGER bad source kind type"" == NULL",2,2,4
__r->_M_refcount == 1,2,2,4
"__builtin_memcmp (&e16, &n16, sizeof (e16)) == 0",4,0,4
n_cloning_candidates,2,2,4
(unused_listp != &unused_insn_list || GET_CODE (prev_link) == INSN_LIST) && (unused_listp != &unused_deps_list || GET_CODE (prev_link) == DEPS_LIST),2,2,4
single_succ_p (ENTRY_BLOCK_PTR),2,2,4
label_toks != NULL,2,2,4
" (pos_beg_right + 1 >= pos_end) or strictly_less_or_less_equal( key, base_type::_S_key(r[pos_beg_right + 1]))",2,2,4
TREE_CODE (basevar) == SSA_NAME,2,2,4
from_state,3,1,4
EDGE_COUNT (exit_bb->preds) == 1,2,2,4
"!bitmap_bit_p (empty_defs, DF_REF_ID (link->ref))",2,2,4
"(TREE_CODE (root) == NAMESPACE_DECL || TREE_CODE (root) == FUNCTION_DECL || CLASS_TYPE_P (root)), 20030307",2,2,4
"__w <= static_cast<size_t>(numeric_limits<_UIntType>::digits), ""mersenne_twister_engine template arguments out of bounds""",2,2,4
"""system=interix""",2,2,4
cfa.indirect == 0,2,2,4
(region->cont != NULL) ^ (region->exit == NULL),2,2,4
!sym->backend_decl,2,2,4
(TREE_CODE (ptr1) == SSA_NAME || TREE_CODE (ptr1) == ADDR_EXPR || TREE_CODE (ptr1) == INTEGER_CST) && (TREE_CODE (ptr2) == SSA_NAME || TREE_CODE (ptr2) == ADDR_EXPR || TREE_CODE (ptr2) == INTEGER_CST),2,2,4
op_mode != VOIDmode,2,2,4
"""blah! blah! waaauuggh!"" == NULL",2,2,4
fid != NULL,2,2,4
"""ENTRY not in FUNCTION or SUBROUTINE?"" == NULL",2,2,4
gr->drawbuf != NULL,2,2,4
"TREE_CODE (TREE_PURPOSE (rhs)) == TREE_VEC, 980331",2,2,4
node && node->registered.is_created (),2,2,4
bitpos == 0 || bitpos == GET_MODE_BITSIZE (mode1),2,2,4
"__builtin_memcmp (&e18, &n18, sizeof (e18)) == 0",4,0,4
operator->type == FFEEXPR_exprtypeBINARY_,2,2,4
TREE_CODE (call_tree) == CALL_EXPR,2,2,4
info->subscript[n] && info->subscript[n]->type == GFC_SS_SCALAR,2,2,4
!AGGREGATE_TYPE_P (pointedtotype) || get_varinfo (rhs.var)->is_unknown_size_var,2,2,4
info->subscript[n] != gfc_ss_terminator && info->subscript[n]->type == GFC_SS_SCALAR,2,2,4
*edge,2,2,4
"TREE_PUBLIC (decl), 20040725",2,2,4
"(*env)->GetArrayLength (env, javaLogExtents) == 4",2,2,4
"stmt == vect_is_simple_reduction (loop_vinfo, def_stmt)",2,2,4
templ_decl,2,2,4
REGNO (x) == REG_A0 || REGNO (x) == REG_A1,2,2,4
n1 == e1,4,0,4
"XEXP (src, 1) == stack_pointer_rtx",2,2,4
"""bad status"" == NULL",2,2,4
"TREE_STATIC (decl), 19990828",2,2,4
"""LOGICAL4/LOGICAL bad source kind type"" == NULL",2,2,4
javaLogExtents != NULL,2,2,4
"tok, NULL",4,0,4
TREE_CODE (expr) == CALL_EXPR,2,2,4
*dt == vect_induction_def || *dt == vect_reduction_def || *dt == vect_invariant_def,2,2,4
ffelex_is_firstnamechar (t->text[start]),2,2,4
"""INTEGER4/INTEGER bad source kind type"" == NULL",2,2,4
!I_HOLD_LOCK(),4,0,4
offset < (1u << map->d.ordinary.column_bits),2,2,4
entry != NULL,4,0,4
PREFERRED_STACK_BOUNDARY == BIGGEST_ALIGNMENT,2,2,4
elt_size == 2 * sizeof (HOST_WIDE_INT),2,2,4
precision != 0,2,2,4
"!flag_new_abi, 200005220",2,2,4
!POINTER_TYPE_P (TREE_TYPE (decl)),4,0,4
POINTER_TYPE_P (TREE_TYPE (ptr)),2,2,4
!e->dest->aux,2,2,4
"__builtin_memcmp (&e10, &n10, sizeof (e10)) == 0",4,0,4
"vec_->num, ""pop"", TDEF",2,2,4
ira_class_hard_reg_index[cover_class][hard_regno] >= 0,2,2,4
!cur || cur->gsbase.prev,2,2,4
!(TREE_CODE (d) == VAR_DECL && DECL_INITIALIZED_IN_CLASS_P (d) && DECL_INITIAL (d) == NULL_TREE),2,2,4
DECL_ONE_ONLY (old_node->symbol.decl),2,2,4
TREE_ASM_WRITTEN (containing_scope),2,2,4
" (pos_beg_right == pos_end) or not base_type::_M_impl._M_key_compare( base_type::_S_key(r[pos_beg_right]),key)",2,2,4
normalized_time >= 0,2,2,4
"nrepeats == 0, 990316",2,2,4
ffeinfo_kindtype (ffebld_info (high)) == FFEINFO_kindtypeINTEGER1,2,2,4
TREE_TYPE (t) != NULL_TREE,2,2,4
fpr_base.u <= stacktop.u - ASM_NEEDS_REGISTERS - NUM_GPR_ARG_REGISTERS,2,2,4
info->dimen == 1,2,2,4
TREE_CODE (*to_p) != SSA_NAME,2,2,4
(e) == r,4,0,4
"vec_ && ix_ < vec_->num, ""index"", TDEF",2,2,4
targetm.dwarf_handle_frame_unspec,2,2,4
"""LOGICAL2 bad type"" == NULL",2,2,4
BLOCK_NUM (ref_insn) == BLOCK_NUM (insn),2,2,4
"value_le (low, up)",2,2,4
ffesymbol_equiv (symbol) == eq,2,2,4
TYPE_PRECISION (TREE_TYPE (TYPE_FIELDS (type))) >= TYPE_PRECISION (TREE_TYPE (TYPE_FIELDS (TREE_TYPE (e)))),2,2,4
"TREE_CODE (TREE_VALUE (function)) == FUNCTION_DECL, 312",2,2,4
"""Unexpected dims type"" == NULL",2,2,4
ARITHMETIC_TYPE_P (t2) || TREE_CODE (t2) == VECTOR_TYPE || UNSCOPED_ENUM_P (t2),2,2,4
"uid1 <= VEC_length (vec_void_p, stmt_vec_info_vec)",2,2,4
INTVAL (offset) <= (picochip_arg_area_byte_offset () + crtl->args.size),2,2,4
CONST_INT_P (part),4,0,4
!(mask & (~dflow->problem->changeable_flags)),2,2,4
lhs_acc.t_code == MEM_REF,2,2,4
!fail,2,2,4
FFEINFO_where == ARRAY_SIZE (ffeinfo_where_string_),2,2,4
!*aslot,2,2,4
"""bad format spec"" == NULL",2,2,4
"VEC_index (cgraph_node_ptr, set->nodes, element->index) == node",2,2,4
"op, comp_code, value, bb, NULL, si",2,2,4
crtl->args.pretend_args_size % 4 == 0,2,2,4
v == C,4,0,4
CLASS_TYPE_P (type),3,1,4
ffedata_list_ == NULL,2,2,4
old_node->local.can_change_signature || !args_to_skip,2,2,4
"""REAL2 bad type"" == NULL",2,2,4
GET_CODE (cond) == REG || REGNO_REG_CLASS (REGNO (cond)) == PR_REGS,2,2,4
"mep_expand_setcc_1 (LT, tmp, op0, op1)",2,2,4
spec != FFEINTRIN_specNONE,2,2,4
((size_t) indent) + 4 < ARRAY_SIZE (spaces),2,2,4
vmode == V8QImode || vmode == V16QImode,3,1,4
f->sym->ts.cl->backend_decl != NULL,2,2,4
(HOST_WIDEST_INT) (intptr_t) expr == (intptr_t) expr,2,2,4
"""REAL1/REAL bad source kind type"" == NULL",2,2,4
*num_args < (MAX_SET_SIZE - 1),2,2,4
TREE_VEC_LENGTH (hook) == 3,2,2,4
(unsigned) g_last->reserve_size % g_regionsize == 0,2,2,4
flag_sched_stalled_insns,2,2,4
"""INTEGER1 bad type"" == NULL",2,2,4
r.a[1] == 0xffffffff,4,0,4
relevance == vect_used_in_outer || relevance == vect_used_in_outer_by_reduction || relevance == vect_unused_in_loop,2,2,4
__r->_M_ref_count >= 1,2,2,4
"""cpu=mips""",3,1,4
def != NULL,3,1,4
code && code->expr,2,2,4
"!(group_size % VEC_length (gimple, new_phis))",2,2,4
dump_file || vect_verbosity_level == REPORT_NONE,2,2,4
ffesymbol_kind (sr) == FFEINFO_kindANY,2,2,4
!grouped_store,2,2,4
"TEST_BIT (dataflow->pending, bb->index)",2,2,4
"TREE_CODE (type) == FUNCTION_TYPE, 20001107",2,2,4
r && INSN_P (r),2,2,4
prev != tail && prev != head && insn != next_tail,2,2,4
(unsigned) width <= HOST_BITS_PER_WIDE_INT,2,2,4
frame_pointer_needed || !isr_p || !current_function_is_leaf,2,2,4
mcache->lockObj,2,2,4
"""REAL1 bad type"" == NULL",2,2,4
"TREE_CODE (decl) == VAR_DECL || TREE_CODE (decl) == RESULT_DECL, 20021010",2,2,4
proc_target->result && old_target->result,2,2,4
i < incr_vec_len,2,2,4
"""Lost the exponent letter!"" == NULL",2,2,4
unsignedp,2,2,4
begin->shape,2,2,4
"""INTEGER3 bad type"" == NULL",2,2,4
!TREE_STATIC (decl),3,1,4
!unmodifiable_var_p (var),2,2,4
!vnode->symbol.aux,2,2,4
vec->ctx != NULL,2,2,4
"""system=openedition""",2,2,4
info->ref->u.ar.dimen_type[dim] == DIMEN_RANGE,2,2,4
REGNO (pic_offset_table_rtx) != REGNO (tmp_reg),2,2,4
is_gimple_reg (var),2,2,4
"ix <= prefix_.num_, ""insert"", T, base",2,2,4
kind == 4,4,0,4
"(unsigned) REGNO (XEXP (src, 1)) == cfa_temp.reg",2,2,4
ffestc_statelet_ == FFESTC_stateletSIMPLE_,2,2,4
ffesymbol_kind (ffestorag_symbol (st)) == FFEINFO_kindCOMMON,2,2,4
bbs,2,2,4
TREE_CODE (stmt) == PHI_NODE,2,2,4
!pending_ltrel,4,0,4
java_layout != NULL,2,2,4
"same_type_ignoring_top_level_qualifiers_p (TREE_TYPE (var), TREE_TYPE (result)), 20000430",2,2,4
code == CALL_EXPR,2,2,4
"mpz_cmp (low, up) <= 0",2,2,4
lca_depth >= 0,2,2,4
stmt != NULL,3,1,4
gpr_base.u <= stacktop.u - ASM_NEEDS_REGISTERS,2,2,4
old_var->n_var_parts == 1,2,2,4
JUMP_TABLE_DATA_P (insn),2,2,4
TREE_CODE (DECL_SIZE_UNIT (t)) == INTEGER_CST,2,2,4
call && TREE_CODE (call) == CALL_EXPR,2,2,4
"parm_in_unassigned_mem_p (parm, from_expand)",2,2,4
line_width >= column,2,2,4
filename != NULL,2,2,4
COMPLETE_TYPE_P (type),4,0,4
regno != ARG_POINTER_REGNUM && regno != FRAME_POINTER_REGNUM && regno != FLAGS_REG && regno != FPSR_REG && regno != FPCR_REG,2,2,4
"0u < __w && __w <= std::numeric_limits<_UIntType>::digits, ""template argument __w out of bounds""",2,2,4
INSN_UID (INSN) < max_uid_for_loop,2,2,4
"pfile, assertion",2,2,4
channel->next_store == 0,2,2,4
(set->nodes[index] == node),2,2,4
!DECL_EXTERNAL (decl) || (TREE_STATIC (decl) && TREE_READONLY (decl)),2,2,4
order_pos == cgraph_n_nodes,2,2,4
"!flag_new_abi, 200004106",2,2,4
" conc[pos*2]->t == NULL or strictly_less_or_less_equal( base_type::_S_key(r[np]), base_type::_S_key(base_type:: _S_minimum(conc[pos*2]->t)))",2,2,4
"__builtin_memcmp (&e17, &n17, sizeof (e17)) == 0",4,0,4
rclass == ALLOCNO_COVER_CLASS (parent_allocno),2,2,4
full_args != tmpl_args,2,2,4
offset < stack_elt - 1,3,1,4
values_ldouble.f8 == f8,4,0,4
TREE_CODE (t) == OMP_CONTINUE,2,2,4
"!global_scope_p (current_binding_level), 20030527",2,2,4
potentialLockers >= 1,2,2,4
r.a[2] == 3,4,0,4
vectorization_factor != 0,3,1,4
TREE_CODE (TREE_TYPE (x)) == REFERENCE_TYPE,2,2,4
(ffebld_op (*expr) == FFEBLD_opSUBRREF) || (ffebld_op (*expr) == FFEBLD_opFUNCREF),2,2,4
"vec_->num < vec_->alloc, ""push"", T, base",2,2,4
"(*insn_data[icode].operand[2].predicate) (y, insn_data[icode].operand[2].mode)",2,2,4
FFEINFO_kind == ARRAY_SIZE (ffeinfo_kind_string_),2,2,4
"OP,VEC(T,A)",2,2,4
lto_stream_as_builtin_p (expr),2,2,4
GET_CODE (align_rtx) == CONST_INT,4,0,4
REG_P (*use),2,2,4
"""INTEGER4 bad type"" == NULL",2,2,4
uncolorable_allocnos_num[cover_class] >= 0,2,2,4
SCHED_TIME (u) <= ps->max_cycle,3,1,4
__reserved_left[__r],2,2,4
uncolorable_allocnos_num[cover_class] == 0,2,2,4
index == NULL_RTX,3,0,3
Gogo::is_hidden_name(name),2,1,3
VINSN_SEPARABLE_P (new_vi) == EXPR_SEPARABLE_P (expr),2,1,3
!allows_reg || !is_inout,2,1,3
message,2,1,3
count < MAX_CASE_BIT_TESTS,2,1,3
gimple_bb (phi) == data->current_loop->header,2,1,3
in_lto_p || !max_count || (profile_info && flag_branch_probabilities),2,1,3
cfun_gpr_save_slot (gpr_regno) != SAVE_SLOT_STACK,2,1,3
"pfile, ""machine=spu""",2,1,3
dom_info_state (CDI_DOMINATORS) == DOM_OK,2,1,3
"__builtin_cpu_is (""amdfam10h"")",3,0,3
!note,2,1,3
val1->val_class == dw_val_class_loc,3,0,3
isl_ast_expr_get_type (user_expr) == isl_ast_expr_op && isl_ast_expr_get_op_type (user_expr) == isl_ast_op_call,2,1,3
"cuEventCreate, e, CU_EVENT_DISABLE_TIMING",3,0,3
expr->expr_type == EXPR_FUNCTION && expr->value.function.isym,2,1,3
GET_CODE (hard_reg) == PARALLEL,2,1,3
lref->type == rref->type,2,1,3
ORIG_PAT (next) != NULL_RTX,2,1,3
v.match[i] == *pch_matching[i].flag_var,2,1,3
hdr != -1,2,1,3
rhs1,2,1,3
gfc_current_block (),2,1,3
i == n - 1,2,1,3
TREE_CODE (cur_align) == INTEGER_CST,2,1,3
!size || stack_alignment_needed,2,1,3
outputs == NULL || labels == NULL,2,1,3
"gimple_code (stmt) == GIMPLE_RETURN || gimple_call_builtin_p (stmt, BUILT_IN_RETURN)",2,1,3
"""cpu=h8300s""",2,1,3
m == Pmode || m == VOIDmode,2,1,3
view == m_view,2,1,3
tem != exp,2,1,3
MEM_P (slot),3,0,3
i.container,2,1,3
fndecl != NULL,3,0,3
TREE_CODE (nit) == SSA_NAME,2,1,3
GET_MODE (x) == GET_MODE (from),2,1,3
GET_CODE (set_insn) == SET,2,1,3
after != x,2,1,3
"op0, code, e, bsi",2,1,3
args,2,1,3
ne->inline_failed,2,1,3
(cc_flags_for_code (cmp) & ~have_flags) == 0,2,1,3
TYPE_CONTEXT (decl) == NULL_TREE || TYPE_CONTEXT (decl) == sym->ns->proc_name->backend_decl,2,1,3
!BRACE_ENCLOSED_INITIALIZER_P (t),2,1,3
e < s->size,2,1,3
!current_frame_info.r[reg_save_b0],2,1,3
vec_stmt_for_operand,2,1,3
aclass == ALLOCNO_CLASS (a),2,1,3
TREE_CODE (x) == CONST_DECL || !I_SYMBOL_BINDING (name),2,1,3
sizeof (ptr_t) == sizeof(word),2,1,3
plus_or_lo_sum == PLUS || plus_or_lo_sum == LO_SUM,3,0,3
CP_DECL_THREAD_LOCAL_P (d) == DECL_THREAD_LOCAL_P (d),2,1,3
c || ci != 0,2,1,3
TYPE_VECTOR_SUBPARTS (TREE_TYPE (mask_op)) == TYPE_VECTOR_SUBPARTS (masktype),2,1,3
"(*insn_data[icode].operand[3].predicate) (op2, mode2)",2,1,3
GET_MODE_BITSIZE (mode) > GET_MODE_BITSIZE (GET_MODE (op)),2,1,3
crtl->parm_stack_boundary <= INCOMING_STACK_BOUNDARY,2,1,3
TREE_CODE (val) == COMPONENT_REF,2,1,3
"c_parser_next_token_is_keyword (parser, RID_ENUM)",2,1,3
STMT_VINFO_DEF_TYPE (stmt_info) == vect_induction_def,2,1,3
percent >= 0 && percent <= 100,2,1,3
!type_dependent_expression_p (CONST_CAST_TREE (ref)),2,1,3
(present_dep_types & (DEP_TRUE | DEP_ANTI)) == present_dep_types,2,1,3
total_len == 0,2,1,3
GET_MODE_INNER (mode) == GET_MODE_INNER (op1_mode),2,1,3
(m == MATCH_YES) == (ba->pass_arg != NULL),2,1,3
r.a[0] == INT8x8_MAX - 6,3,0,3
VECTOR_MODE_P (TYPE_MODE (type)) || (GET_MODE_PRECISION (TYPE_MODE (type)) == TYPE_PRECISION (type)),2,1,3
GFC_TYPE_ARRAY_CAF_OFFSET (caf_type) == NULL_TREE,2,1,3
TREE_CODE_CLASS (cond) == tcc_comparison && i < omp_for_stmt->collapse,2,1,3
TARGET_ALTIVEC || TARGET_VSX || TARGET_SPE || TARGET_PAIRED_FLOAT,1,2,3
"pfile, ""machine=s390""",2,1,3
linemap_macro_expansion_map_p (map),3,0,3
"0, entry->flags & BB_RTL",3,0,3
init && (TREE_TYPE (TREE_TYPE (init)) == current_nonlambda_class_type ()),2,1,3
info.stack_words == info.reg_words,2,1,3
cache->node_table,2,1,3
dtable,3,0,3
gimple_phi_num_args (old_phi) == gimple_phi_num_args (new_phi),2,1,3
!mips_epilogue.cfa_restores,2,1,3
REGNO (x) < FIRST_PSEUDO_REGISTER,2,1,3
!LOOP_VINFO_PTR_MASK (loop_vinfo) || LOOP_VINFO_PTR_MASK (loop_vinfo) == mask,2,1,3
TARGET_BACKCHAIN,2,1,3
cif->arg_types[i]->type != FFI_TYPE_STRUCT,2,1,3
wanted_type != void_type_node || types->pointer_count,2,1,3
rclass == ALLOCNO_CLASS (subloop_allocno),2,1,3
n_ops >= 2,2,1,3
TYPE_MAIN_VARIANT (t) == t,2,1,3
this->closure_var_ == NULL,2,1,3
!loop->aux,2,1,3
GFC_DESCRIPTOR_TYPE_P (TREE_TYPE (decl)) || GFC_ARRAY_TYPE_P (TREE_TYPE (decl)),2,1,3
!current_frame_info.r[reg_save_ar_lc],2,1,3
me -> thread_blocked,2,1,3
PRESENT_GNU_TREE (gnat_entity),2,1,3
outer_base != NULL_TREE,2,1,3
!slp,2,1,3
TREE_CODE (TREE_TYPE (adjustment_def)) != VECTOR_TYPE,2,1,3
r.a[1] == INT8x8_MAX - 5,3,0,3
ar1->dimen_type[n] == ar2->dimen_type[n],2,1,3
vect_loop_vectorized_call (LOOP_VINFO_SCALAR_LOOP (loop_vinfo)) == loop_vectorized_call,2,1,3
n_elts >= 2,2,1,3
parser->in_pragma,2,1,3
dest_regno == current_frame_info.r[reg_save_pr],2,1,3
loc != dv_as_opaque (var->dv),2,1,3
TREE_CODE (array_type) == ARRAY_TYPE,2,1,3
"integer_onep (GFC_TYPE_ARRAY_STRIDE (type, 0))",2,1,3
!fixed_regs[i] || call_used_regs[i],2,1,3
lower[n],2,1,3
strlen (print_rtx_head) < sizeof (indented_print_rtx_head) - 4,2,1,3
dim == loop->dimen,2,1,3
tsi_end_p (tsi),3,0,3
ANY_RETURN_P (pat),2,1,3
pragma_tok->type == CPP_PRAGMA,2,1,3
insn_data[(int) icode].n_operands == 3,3,0,3
expr2->ts.type == BT_CHARACTER,3,0,3
POINTER_TYPE_P (funtype),2,1,3
TREE_CODE (op0) != RESULT_DECL,2,1,3
r == -100,3,0,3
!sym->attr.use_assoc,2,1,3
nargs <= 4,2,1,3
sizeof (const fde *) == sizeof (const fde **),2,1,3
"0, ""assert1""",2,1,3
plen != NULL || REG_P (op[2]),2,1,3
"GET_CODE (XEXP (DECL_RTL (current_function_decl), 0)) == SYMBOL_REF",2,1,3
__target_end == __target + __length,2,1,3
argc > 0,2,1,3
gsi_stmt (si) == stmt,2,1,3
!parser->objc_could_be_foreach_context,2,1,3
cfun != NULL && cfun->decl != NULL_TREE,2,1,3
tmpmode != VOIDmode,2,1,3
"ok_address(m, p)",3,0,3
current_cache == this,3,0,3
!all || has_zero_uses (lhs),2,1,3
this->classification_ == TOKEN_IMAGINARY,2,1,3
a_super_class,2,1,3
"alias_sets_conflict_p (set, MEM_ALIAS_SET (mem))",2,1,3
GET_CODE (addr) == SET,2,1,3
SUBREG_BYTE (reg) == 0,3,0,3
"bitmap_bit_p (bbs, e->src->index)",2,1,3
size <= 16,3,0,3
"""0xcafebabe 12345678"", ""%wx %x"", (HOST_WIDE_INT)0xcafebabe, 0x12345678",2,1,3
"rtx_equal_p (XEXP (SET_SRC (new_set), 0), reg)",2,1,3
chunk < PP_NL_ARGMAX * 2,3,0,3
elt_size % (HOST_BITS_PER_WIDE_INT / BITS_PER_UNIT) == 0,2,1,3
preferred_alignment >= STACK_BOUNDARY / BITS_PER_UNIT,2,1,3
ssa,3,0,3
arg->expr_type == EXPR_VARIABLE,2,1,3
_M_lambda > _RealType(0),2,1,3
!COMPLEX_MODE_P (mode),2,1,3
"hard_reg_set_subset_p (conflict_node_set, node_set)",2,1,3
TYPE_MAIN_VARIANT (TREE_TYPE (current_class_ref)) == LAMBDA_EXPR_CLOSURE (lambda),2,1,3
alignment != BRIG_ALIGNMENT_NONE,2,1,3
" ::cilk::internal::class_is_empty< typename ::cilk::internal::binary_functor<Compare>::type >::value, ""cilk::reducer_max_index<Type, Compare> only works with "" ""an empty Compare class""",2,1,3
TREE_CODE (qual) == IDENTIFIER_NODE && C_IS_RESERVED_WORD (qual),2,1,3
get_expr_value_id (e) == v,2,1,3
seq == NULL,2,1,3
region == (int) region,2,1,3
TREE_CODE (index_expr) != INTEGER_CST,2,1,3
decl && DECL_NAME (decl),2,1,3
g->id == id,2,1,3
mode == DImode,3,0,3
lo < hi,2,1,3
!this->is_default_,2,1,3
! final_sequence,2,1,3
!(specs->long_p && specs->short_p),2,1,3
op > LAST_CONV_OPTAB,2,1,3
"56U - 55.0dd, _Decimal64",2,1,3
cfun == my_function,2,1,3
e->dest == second_head,2,1,3
e->src == first_bb,2,1,3
" ::cilk::internal::class_is_empty< typename ::cilk::internal::binary_functor<Compare>::type >::value, ""cilk::reducer_max<Type, Compare> only works with "" ""an empty Compare class""",2,1,3
isym->formal,2,1,3
"""abc 12345678"", ""%.*s %x"", 3, ""abcdef"", 0x12345678",2,1,3
!group || TREE_CODE (group) == IDENTIFIER_NODE || DECL_P (group),2,1,3
TREE_CODE (BASELINK_FUNCTIONS (name)) == TEMPLATE_ID_EXPR,2,1,3
operation_type == left_base_type && left_base_type == right_base_type,2,1,3
ref->type != REF_ARRAY || ref->u.ar.type == AR_ELEMENT || (ref->u.ar.dimen == 0 && ref->u.ar.codimen > 0),2,1,3
COMPARISON_P (condition),2,1,3
alignment_support_scheme == dr_explicit_realign_optimized,2,1,3
mult >= 0,2,1,3
!CALL_P (old_insn),2,1,3
num_iregs <= 4 || iregs.I4 == I4,3,0,3
int_mode != BLKmode,2,1,3
!(ds & HARD_DEP),2,1,3
niter > max_unroll + 1,2,1,3
"! conflict_by_live_ranges_p (regno, i)",2,1,3
"__first == __last || !__pred(*__first, *__first)",2,1,3
all == 0,2,1,3
(unsigned) DBX_REGISTER_NUMBER (reg) == dbx_reg_number (rtl),2,1,3
"""17 12345678"", ""%lo %x"", (long)15, 0x12345678",2,1,3
"c_parser_next_token_is_keyword (parser, RID_AT_ALIAS)",2,1,3
"""machine=frv""",2,1,3
num <= 0,2,1,3
begin,2,1,3
!(!targetm.have_tls && TREE_CODE (decl) == VAR_DECL && DECL_THREAD_LOCAL_P (decl)),2,1,3
this->stub_ == NULL,2,1,3
expr2->value.function.isym || (comp && comp->attr.dimension) || (!comp && gfc_return_by_reference (expr2->value.function.esym) && expr2->value.function.esym->result->attr.dimension),2,1,3
wanted_type,2,1,3
DECL_BUILT_IN_CLASS (fndecl) != BUILT_IN_FRONTEND,2,1,3
"get_AT (c, DW_AT_inline)",2,1,3
" std::distance(__begin_seqs[__i].first, __begin_seqs[__i].second) > 0",2,1,3
"""-5 12345678"", ""%wi %x"", (HOST_WIDE_INT)-5, 0x12345678",2,1,3
result->ts.type == BT_INTEGER && result->expr_type == EXPR_CONSTANT,3,0,3
!tab->kill_list[partition],2,1,3
"c_parser_next_token_is (parser, CPP_LESS)",2,1,3
"op1, NE_EXPR, e, si",2,1,3
"""' 12345678"", ""%' %x"", 0x12345678",2,1,3
TREE_CODE (TREE_TYPE (tmp)) == POINTER_TYPE && TREE_CODE (TREE_TYPE (TREE_TYPE (tmp))) == FUNCTION_TYPE,2,1,3
__cpu_model.__cpu_vendor < VENDOR_MAX,2,1,3
referred,2,1,3
r.a[7] == 0xff,3,0,3
i >= 0 && i < N,3,0,3
EXPR_LOCATION (stmt) != UNKNOWN_LOCATION,2,1,3
saw_i4,2,1,3
ints != NULL,2,1,3
! (do_peeling && do_versioning),2,1,3
is_gimple_min_invariant (*addr_p),2,1,3
!TYPE_PTR_P (type),2,1,3
maxreg == (unsigned int) max_reg_num (),2,1,3
"""machine=RX600""",2,1,3
richloc,3,0,3
(SUPPORTS_STACK_ALIGNMENT && (elim == hard_frame_pointer_rtx || elim == stack_pointer_rtx)) || elim == (frame_pointer_needed ? hard_frame_pointer_rtx : stack_pointer_rtx),2,1,3
DF_REF_REGNO (use) < FIRST_PSEUDO_REGISTER,2,1,3
mode != VOIDmode && mode != BLKmode,2,1,3
!insn || !PREV_INSN (insn),2,1,3
POINTER_TYPE_P (TREE_TYPE (args[1])),2,1,3
seqno > 0,2,1,3
bb1 == bb2 || rev_top_order_index[bb1->index] != rev_top_order_index[bb2->index],2,1,3
r.a[7] == 0,3,0,3
caf_decl != NULL_TREE,1,2,3
mem_mode != VOIDmode && mem_mode != BLKmode,2,1,3
*slot == node,2,1,3
template0 >= 0,3,0,3
GET_CODE (operands[1]) == MEM,2,1,3
bit_sz == MAX_BASE_INT_BIT_SIZE,2,1,3
intent == INTENT_OUT || intent == INTENT_INOUT,2,1,3
w->l->type == WORKER_USER,3,0,3
s390_execute_label (insn),2,1,3
"BB_RTL, entry->flags & BB_RTL",3,0,3
parser->error,2,1,3
!iv->first_special,2,1,3
df_regs_ever_live_p (orig_regno),2,1,3
innermode != VOIDmode,2,1,3
(ds & DEP_OUTPUT) && !(ds & DEP_TRUE),2,1,3
GFC_DESCRIPTOR_TYPE_P (type) || GFC_ARRAY_TYPE_P (type),2,1,3
block == NULL_TREE || TREE_CODE (block) == BLOCK,2,1,3
"same_close_phi_node (phi, gsi->phi ())",2,1,3
r2->next == NULL,2,1,3
bytes != NULL,2,1,3
GET_MODE (target) == pmode,2,1,3
code->resolved_sym,2,1,3
"0 + 0, ""assert6""",2,1,3
"exp_colnum, LOCATION_COLUMN (loc)",2,1,3
TREE_CODE (TREE_TYPE (index)) == INTEGER_TYPE,2,1,3
wtype != NULL_TREE,3,0,3
"""machine=xstormy16""",2,1,3
modified[i] != RELOAD_READ,2,1,3
nbits == BITS_PER_BITPACK_WORD || !(val & ~(((bitpack_word_t)1<<nbits)-1)),2,1,3
this->enclosing_ == NULL,2,1,3
code->ext.actual->next->next->next->next->expr->expr_type == EXPR_VARIABLE,2,1,3
DECL_CONTEXT (TYPE_STUB_DECL (decl)) == NULL_TREE || DECL_CONTEXT (TYPE_STUB_DECL (decl)) == sym->ns->proc_name->backend_decl,2,1,3
!COMPLETE_TYPE_P (type),2,1,3
curr_arg < nargs,2,1,3
temp != NULL,2,1,3
ud2 & 0x8000,2,1,3
TREE_CODE (e->decl) == VAR_DECL,2,1,3
gimple_code (bnd_def) == GIMPLE_ASSIGN,2,1,3
loop->order[n] == n,2,1,3
ns->proc_name->attr.flavor == FL_PROCEDURE,2,1,3
SSA_NAME_DEF_STMT (lhs) == stmt,2,1,3
i != nop - 1,2,1,3
TREE_CODE (type) != REFERENCE_TYPE,3,0,3
GET_MODE (decl_rtl) == pmode,2,1,3
!x || !REG_P (x) || REGNO (x) < FIRST_PSEUDO_REGISTER,2,1,3
pass->static_pass_number > 0,2,1,3
"tree_low_cst (DECL_SIZE_UNIT (decl), 1) != 0",1,2,3
"!TREE_PURPOSE (add) || cp_tree_equal (noex, TREE_PURPOSE (add))",2,1,3
!in_lto_p,2,1,3
C_MAYBE_CONST_EXPR_PRE (expr.value) == NULL_TREE,2,1,3
fsym->ts.u.cl && fsym->ts.u.cl->length && fsym->ts.u.cl->length->expr_type == EXPR_CONSTANT,2,1,3
"""cpu=arc""",2,1,3
SPE_CONST_OFFSET_OK (spe_offset + reg_size * i),2,1,3
"!is_pointer<deleter_type>::value, ""constructed with null function pointer deleter""",3,0,3
region->outer && region->outer->type == GIMPLE_OMP_FOR,2,1,3
!class_size,2,1,3
is_gimple_val (size),1,2,3
TREE_CODE (type) != ARRAY_TYPE,2,1,3
find (from) == to,2,1,3
DECL_P (def),2,1,3
INSN_UID (def_insn) < max_insn_uid,2,1,3
tree_ret == NULL,2,1,3
final_wrapper->expr_type == EXPR_VARIABLE,2,1,3
!racc->grp_to_be_replaced && !racc->grp_to_be_debug_replaced,2,1,3
"3 + 2.1df, _Decimal32",2,1,3
jformat != NULL,2,1,3
"E0, L""assert2""",2,1,3
RID_MAX <= 255,2,1,3
prevx == get_last_insn (),2,1,3
decl_rtl,2,1,3
!loop->array_parameter,2,1,3
rclass == ALLOCNO_CLASS (parent_allocno),2,1,3
parser->error || parser->tokens[0].type != CPP_PRAGMA,2,1,3
bitint >= 0,3,0,3
BLOCK_FOR_INSN (insn) == last_bb && !IS_SPECULATION_CHECK_P (insn) && BB_HEAD (last_bb) != insn && BB_END (last_bb) == insn,2,1,3
has_joiner,2,1,3
out[j * 32 + i] == (i + j) * 2,2,1,3
se != NULL && se->ss != NULL && se->ss != gfc_ss_terminator,2,1,3
to < graph->size && from < graph->size,2,1,3
w != NULL_TREE,2,1,3
(code == NE || code == EQ) && op1 == const0_rtx,2,1,3
old_hints_est == estimate_edge_hints (edge),2,1,3
! hard_reg_set_empty_p (set),2,1,3
gsi_bb (last) == bb,2,1,3
!argvec[count].locate.size.var,2,1,3
"index == -1 || RDG_STMT (rdg, index) == stmt",2,1,3
needs_overflow_infinity (type),2,1,3
*inner_mode != *outer_mode || *outer_step == const0_rtx,2,1,3
bb == single_exit (loop)->dest,2,1,3
any_malformed_asm,2,1,3
TREE_CODE (scspec) == IDENTIFIER_NODE && C_IS_RESERVED_WORD (scspec),2,1,3
STORE_FLAG_VALUE & 1,2,1,3
!(sym->attr.pointer || sym->attr.allocatable),2,1,3
node->aux || !is_a <cgraph_node *> (node),2,1,3
t1 == t2 || AGGREGATE_TYPE_P (TREE_TYPE (lhs)),2,1,3
STMT_VINFO_LIVE_P (dstmt_vinfo) || STMT_VINFO_RELEVANT (dstmt_vinfo) > vect_unused_in_scope,2,1,3
(int) END_PREDICTORS <= GF_PREDICT_TAKEN,2,1,3
precision == get_precision (x),2,1,3
!TYPE_HAS_COMPLEX_DFLT (ftype) || errorcount != 0,2,1,3
gimple_code (stmt) == GIMPLE_ASSIGN,2,1,3
pfont->layout != NULL,2,1,3
"pfile, &new_answer, T_ASSERT",2,1,3
alloc,2,1,3
!new_e[not_found_bb_index],2,1,3
ALLOCNO_CLASS (another_a) == ALLOCNO_CLASS (another_parent_a),2,1,3
SSA_VAR_P (index) || CONSTANT_CLASS_P (index),2,1,3
(ctx->region_type & ORT_TASK) != 0,2,1,3
"1.0, ""non-integer""",2,1,3
"""system=FreeBSD""",2,1,3
!(cfun->curr_properties & PROP_trees) || pass->type != RTL_PASS,2,1,3
__cpu_model.__cpu_type < CPU_TYPE_MAX,2,1,3
TREE_TYPE (result_type) == left_base_type && TREE_TYPE (result_type) == right_base_type,2,1,3
!cfun && !current_function_decl,2,1,3
GET_CODE (sym) == SYMBOL_REF,2,1,3
GET_MODE_INNER (mode) == GET_MODE_INNER (op0_mode),2,1,3
DECL_ASSEMBLER_NAME (decl),2,1,3
!arm_arch5,2,1,3
cif->arg_types[i]->type != FFI_TYPE_LONGDOUBLE,2,1,3
NODE,3,0,3
TREE_CODE (var) == VAR_DECL && !gimple_vdef (stmt),2,1,3
field != NULL_TREE && TREE_CODE (TREE_TYPE (field)) == ARRAY_TYPE && TREE_CODE (TREE_TYPE (TREE_TYPE (field))) == RECORD_TYPE,2,1,3
"bytepos == 0 && XVECLEN (src, 0)",2,1,3
!DECL_ASSEMBLER_NAME_SET_P (decl1),2,1,3
r.a[1] == INT16x4_MAX,3,0,3
def_stmt_info,2,1,3
!indirect_unknown_callee,2,1,3
r.a[3] == 0xffff,3,0,3
"XVECLEN (trueop1, 0) == 1",2,1,3
__num_threads > 0,2,1,3
((__former_front + 1) - __former_back) <= _M_max_size,2,1,3
!current_frame_info.r[reg_save_pr],2,1,3
INSN_CODE (insn) >= 0,2,1,3
NEXT_INSN (x) == nextx,2,1,3
TREE_CODE (gnu_prefix) == COMPONENT_REF || (attribute == Attr_Bit_Position && TREE_CODE (gnu_prefix) == FIELD_DECL),2,1,3
status == FFI_OK,2,1,3
! ira_use_lra_p,3,0,3
code->ext.inquire != NULL,2,1,3
string_cst && (TREE_STRING_LENGTH (string_cst) == (int) len) && integer_zerop (offset_node) && (unsigned char) TREE_STRING_POINTER (string_cst)[len - 1] == target_newline,2,1,3
mem != 0,2,1,3
"c_parser_next_token_is_keyword (parser, RID_ALIGNAS)",2,1,3
"""-27 12345678"", ""%d %x"", -27, 0x12345678",2,1,3
bindings->stmt_exprs == 0 && !bindings->left_stmt_expr,2,1,3
r.a[0] == -9,3,0,3
scop->original_schedule,3,0,3
loop_depth (loop) > 0,2,1,3
(align & 0x3) != 0,2,1,3
n <= nn,2,1,3
"""hello world 12345678"", ""%s %x"", ""hello world"", 0x12345678",2,1,3
!(DECL_P (node) && node == candidate),2,1,3
DECL_SAVED_TREE (fun),2,1,3
"pfile, ""cpu=spu""",2,1,3
next_qty <= max_qty,2,1,3
i->index > 0,2,1,3
0 <= __source && __source < __k,2,1,3
__LDBL_MANT_DIG__ == 106,2,1,3
TREE_CODE (nlanes) == INTEGER_CST,2,1,3
arr[i] == i + 1,2,1,3
tab->kill_list[p],2,1,3
regpos == bitpos,2,1,3
(item.offset % BITS_PER_UNIT) == 0,2,1,3
"pfile, &answer, T_IF",2,1,3
TREE_CODE (TREE_TYPE (TREE_TYPE (ar))) != FUNCTION_TYPE,2,1,3
"offset == offsetof (struct tree_string, str)",2,1,3
MEM_P (op0) && (!target || MEM_P (target)) && !(bitpos % BITS_PER_UNIT),2,1,3
icode == CODE_FOR_crypto_sha1c || icode == CODE_FOR_crypto_sha1p || icode == CODE_FOR_crypto_sha1m,2,1,3
current_class,2,1,3
insn_class != NO_REGS,2,1,3
position >= gcov_var.start,2,1,3
"op0, NE_EXPR, e, si",2,1,3
"""A 12345678"", ""%c %x"", 'A', 0x12345678",2,1,3
parser->fully_implicit_function_template_p,2,1,3
c <= this->entries_.size(),2,1,3
C_DECLARED_LABEL_FLAG (label),2,1,3
"(check_reduction && loop == vect_loop) || (!check_reduction && flow_loop_nested_p (vect_loop, loop))",2,1,3
"3L - 1 + .55df, _Decimal32",2,1,3
PURE_SLP_STMT (stmt_info),2,1,3
"1, 1",2,1,3
succs_info_pool.top >= 0 && &succs_info_pool.stack[succs_info_pool.top] == sinfo,2,1,3
loop_latch_edge (current_loop_nest),3,0,3
val != NULL_TREE && CONSTANT_CLASS_P (val),2,1,3
(GET_MODE (op0) == mode0 || GET_MODE (op0) == VOIDmode) && (GET_MODE (op1) == mode1 || GET_MODE (op1) == VOIDmode) && (GET_MODE (op2) == mode2 || GET_MODE (op2) == VOIDmode),2,1,3
"""cafebabe 12345678"", ""%x %x"", 0xcafebabe, 0x12345678",2,1,3
!CONSTANT_POOL_ADDRESS_P (RTX),2,1,3
remainder_size == element_size,2,1,3
t == 1,2,1,3
divisor > 0,2,1,3
i->type == GIMPLE_OMP_SECTION,2,1,3
"PHI_ARG_DEF_FROM_EDGE (update_phi2, guard_edge) == guard_arg",2,1,3
info->first_gp_reg_save > 11,2,1,3
!STATEMENT_LIST_TAIL (i->container),2,1,3
!(e = caller->get_edge (call_stmt)) || e->speculative,2,1,3
(offset & 15) == 0,2,1,3
size_check != NULL_TREE,2,1,3
fbi,3,0,3
condition != const_true_rtx || thread_if_true,2,1,3
gimple_code (cond) == GIMPLE_COND,2,1,3
"GET_CODE (XEXP (dest, 0)) == PLUS && GET_CODE (XEXP (XEXP (dest, 0), 1)) == CONST_INT",2,1,3
(obstack_next_free (&conversion_obstack) == obstack_base (&conversion_obstack)),2,1,3
TARGET_POWERPC64,2,1,3
ARRAY_SIZE (arg_regs) == 6,2,1,3
r < 64,2,1,3
begin->rank == 1,2,1,3
"""-27 12345678"", ""%wd %x"", (HOST_WIDE_INT)-27, 0x12345678",2,1,3
"""-5 12345678"", ""%lli %x"", (long long)-5, 0x12345678",2,1,3
JUMP_LABEL (insn) == old_label,2,1,3
r.a[4] == INT8x8_MAX - 2,3,0,3
is_gimple_assign (s),2,1,3
this->classification_ == TOKEN_FLOAT,2,1,3
LAMBDA_TYPE_P (type),2,1,3
vect,2,1,3
methods == NULL || !methods->empty(),2,1,3
attr == RS6000_BTC_UNARY || attr == RS6000_BTC_BINARY || attr == RS6000_BTC_TERNARY,2,1,3
class_size,2,1,3
TREE_CODE (e->decl) == FUNCTION_DECL,2,1,3
"special_symbolref_operand (x, VOIDmode)",3,0,3
flag_next_runtime,2,1,3
GFC_DESCRIPTOR_TYPE_P (TREE_TYPE (TREE_TYPE (parmse.expr))),1,2,3
!context || context == current_function_decl || TREE_STATIC (exp) || TREE_CODE (exp) == FUNCTION_DECL,2,1,3
!c->agg_contents || c->by_ref || offset_delta == 0,2,1,3
find (j) == j,2,1,3
"""machine=sh""",2,1,3
!call_really_used_regs[i] || call_used_regs[i],2,1,3
GET_MODE (op) == innermode || GET_MODE (op) == VOIDmode,2,1,3
!decoded->errors,2,1,3
i < this->entries_.size(),2,1,3
pref[i] == NO_REGS || aclass != NO_REGS,2,1,3
AT_index (a) != NO_INDEX_ASSIGNED,3,0,3
vrp_val_is_min (val),2,1,3
code1 == code2,2,1,3
mem_autoinc_base (dest) != stack_pointer_rtx,2,1,3
GET_CODE (val->value) == CONST_STRING,3,0,3
is_gimple_ip_invariant (v->value),2,1,3
"""cafebabe 12345678"", ""%llx %x"", (long long)0xcafebabe, 0x12345678",2,1,3
(c1 == INTEGER_TYPE || c1 == REAL_TYPE || c1 == FIXED_POINT_TYPE) && (c2 == INTEGER_TYPE || c2 == REAL_TYPE || c2 == FIXED_POINT_TYPE),2,1,3
TREE_CODE (type) == ERROR_MARK,2,1,3
deps_init_id_data.where == DEPS_IN_INSN,3,0,3
!(gnu_decl && (PRESENT_GNU_TREE (gnat_entity) || (!no_check && !DECL_P (gnu_decl)))),2,1,3
h0 == h1,2,1,3
reg_pref && reg_renumber,2,1,3
node->summary_uid,3,0,3
!parser->in_pragma,2,1,3
targetm.asm_out.output_dwarf_dtprel,3,0,3
cif->abi == FFI_V9,2,1,3
TREE_CODE (decl) == FUNCTION_DECL && DECL_BUILT_IN_CLASS (decl) == BUILT_IN_NORMAL && asmspec != 0,2,1,3
rval != dfs_skip_bases,3,0,3
alignment_support_scheme == dr_explicit_realign,2,1,3
"s, sizeof (0, (foo ()).c) == sizeof (char *)",2,1,3
proc != NULL,2,1,3
tmpdir_buf[tmpdir_len - 1] == DIR_SEPARATOR,2,1,3
(unsigned int)code < LAST_AND_UNUSED_GIMPLE_CODE,2,1,3
bb != EXIT_BLOCK_PTR_FOR_FN (cfun),3,0,3
tmpdir_buf,2,1,3
fileptr_type_node == ptr_type_node,2,1,3
!is_gimple_reg_type (type),2,1,3
p >= 0,2,1,3
lhs,2,1,3
gimple_has_ops (gs) && i < gimple_num_ops (gs),2,1,3
off != 0,2,1,3
r.a[0] == 0x0000,3,0,3
"umips_save_restore_pattern_p (save_p, pattern)",2,1,3
gfc_get_corank (e) > 0,2,1,3
e->dest == loop->header,2,1,3
"!same_type_p (TREE_TYPE (value), boolean_type_node) || integer_zerop (value) || integer_onep (value)",2,1,3
"hard_reg_set_subset_p (removed_node->hard_regs->set, node->hard_regs->set) || hard_reg_set_subset_p (node->hard_regs->set, removed_node->hard_regs->set)",2,1,3
n == 1,2,1,3
!streamer_handle_as_builtin_p (t),2,1,3
*__tl._M_elements_leftover == 0,2,1,3
(unsigned *)fpr_base <= stacktop - ASM_NEEDS_REGISTERS - NUM_GPR_ARG_REGISTERS,2,1,3
TREE_CODE (a) == INTEGER_CST,2,1,3
icode == CODE_FOR_crypto_sha1h,2,1,3
p->clause[i] > p->clause[i + 1],2,1,3
mode != BLKmode && (GET_MODE (y) == mode || GET_MODE (y) == VOIDmode),2,1,3
!sym->as->upper[dim],2,1,3
new_size <= old_size,2,1,3
s->h_prev,3,0,3
num_iregs <= 5 || iregs.I5 == I5,3,0,3
from_expr->ts.type != BT_CLASS || to_expr->ts.type == BT_CLASS,2,1,3
!crtl->calls_eh_return || really_return,2,1,3
(i + nelt_v8) > length || mode == V16QImode,2,1,3
!len,3,0,3
HOST_BITS_PER_LONG*2 == HOST_BITS_PER_WIDE_INT,2,1,3
"host_integerp (region_nr_t, 0)",1,2,3
!info->ipcp_orig_node,3,0,3
MEM_P (y),2,1,3
def_link && !def_link->next,3,0,3
isl_ast_expr_get_op_type (expr) == isl_ast_op_minus,2,1,3
"pfile, str, T_ASSERT",2,1,3
TREE_ADDRESSABLE (gnu_list),2,1,3
this->classification_ == TOKEN_STRING,2,1,3
!sibcall_p,2,1,3
offset <= TRAMPOLINE_SIZE,2,1,3
!wi::int_traits<T>::host_dependent_precision,2,1,3
ob,2,1,3
"(void *)(1 ? 0 : (0, 0))",2,1,3
targ_die != NULL,2,1,3
data[i] != -1,3,0,3
Ekind (gnat_param) == E_Out_Parameter,2,1,3
MEM_ANALYZABLE (ref),2,1,3
nopnds == expected_nopnds && nopnds <= MAX_HTM_OPERANDS,2,1,3
SDATA_BASE_REGNUM == PIC_OFFSET_TABLE_REGNUM,2,1,3
!accu->linear || accu->linear->count == count,2,1,3
No (Next (gnat_field)),2,1,3
"op, e, bsi, max ? GE_EXPR : EQ_EXPR, op, fold_convert (TREE_TYPE (op), min)",2,1,3
0 == status,3,0,3
gimple_code (stmt) == GIMPLE_RETURN,2,1,3
next_stmt && gimple_assign_single_p (next_stmt),2,1,3
TREE_CODE (body_list) == STATEMENT_LIST,2,1,3
TREE_CODE (type) == INTEGER_CST,2,1,3
"tree_int_cst_equal (pos, CASE_LOW (cs))",2,1,3
val == 0,2,1,3
!span,2,1,3
HOST_BITS_PER_WIDE_INT >= BITS_PER_UNIT,2,1,3
TREE_ADDRESSABLE (type),2,1,3
c->rhs.offset == 0,2,1,3
code != FUNCTION_TYPE,2,1,3
!DECL_REALLY_EXTERN (decl),2,1,3
"mpz_scan0 (x, bitsize-1) == ULONG_MAX",2,1,3
ctor->expr->expr_type == EXPR_CONSTANT,2,1,3
ALLOCNO_COALESCE_DATA (a)->first == a,2,1,3
dv_as_opaque (var1->dv) == dv_as_opaque (var2->dv),2,1,3
returnjump_p (bb_end_insn) || !e_fall,2,1,3
"ASM_OPERANDS_INPUT_VEC (SET_SRC (XVECEXP (x, 0, 0))) == ASM_OPERANDS_INPUT_VEC (SET_SRC (XVECEXP (x, 0, j)))",2,1,3
"""machine=h8300h""",2,1,3
"TREE_CODE (TREE_OPERAND (arg, 1)) == FIELD_DECL",2,1,3
DECL_SIZE (decl) != NULL_TREE || (TREE_STATIC (decl) ? (!DECL_INITIAL (decl) || !DECL_CONTEXT (decl)) : DECL_EXTERNAL (decl)),2,1,3
decl && DECL_P (decl) && TREE_STATIC (decl),2,1,3
"pfile, &answer, T_UNASSERT",2,1,3
!TYPE_QUALS_NO_ADDR_SPACE (t1) && !TYPE_QUALS_NO_ADDR_SPACE (t2),2,1,3
handled_p[i],2,1,3
tgt_i < 0,2,1,3
TREE_CODE (type2) == code2,2,1,3
!(sym->attr.entry || sym->attr.entry_master),2,1,3
nor_code != CODE_FOR_nothing,2,1,3
cur && cur->next,2,1,3
num_iregs <= 1 || iregs.I1 == I1,3,0,3
(unsigned long)&u.ld == rsp+8,3,0,3
t->expr_decl_uids[x] == NULL,2,1,3
"loop_in_sese_p (loop, region)",2,1,3
value != INVALID_PARAM_VAL,2,1,3
TREE_CODE (rhs1) != INTEGER_CST,2,1,3
insn_code >= 0,2,1,3
"""abc 12345678"", ""%.3s %x"", ""abcdef"", 0x12345678",2,1,3
loop.dimen == 1,2,1,3
!(me -> thread_blocked),2,1,3
TREE_CODE (value) != SSA_NAME || !POINTER_TYPE_P (TREE_TYPE (value)),2,1,3
!SCALAR_FLOAT_MODE_P (mode),3,0,3
derived,2,1,3
!TARGET_THUMB2,2,1,3
at_import_die,2,1,3
!SSA_NAME_ANTI_RANGE_P (name),2,1,3
"0, ""assert7""",2,1,3
STMT_VINFO_IN_PATTERN_P (stmt_vinfo),2,1,3
"""` 12345678"", ""%< %x"", 0x12345678",2,1,3
n_old_labels <= n_labels,2,1,3
comp_iter,2,1,3
pops_needed == 0,2,1,3
!(clause & (1 << predicate_false_condition)),2,1,3
STMT_VINFO_IN_PATTERN_P (orig_stmt_info),2,1,3
DECL_SECTION_NAME (decl) == NULL,3,0,3
subset == ADDR_SPACE_GENERIC || subset == ADDR_SPACE_FAR,2,1,3
xpart && ypart,2,1,3
code != TRANSLATION_UNIT_DECL && code != IDENTIFIER_NODE && !streamer_handle_as_builtin_p (t),2,1,3
"c_parser_next_token_is_keyword (parser, RID_TRANSACTION_CANCEL)",2,1,3
gimple_code (cont_stmt) == GIMPLE_OMP_CONTINUE,3,0,3
op == EXEC_EXIT,2,1,3
malloc_usable_size(p) >= 256,2,1,3
fargs->sym->attr.dimension == 0,2,1,3
"TREE_TYPE (t) == type && TREE_INT_CST_NUNITS (t) == 1 && TREE_INT_CST_EXT_NUNITS (t) == 1 && TREE_INT_CST_ELT (t, 0) == hwi",2,1,3
x != HOST_WIDE_INT_MIN,2,1,3
d->cur->index == field,2,1,3
comparison != UNKNOWN,2,1,3
info->gp_save_offset == -220 && info->fp_save_offset == -144 && info->lr_save_offset == 8 && info->cr_save_offset == 4 && info->push_p && info->lr_save_p && (!crtl->calls_eh_return || info->ehrd_offset == -432) && info->vrsave_save_offset == -224 && info->altivec_save_offset == -416,2,1,3
__cpu_model.__cpu_subtype < CPU_SUBTYPE_MAX,2,1,3
nlen <= GFC_MAX_SYMBOL_LEN,2,1,3
TREE_CODE (fn) == FUNCTION_DECL || TREE_CODE (fn) == TEMPLATE_DECL || TREE_CODE (fn) == OVERLOAD || TREE_CODE (fn) == TEMPLATE_ID_EXPR,2,1,3
accu->linear->count + accu->erratic->count == count,2,1,3
amd->mem_mode != VOIDmode && amd->mem_mode != BLKmode,2,1,3
GC_gcj_malloc_initialized,2,1,3
BLOCK_SUBBLOCKS (id->block) && (BLOCK_CHAIN (BLOCK_SUBBLOCKS (id->block)) == NULL_TREE),2,1,3
r.a[2] == 0x0000,3,0,3
*slot,2,1,3
object_sizes[object_size_type][varno] != unknown[object_size_type],3,0,3
GET_CODE (src) != MINUS,2,1,3
nested_in_vect_loop,2,1,3
TREE_TYPE (lhs_arg) == TREE_TYPE (rhs_arg),2,1,3
to_as == ADDR_SPACE_GENERIC || to_as == ADDR_SPACE_FAR,2,1,3
"GET_CODE (XEXP (addr, 0)) == PLUS",3,0,3
sc != NULL,3,0,3
ns->refs == 0,2,1,3
!desc->const_iter,2,1,3
base == stack_pointer_rtx,2,1,3
"""machine=iq2000""",2,1,3
sched_rgn_n_insns == rgn_n_insns,2,1,3
GET_MODE_INNER (mode) == op1_mode,2,1,3
"parse_in, opt->arg",2,1,3
"bitmap_equal_p (src, dst)",3,0,3
!s,3,0,3
gimple_code (USE_STMT (use_p)) == GIMPLE_PHI,2,1,3
! TREE_CHAIN (id),2,1,3
((void * volatile *)result)[1] == 0,2,1,3
TREE_CODE (label) == LABEL_DECL,2,1,3
curr_alt_matches[i] >= 0,2,1,3
purpose,2,1,3
GET_CODE (op1) == PARALLEL,2,1,3
master_dr != NULL,2,1,3
"16, 1",3,0,3
arm_compute_static_chain_stack_bytes() == 4,2,1,3
MEM_P (value),2,1,3
pcst.elt (l - 2) >= 0,2,1,3
nest,2,1,3
POINTER_TYPE_P (TREE_TYPE (se_expr)),2,1,3
TREE_CODE (type) == FUNCTION_TYPE || TREE_CODE (type) == METHOD_TYPE,2,1,3
"cfg_layout_can_merge_blocks_p (a, b)",2,1,3
gimple_code (stmt) == GIMPLE_PHI || is_gimple_assign (stmt),2,1,3
call,2,1,3
GET_CODE (expr) == SET,2,1,3
!initialized,2,1,3
stmt == tmp || GROUP_FIRST_ELEMENT (vinfo_for_stmt (tmp)) == stmt,2,1,3
isym->resolve.f0 != NULL,2,1,3
arr[i] == i + (i / 32) * 2,3,0,3
rewrite_uses_p (phi),2,1,3
alignment_support_scheme == dr_explicit_realign || alignment_support_scheme == dr_explicit_realign_optimized,2,1,3
"op, e, bsi, gimple_cond_code (last), gimple_cond_lhs (last), gimple_cond_rhs (last)",2,1,3
copy_space.c > next_arg.c,2,1,3
TARGET_PAIRED_SINGLE_FLOAT || mode != V2SFmode,3,0,3
sizeof (struct hblk) == HBLKSIZE,2,1,3
sctx,2,1,3
"loop_tree_node->parent ->regno_allocno_map[ALLOCNO_REGNO (a)] != NULL && bitmap_bit_p (loop_tree_node->border_allocnos, ALLOCNO_NUM (a))",2,1,3
i->index < EDGE_COUNT (ei_container (*i)),2,1,3
ira_class_hard_reg_index[aclass][hregno] == j,2,1,3
GC_finalize_now == 0,2,1,3
infp->reg_offset >= 0,2,1,3
TREE_CODE (for_stmt) != OACC_LOOP,2,1,3
"IN_RANGE (offset, 0, 240)",2,1,3
se->string_length,2,1,3
".88dl / 2L, _Decimal128",2,1,3
current_binding_level->kind == sk_function_parms,2,1,3
"op0, e->src, stmt",2,1,3
bitmap_empty_p (b),3,0,3
!prevailing_node->global.inlined_to,2,1,3
p < 4,2,1,3
"""machine=arc""",2,1,3
this->type_from_chan_element_,2,1,3
this->is_method(),3,0,3
REGNO (op) < FIRST_PSEUDO_REGISTER,2,1,3
0 == q,2,1,3
! virtual_operand_p (var),2,1,3
ridpointers [rid],2,1,3
nbbs == loop->num_nodes,2,1,3
cif->abi == FFI_V8,2,1,3
NULL == w->reducer_map,3,0,3
gimple_code (gsi_stmt (si)) != GIMPLE_COND && gimple_code (gsi_stmt (si)) != GIMPLE_SWITCH,2,1,3
"""' 12345678"", ""%> %x"", 0x12345678",2,1,3
NT_ASSERTION,2,1,3
"tree_int_cst_compare (use, update) == 0",2,1,3
r.a[3] == -2,3,0,3
"c_parser_next_token_is_keyword (parser, RID_DO)",2,1,3
TARGET_SSE,2,1,3
MAYBE_CLASS_TYPE_P (type),2,1,3
!in_dummy_function,2,1,3
ss,2,1,3
GET_CODE (x) == CONST_DOUBLE && GET_MODE_CLASS (GET_MODE (x)) == MODE_FLOAT,2,1,3
*param_ptr,2,1,3
code2 == VECTOR_TYPE || code2 == COMPLEX_TYPE || code2 == FIXED_POINT_TYPE || code2 == REAL_TYPE || code2 == INTEGER_TYPE,2,1,3
ind2reg[i],2,1,3
(unsigned long)&ms.x1 == rsp+8,3,0,3
head->current,2,1,3
arg != NULL_TREE,2,1,3
"c_parser_next_token_is (parser, CPP_NAME)",2,1,3
"bitmap_bit_p (current_all_blocks, df->postorder_inverted[i])",2,1,3
slot && *slot == victim.first,2,1,3
freq <= CGRAPH_FREQ_MAX,2,1,3
BINARY_CLASS_P (t),2,1,3
TYPE_SIZE (type) && tree_fits_uhwi_p (TYPE_SIZE (type)),2,1,3
!speculative_offset,2,1,3
!insn || !NEXT_INSN (insn),2,1,3
this->classification_ == TOKEN_INTEGER,2,1,3
(unsigned int) mode < (unsigned int) MAX_MACHINE_MODE,2,1,3
i < MAX_CLAUSES && j < MAX_CLAUSES,2,1,3
this->stub_ != NULL,2,1,3
uncolorable_allocnos_num == 0,2,1,3
"parse_in, opt->arg + 1",2,1,3
*offsetvar != NULL_TREE,2,1,3
!non_const,2,1,3
TREE_CODE (temptype) == POINTER_TYPE,2,1,3
"bitmap_bit_p (df_lr->out_of_date_transfer_functions, bb->index)",2,1,3
origin,2,1,3
head,2,1,3
item->cls == cls,2,1,3
t->partition_dependencies[x] == NULL,2,1,3
a != NULL,3,0,3
STMT_VINFO_LIVE_P (stmt_info),2,1,3
s1,2,1,3
i == 1 && REG_P (e) && REGNO (e) == SP_REGNUM,2,1,3
r.a[3] == INT8x8_MAX - 3,3,0,3
h2 (1),2,1,3
GET_MODE_CLASS (mode) != MODE_COMPLEX_INT && GET_MODE_CLASS (mode) != MODE_COMPLEX_FLOAT,2,1,3
result -> flags == 0 && result -> thread_blocked == 0,2,1,3
!proc->n.tb->is_generic,2,1,3
find (rhs.var) == rhs.var,2,1,3
ar1 && ar2,2,1,3
ret == (type) reg && ret == var,2,1,3
!DECL_WEAK (vnode->decl) || vnode->weakref || TREE_PUBLIC (vnode->decl) || DECL_EXTERNAL (vnode->decl),2,1,3
regno < reg_info_size,3,0,3
node != boolean_type_node && node != boolean_true_node && node != boolean_false_node,2,1,3
!(BLOCK_TO_BB (bb->index) < BLOCK_TO_BB (current_loop_nest->header->index)),2,1,3
"1, ("""")",2,1,3
stmt != NULL_TREE,2,1,3
id != PRAGMA_NONE,2,1,3
!valreg,2,1,3
new_e[0] || new_e[1],2,1,3
"3, ""s""",2,1,3
alias != NULL,2,1,3
fn && DECL_BUILT_IN (fn),2,1,3
r.a[2] == 0x00,3,0,3
!fold_deferring_overflow_warnings_p (),2,1,3
!remember->in_use,2,1,3
"""-5 12345678"", ""%i %x"", -5, 0x12345678",2,1,3
TREE_CODE (parm_max) == MINUS_EXPR,2,1,3
"op, op, comp_code, value, bb, NULL, si",2,1,3
DECL_ASSEMBLER_NAME (v1) == DECL_ASSEMBLER_NAME (v2),2,1,3
POINTER_TYPE_P (TREE_TYPE (caf_decl)),2,1,3
s1var->n_var_parts == 1,2,1,3
ret != NULL_TREE,2,1,3
se->ss == NULL,2,1,3
"""machine=RX610""",2,1,3
words < interleave_factor,2,1,3
" ::cilk::internal::class_is_empty< typename ::cilk::internal::binary_functor<Compare>::type >::value, ""cilk::reducer_min_index<Type, Compare> only works with "" ""an empty Compare class""",2,1,3
r.a[0] == 0x00000000,3,0,3
ira_reg_classes_intersect_p [aclass][ALLOCNO_CLASS (conflict_a)],2,1,3
arg->special_slot,3,0,3
ident,2,1,3
cl->num_sorted == 0,2,1,3
min == NULL_TREE && max == NULL_TREE,2,1,3
origin_die,2,1,3
gimple_vuse (stmt),2,1,3
sym->ts.type == BT_DERIVED,2,1,3
TREE_CODE (var) != SSA_NAME,2,1,3
"bitmap_bit_p (coloring_allocno_bitmap, ALLOCNO_NUM (conflict_a))",2,1,3
"""cpu=xstormy16""",2,1,3
TREE_CODE (se.expr) != CONSTRUCTOR,3,0,3
GET_MODE (from) != VOIDmode,2,1,3
decl_context == PARM || decl_context == TYPENAME || (decl_context == FIELD && declarator->kind == cdk_id),2,1,3
DECL_ARG_TYPE (t) != TREE_TYPE (t),2,1,3
r.a[0] == 0x00,3,0,3
TREE_CODE (TREE_TYPE (ar)) == POINTER_TYPE,2,1,3
info,2,1,3
DEBUG_TEMP_UID (DEBUG_EXPR_TREE_DECL (x)) > DEBUG_TEMP_UID (DEBUG_EXPR_TREE_DECL (y)),2,1,3
GET_MODE_SIZE (op0_mode) + GET_MODE_SIZE (op1_mode) == GET_MODE_SIZE (mode),2,1,3
sym->ts.type != BT_UNKNOWN,2,1,3
op0_n_elts == n_elts,2,1,3
NULL == w->l->pending_exception,3,0,3
pix != NULL,2,1,3
num_iregs <= 2 || iregs.I2 == I2,3,0,3
GET_MODE_SIZE (mode) == UNITS_PER_HWFPVALUE,2,1,3
!reversed && !dead,3,0,3
TREE_CODE (sym->backend_decl) == VAR_DECL || TREE_CODE (sym->backend_decl) == PARM_DECL,2,1,3
s == e,2,1,3
TREE_CODE (TREE_TYPE (exp)) == FUNCTION_TYPE,2,1,3
may_send || may_receive,2,1,3
!Expansion_Delayed (gnat_node),2,1,3
!duplicated,2,1,3
this->classification_ == TOKEN_OPERATOR,2,1,3
"""10 12345678"", ""%u %x"", 10, 0x12345678",2,1,3
own_thread || thread_if_true,2,1,3
var->refcount > 0,2,1,3
r2 != NULL,2,1,3
builtin_decl_implicit_p (BUILT_IN_STPCPY),2,1,3
!TYPE_BINFO (ref) || TYPE_SIZE (ref),2,1,3
p->fd->bk == p,2,1,3
"""cafebabe 12345678"", ""%lx %x"", (long)0xcafebabe, 0x12345678",2,1,3
is_overloaded_fn (dname),2,1,3
DECL_ALIGN (field) == align,2,1,3
argc,3,0,3
"targetm.use_by_pieces_infrastructure_p (len, align, memsetp ? SET_BY_PIECES : STORE_BY_PIECES, optimize_insn_for_speed_p ())",2,1,3
EDGE_COUNT (guard_edge->src->preds) == 1,2,1,3
POINTER_TYPE_P (TREE_TYPE (t)),2,1,3
op == SIZEOF_EXPR || op == ALIGNOF_EXPR,2,1,3
TREE_CODE (decl) != PARM_DECL,2,1,3
reg_renumber[regno] < 0,3,0,3
TREE_CODE (t) == TREE_LIST,3,0,3
gimple_call_internal_p (gs),2,1,3
insn->get_op (i),3,0,3
e1->expr_type == EXPR_VARIABLE && e2->expr_type == EXPR_VARIABLE,2,1,3
!objc_building_struct,2,1,3
tmp_i < GCOV_HISTOGRAM_SIZE,2,1,3
"TREE_OPERAND (incr, 0) == decl",3,0,3
!stmt_ends_bb_p (last),2,1,3
!is_not_constant_evolution (cst),2,1,3
current_badness >= badness,2,1,3
!vec_stmt && STMT_VINFO_VEC_STMT (stmt_info) == old_vec_stmt,2,1,3
POINTER_TYPE_P (TREE_TYPE (rhs)),2,1,3
"c_parser_next_token_is_keyword (parser, RID_WHILE)",2,1,3
"retrieve_specialization (new_template, new_args, 0) == old_decl",2,1,3
i < 2,2,1,3
can_duplicate_block_p (bb),2,1,3
TREE_CODE (ident_t) == IDENTIFIER_NODE,2,1,3
TYPE_CANONICAL (t) == t,2,1,3
dir == CDI_DOMINATORS || dir == CDI_POST_DOMINATORS,2,1,3
TREE_CODE (call_expr) == CALL_EXPR,2,1,3
building_stmt_list_p (),3,0,3
"op1, code, e, bsi",2,1,3
outermode != BLKmode,2,1,3
2 == gimple_phi_num_args (phi),2,1,3
"""10 12345678"", ""%wu %x"", (unsigned HOST_WIDE_INT)10, 0x12345678",2,1,3
la == cla_prefer_id,2,1,3
result && TREE_CODE (result) == lto_tag_to_tree_code (expected_tag),2,1,3
single_user_map.get (var),2,1,3
obs->left_in_block == 0,2,1,3
"wi::le_p (minv, maxv, sgn)",3,0,3
argsize == 2 * LONG_LONG_TYPE_SIZE,3,0,3
tsd == (void *)GC_lookup_thread(pthread_self()),2,1,3
m->fs.cfa_reg == stack_pointer_rtx,2,1,3
se->ss->info->expr == expr,3,0,3
!sym->attr.dimension,2,1,3
"!bitmap_bit_p (tovisit, e->src->index) || (e->flags & EDGE_DFS_BACK)",2,1,3
code == GIMPLE_CALL || code == GIMPLE_COND,2,1,3
STMT_VINFO_RELEVANT (dstmt_vinfo) < vect_used_by_reduction,2,1,3
"op1, EQ_EXPR, e, si",2,1,3
gimple_code (stmt) != GIMPLE_LABEL,2,1,3
copy == name,2,1,3
"E1, L""bar""",2,1,3
!append->has_scope,2,1,3
op_type == binary_op,2,1,3
innermode != BLKmode,2,1,3
r.a[5] == INT8x8_MAX - 1,3,0,3
part >= 0 && (unsigned)part < SA.map->num_partitions,2,1,3
GC_getspecific(GC_thread_key) == (void *)p,2,1,3
cls->members.length () > 0,2,1,3
! reg_pref && ! reg_renumber,2,1,3
"""LineSave.ipass <1 || EmisLines[ipH_LIKE][ipHYDROGEN][ipH2p][ipH1s].ots>= 0."", ""lines_hydro.c"", 118",2,1,3
c->lhs.offset == 0,2,1,3
base_case,2,1,3
ctor->expr->ts.type == BT_CHARACTER,2,1,3
"name2, name2, comp_code, cst, NULL, e, bsi",2,1,3
"(void *)(__SIZE_TYPE__)16, ""non-integer""",2,1,3
child_ff->is_call_child,3,0,3
amount / 4 * 4 == amount,2,1,3
buffer[i] == C,3,0,3
!t->kill_list[x],2,1,3
crtl->stack_alignment_needed <= crtl->stack_alignment_estimated,2,1,3
cparent->common_next == p,2,1,3
DF_REF_REGNO (def) < FIRST_PSEUDO_REGISTER,2,1,3
memory_access_type == STMT_VINFO_MEMORY_ACCESS_TYPE (stmt_info),3,0,3
"0 + 1, ""f""",2,1,3
LAMBDA_EXPR_THIS_CAPTURE (lam) == member,2,1,3
"""10 12345678"", ""%llu %x"", (long long)10, 0x12345678",2,1,3
len + 3 < sizeof (buf),2,1,3
fields.is_empty(),2,1,3
victim,3,0,3
sym->tlink == NULL,2,1,3
TREE_CODE (field_offset) == INTEGER_CST && TREE_CODE (byte_offset) == INTEGER_CST && (field_size != NULL_TREE ? TREE_CODE (field_size) == INTEGER_CST : TREE_CODE (TREE_TYPE (cfield)) == ARRAY_TYPE),2,1,3
ira_class_hard_reg_index[aclass][hard_regno] >= 0,2,1,3
target->symtree,2,1,3
ti->end_row != NULL,2,1,3
"XVECLEN (addr, 0) == 1",2,1,3
!current_stmt_group->block,2,1,3
attrs != NULL,2,1,3
ws,2,1,3
op > unknown_optab && op <= LAST_CONV_OPTAB,2,1,3
GFC_TYPE_ARRAY_AKIND (TREE_TYPE (caf_decl)) == GFC_ARRAY_ALLOCATABLE || expr->symtree->n.sym->attr.select_type_temporary,2,1,3
option->flags & CL_JOINED,2,1,3
insn_has_dfa_reservation_p (insn),2,1,3
"name, e, si, cond_code, cond_op0, cond_op1, is_else_edge",2,1,3
to != NULL,2,1,3
current_ir_type () == IR_RTL_CFGRTL || current_ir_type () == IR_RTL_CFGLAYOUT,2,1,3
isl_ast_node_get_type (node_for) == isl_ast_node_for,3,0,3
"c_parser_next_token_is (parser, CPP_KEYWORD)",2,1,3
marker && !remaining,2,1,3
"same_type_ignoring_top_level_qualifiers_p (atype, TREE_TYPE (init))",2,1,3
mode >= 0 && mode <= 2,3,0,3
"c_parser_next_token_is_keyword (parser, RID_FOR)",2,1,3
TREE_CODE (old_name) == SSA_NAME,2,1,3
REG == code || POST_INC == code,2,1,3
new_st.op == EXEC_NOP,3,0,3
seq2 == seq,2,1,3
freq >= 0,2,1,3
COMPLETE_TYPE_P (t) || errorcount,2,1,3
insn != NULL,3,0,3
Length > 0,2,1,3
LABEL_P (operands[0]),3,0,3
*p == 's',3,0,3
IS_VFP_REGNUM (REGNO (reg)),2,1,3
this->type_ == NULL || type->is_error_type(),2,1,3
targets.length () <= len,2,1,3
tmpdir_len > 0,2,1,3
GET_MODE_BITSIZE (mode) % TREE_INT_CST_LOW (TYPE_SIZE (innertype)) == 0,2,1,3
oprec != PREC_NOT_OPERATOR,2,1,3
union_or_struct_p (kind),2,1,3
dest_regno == current_frame_info.r[reg_save_ar_lc],2,1,3
VAR_DECL_IS_VIRTUAL_OPERAND (name_var),2,1,3
"4, v[4]",3,0,3
SCALAR_FLOAT_MODE_P (arg0_mode),3,0,3
cls->dtable == __objc_uninstalled_dtable,3,0,3
TREE_CODE (t) == METHOD_TYPE,2,1,3
expr->value.op.op1->ts.type == BT_CHARACTER && expr->value.op.op2->ts.type == BT_CHARACTER,2,1,3
flag_coarray == GFC_FCOARRAY_LIB,3,0,3
stack_size >= (8*HBLKSIZE*sizeof(word)),2,1,3
"XEXP (addr, 0) == stack_pointer_rtx",2,1,3
r.a[3] == 12,3,0,3
I_LABEL_BINDING (b->id) == b,2,1,3
"op1, e->src, stmt",2,1,3
sym->attr.flavor == FL_VARIABLE,2,1,3
"cpp_reader *pfile, const char *str, int type",2,1,3
curr->callee->global.inlined_to == to,2,1,3
!specs->long_p && !specs->short_p && !specs->long_long_p,2,1,3
block->has_scope,2,1,3
target == 0,2,1,3
"e->index == strip_typedefs_expr (e->index, remove_attributes)",2,1,3
"""10 12345678"", ""%lu %x"", (long)10, 0x12345678",2,1,3
m_initialized,2,1,3
!sym->module,2,1,3
"sizeof (struct s { int k; }), """"",2,1,3
new_version,2,1,3
e->ts.type == BT_INTEGER && e->expr_type == EXPR_CONSTANT,3,0,3
"attribute_tables[i][k].name[0] == '*' || strcmp (attribute_tables[i][k].name, attribute_tables[j][l].name)",2,1,3
"token->type == CPP_NAME && strcmp (IDENTIFIER_POINTER (token->value), ""simd"") == 0",2,1,3
TREE_CODE (x) == VAR_DECL,2,1,3
cif->abi == FFI_DARWIN,2,1,3
!node->process || node->same_comdat_group,2,1,3
"CONST_INT_P (XEXP (XEXP (dest, 0), 1)) && REG_P (XEXP (XEXP (dest, 0), 0))",2,1,3
r1->next == NULL,2,1,3
"c_parser_next_token_is_keyword (parser, RID_IF)",2,1,3
TREE_CODE (gnu_subprog_type) == FUNCTION_TYPE,2,1,3
size <= 32,3,0,3
!parser->in_pragma || parser->tokens[0].type != CPP_PRAGMA_EOL,2,1,3
num_iregs <= 3 || iregs.I3 == I3,3,0,3
s1var->n_var_parts && s1var->var_part[0].loc_chain,2,1,3
! is_sibcall,3,0,3
first_bb == last_bb,3,0,3
hard_regs_roots->next == NULL,2,1,3
nlabel != NULL_RTX,2,1,3
REG_P (target) && MEM_P (mem),2,1,3
TREE_CODE (decl) != NAMESPACE_DECL,2,1,3
index != EDGE_INDEX_NO_EDGE,2,1,3
INSN_UID (label) == 0,3,0,3
stmt_list,2,1,3
"(*java_vm)->GetEnv(java_vm, &tmp.void_env, JNI_VERSION_1_2) == JNI_OK",2,1,3
"name, name, comp_code, val, NULL, e, bsi",2,1,3
strlen (arm_selected_arch->name) <= sizeof (buf) / sizeof (*pos),2,1,3
(unsigned long)&u.i == rsp+8,3,0,3
TREE_TYPE (t) != void_type_node,2,1,3
GET_MODE (ret) != BLKmode,2,1,3
other.m_sig != 0,2,1,3
insn_cnt1 == insn_cnt2,2,1,3
TREE_CODE_LENGTH (code) == 2,2,1,3
"NULL, gimple_get_lhs (stmt)",3,0,3
!ireg,3,0,3
strlen (expr->value.function.name) <= GFC_MAX_SYMBOL_LEN - 5,2,1,3
! dependencies,2,1,3
max <= 8,2,1,3
ivar->ivar_type,2,1,3
sizeof (C) == sizeof (int *),2,1,3
!(name[0] == '_' && name[1] == '_' && name[len - 1] == '_' && name[len - 2] == '_'),2,1,3
!specs->long_long_p && !specs->short_p && !specs->signed_p && !specs->unsigned_p,2,1,3
NULL == w->l->frame_ff,3,0,3
"same_type_ignoring_top_level_qualifiers_p (TREE_TYPE (TREE_TYPE (op)), TREE_TYPE (TREE_TYPE (member)))",2,1,3
result != NULL,2,1,3
!type_dependent_expression_p (expr),2,1,3
TREE_CODE (b) == INTEGER_CST,2,1,3
gimple_call_lhs (call_stmt),2,1,3
GET_CODE (offset) == CONST_INT,2,1,3
!DEFERRED_NOEXCEPT_SPEC_P (spec),3,0,3
REGNO (reg1) == REGNO (reg2) + 1,2,1,3
TREE_CODE (TREE_TYPE (adjustment_def)) == VECTOR_TYPE,2,1,3
TARGET_NEON,2,1,3
GET_MODE (src) == TImode,2,1,3
EDGE_COUNT (orig_exit->succs) == 1,2,1,3
gnat_pool != -1,2,1,3
"XVECLEN (trueop1, 0) == (int) n_elts",2,1,3
"c_parser_next_token_is_keyword (parser, RID_AT_SYNCHRONIZED)",2,1,3
"c_parser_next_token_is (parser, CPP_COLON)",2,1,3
cp_unevaluated_operand != 0,2,1,3
"t, t, comp_code, value, bb, NULL, si",2,1,3
index < asm_stmt->ni,2,1,3
GET_CODE (x) != MEM,3,0,3
op != NULL_RTX,2,1,3
TREE_CODE (ident_s) == IDENTIFIER_NODE,2,1,3
superset == ADDR_SPACE_GENERIC || superset == ADDR_SPACE_FAR,2,1,3
"__is_sorted(__target, __target_end, __comp)",2,1,3
wi::fits_uhwi_p (wmax),2,1,3
val2 != NULL_TREE,2,1,3
code != SSA_NAME,2,1,3
TREE_CODE (arg0) == INTEGER_CST && TREE_CODE (arg1) == INTEGER_CST,2,1,3
clone_info->args[argno].linear_step >= 0 && clone_info->args[argno].linear_step < n,2,1,3
something_reloaded,2,1,3
"-0, ""ass"" L""ert3""",2,1,3
tkind < (HOST_WIDE_INT_C (1U) << talign_shift),3,0,3
gfc_real_kinds[n].radix == 2,2,1,3
INTEGRAL_TYPE_P (TREE_TYPE (orig_arg)) || POINTER_TYPE_P (TREE_TYPE (orig_arg)),2,1,3
ar->type != AR_ELEMENT,2,1,3
r.a[6] == INT8x8_MAX,3,0,3
elt->indx == first_index,2,1,3
scheduled_something_on_previous_fence || !live_available || !hard_available || (!reload_completed && reg_rename_p->crosses_call && REG_N_CALLS_CROSSED (regno) == 0),2,1,3
INTEGER_CST_P (stride),2,1,3
TREE_CODE (t) == PARM_DECL || is_capture_proxy (t),2,1,3
MEM_P (orig_mem),3,0,3
!specs->long_p && !specs->short_p,2,1,3
NONJUMP_INSN_P (insn) || CALL_P (insn),2,1,3
e->src == pred,2,1,3
single_pred_p (bb),2,1,3
GET_MODE_BITSIZE (mode) <= HOST_BITS_PER_DOUBLE_INT,2,1,3
ffi_type_test ((*ptr)),2,1,3
GTK_IS_RADIO_BUTTON (native_group->data),3,0,3
TREE_PUBLIC (tinfo) && !DECL_COMDAT (tinfo),2,1,3
path->last () == var_bb,2,1,3
ira_class_hard_reg_index[aclass][old_hard_regno] >= 0,2,1,3
statement,2,1,3
! (eg->flags & EDGE_ABNORMAL),2,1,3
use == lv_assign || use == lv_increment || use == lv_decrement || use == lv_asm,2,1,3
diff_seen,2,1,3
t == *expr_p,2,1,3
"-1, ""foo"" L""bar""",2,1,3
growths <= MAX_STACK_GROWS,2,1,3
access_path,2,1,3
!src2_note,2,1,3
check_pow (pow_call),2,1,3
dest != NULL_RTX,2,1,3
endp != 2,2,1,3
GET_MODE (mem) == QImode,2,1,3
val1 != NULL_TREE,2,1,3
type == unknown_type_node,2,1,3
formatClass != NULL,2,1,3
!gnu_high || TREE_CODE (gnu_high) == INTEGER_CST,2,1,3
"!dom_info_available_p (fn, CDI_POST_DOMINATORS)",2,1,3
code1 == VECTOR_TYPE || code1 == COMPLEX_TYPE || code1 == FIXED_POINT_TYPE || code1 == REAL_TYPE || code1 == INTEGER_TYPE,2,1,3
DECL_LANG_SPECIFIC (olddecl) != DECL_LANG_SPECIFIC (newdecl),2,1,3
ldfmt->b != 10,2,1,3
from_as == ADDR_SPACE_GENERIC || from_as == ADDR_SPACE_FAR,2,1,3
REGNO (incoming) < FIRST_PSEUDO_REGISTER,2,1,3
!CLASSTYPE_VBASECLASSES (type),2,1,3
!rtl || !MEM_P (rtl),2,1,3
r.a[2] == INT8x8_MAX - 4,3,0,3
op0_n_elts + op1_n_elts == n_elts,2,1,3
REG_P (loc) || MEM_P (loc),2,1,3
"__i == 0 || !__comp(*(__seqs_begin[__source].first), *(__target - 1))",2,1,3
entry_calls == 1 && exit_calls == 0,2,1,3
comb->n == MAX_AFF_ELTS - 1,2,1,3
targetm.get_function_versions_dispatcher,2,1,3
last_fn_entered == foo2,2,1,3
seen_error (),3,0,3
!gimple_modified_p (stmt),2,1,3
mode == GET_MODE_INNER (GET_MODE (trueop0)),2,1,3
dependencies,2,1,3
"fndecl, fun->decl",3,0,3
first,2,1,3
"__comp(*__r, *__pivot_pos)",2,1,3
" ::cilk::internal::class_is_empty< typename ::cilk::internal::binary_functor<Compare>::type >::value, ""cilk::reducer_min<Type, Compare> only works with "" ""an empty Compare class""",2,1,3
!inlined_to_p || !optimized_out_size,2,1,3
vecsize_mangle && simdlen,2,1,3
TYPE_MODE (t) == mode,2,1,3
TREE_STATIC (var->decl) || DECL_EXTERNAL (var->decl),2,1,3
BRANCH_EDGE (entry_bb)->dest == FALLTHRU_EDGE (cont_bb)->dest,2,1,3
"5 * .2DL, _Decimal128",2,1,3
ix + len <= length (),2,1,3
!specs->long_p && !specs->short_p && !specs->signed_p && !specs->unsigned_p,2,1,3
!TREE_ADDRESSABLE (type),3,0,3
code->ext.dt != NULL,2,1,3
position + 2 <= gcov_var.start + gcov_var.offset,2,1,3
update_p,2,1,3
loc != dv_as_opaque (dv),2,1,3
v1 == n,3,0,3
TREE_CODE (TREE_TYPE (new_var)) != ARRAY_TYPE,2,1,3
val || 1,2,1,3
"rtx_equal_p (dnode->loc, snode->loc)",2,1,3
"names_to_release == NULL || !bitmap_bit_p (names_to_release, SSA_NAME_VERSION (name))",2,1,3
path != NULL,2,1,3
DEFAULT_ABI == ABI_AIX || DEFAULT_ABI == ABI_ELFv2,3,0,3
"c_parser_next_token_is_keyword (parser, RID_STATIC_ASSERT)",2,1,3
(targetm.mode_switching.entry && targetm.mode_switching.exit) || (!targetm.mode_switching.entry && !targetm.mode_switching.exit),2,1,3
ready->n_ready,2,1,3
"GET_CODE (XEXP (XEXP (XEXP (dest, 0), 1), 1)) == CONST_INT",2,1,3
"n == XVECLEN (pattern, 0)",2,1,3
!next->ll_symbol,2,1,3
operation_type == left_base_type && sizetype == right_base_type,2,1,3
"!dominated_by_p (CDI_DOMINATORS, old_bb, old_bb_non_dominating_edge->src)",2,1,3
libfunc != NULL_RTX,2,1,3
(is_aligned(chunk2mem(p))) || (p->head == FENCEPOST_HEAD),3,0,3
delay,3,0,3
TREE_CODE (vector_last_type) == VECTOR_TYPE,2,1,3
"IN_RANGE ((REGNO), 0, FIRST_PSEUDO_REGISTER-1)",2,1,3
live->global,2,1,3
ALLOCNO_CLASS (subloop_allocno) == rclass,2,1,3
total_len % 2 == 0,2,1,3
!DECL_BY_REFERENCE (t),2,1,3
cst_and_fits_in_hwi (mask),2,1,3
is_old_name (var),2,1,3
GET_MODE_INNER (mode) == op0_mode,2,1,3
!attribute_tables[i][j].decl_required || !attribute_tables[i][j].type_required,2,1,3
"XVECLEN (x, 0) == 1",2,1,3
gimple_num_ops (gs) > index + 3,3,0,3
comb->n == MAX_AFF_ELTS || comb->rest == NULL_TREE,2,1,3
ptrofftype_p (TREE_TYPE (right)),2,1,3
"cpp_reader *pfile, unsigned int *value",2,1,3
set != NULL,2,1,3
gimple_try_kind (gs) == GIMPLE_TRY_CATCH,2,1,3
num_ops > 1,2,1,3
"""% 12345678"", ""%% %x"", 0x12345678",2,1,3
mode & CLEANUP_CROSSJUMP,2,1,3
seqno >= 0,2,1,3
node < graph->size,2,1,3
GFC_TYPE_ARRAY_CAF_TOKEN (caf_type) == NULL_TREE,2,1,3
g->specific,3,0,3
"i, ""non-constant""",2,1,3
!ef,2,1,3
"""normal colored normal 12345678"", ""normal %rcolored%R normal %x"", ""error"", 0x12345678",2,1,3
"""cpu=h8300h""",2,1,3
entry_calls == 2 && exit_calls == 1,2,1,3
state,2,1,3
TREE_CODE (array_size) == INTEGER_CST,2,1,3
thr && thr->dev,3,0,3
"memcmp (&X1, &X2, sizeof (T)) == 0",3,0,3
result == 1,2,1,3
&m_timevars[timevar] == m_stack->timevar,2,1,3
rstr != NULL && strlen (rstr) < sizeof (buf) - 12,2,1,3
pat,2,1,3
"c_parser_next_token_is_keyword (parser, RID_ALIGNOF)",2,1,3
gimple_try_kind (g) == GIMPLE_TRY_CATCH,2,1,3
"c_parser_next_token_is_keyword (parser, RID_AT_SYNTHESIZE)",2,1,3
(_M_k > 0) && (_M_p > 0.0) && (_M_p <= 1.0),2,1,3
!present_p,2,1,3
new_insn != NULL_RTX,2,1,3
((unsigned long) copy_space.c & 0xF) == 0,2,1,3
newclasses[i]->members.length (),2,1,3
arg->alignment == 0,2,1,3
append,2,1,3
k >= 0,2,1,3
scalarish_type_p (type),2,1,3
!TREE_ADDRESSABLE (orig_arg) && TREE_CODE (TREE_TYPE (orig_arg)) == REFERENCE_TYPE,2,1,3
EDGE_COUNT (loop1_exit_bb->succs) == 2,2,1,3
GET_CODE (exp) == SET,2,1,3
"tree_int_cst_equal (rli->bitpos, round_down (rli->bitpos, BITS_PER_UNIT))",2,1,3
TREE_CODE (instance) != MEM_REF,2,1,3
!current_scope,2,1,3
jfunc->type == IPA_JF_CONST,3,0,3
"op0, EQ_EXPR, e, si",2,1,3
node == var->var_part[0].loc_chain,2,1,3
TREE_CODE (replace_info->old_tree) == PARM_DECL,2,1,3
regno_aclass[i] != NO_REGS && ira_reg_allocno_class_p[regno_aclass[i]],2,1,3
this->expr_ == NULL,2,1,3
aclass == ALLOCNO_CLASS (parent_a),2,1,3
POINTER_TYPE_P (TREE_TYPE (se->expr)),2,1,3
GET_MODE_INNER (mode) == GET_MODE_INNER (GET_MODE (trueop0)),2,1,3
"PHI_ARG_DEF_FROM_EDGE (update_phi, e) == orig_def",2,1,3
lss != gfc_ss_terminator,2,1,3
dep_out != stdout,2,1,3
_sc != NULL,3,0,3
n_instrumented == num_instrumented,2,1,3
"c_parser_next_token_is_keyword (parser, RID_TYPEOF)",2,1,3
INTEGER_CST_P (offset),2,1,3
cfun->curr_properties & PROP_loops,2,1,3
var->n_var_parts && var->var_part[0].loc_chain->loc == cval && var->var_part[0].loc_chain->next == NULL,2,1,3
TYPE_P (arg),2,1,3
prec != -1,2,1,3
dim < as->rank,2,1,3
nrefs >= 0,2,1,3
"""17 12345678"", ""%o %x"", 15, 0x12345678",2,1,3
align != 0,2,1,3
TREE_TYPE (member) == vtbl_ptr_type_node,2,1,3
c || ci != ci0,2,1,3
offset == 0 || !onepart,2,1,3
code != STATEMENT_LIST,2,1,3
" ""cpu=v850"" ",2,1,3
is_gimple_reg_type (TREE_TYPE (arg)),2,1,3
PREV_INSN (x) == prevx,2,1,3
blocks_to_update != NULL,2,1,3
!STMT_VINFO_RELEVANT (stmt_info) || STMT_VINFO_RELEVANT (stmt_info) == vect_used_in_scope,2,1,3
TREE_CODE (se->expr) == FUNCTION_DECL,2,1,3
!c->agg_contents || !c->by_ref,2,1,3
arg->elements != NULL,2,1,3
!TYPE_POLYMORPHIC_P (type),2,1,3
bb == NULL || e == NULL,2,1,3
sizeof (B) == sizeof (int (*)[n]),2,1,3
"! high || tree_int_cst_lt (low, high)",2,1,3
entry_calls == 0 && exit_calls == 0,2,1,3
"size == SUBSTITUTE_PLACEHOLDER_IN_EXPR (size, exp)",2,1,3
single_pred_p (exit_bb),2,1,3
ndx == count,2,1,3
!stack_realign_drap,2,1,3
!code,2,1,3
!C_MAYBE_CONST_EXPR_INT_OPERANDS (lhs),2,1,3
attribute_tables[i][j].min_length >= 0,2,1,3
!gcov_var.file,2,1,3
sizeof (signed_word) == sizeof(word),2,1,3
parser->tokens[0].type == CPP_PRAGMA,2,1,3
bb1g != bb2g,2,1,3
"Propagate, ""assigning propagating_allocator<T, true>""",2,1,3
"host_integerp (size, 1)",1,2,3
last != before_call,3,0,3
"cond, name",2,1,3
cl->sorted == NULL,3,0,3
w,3,0,3
"c_parser_next_token_is_keyword (parser, RID_AT_DYNAMIC)",2,1,3
COMPLETE_TYPE_P (t),3,0,3
"gdk_pixbuf_save_to_callback (pixbuf, &save_to_stream, &ssr, enctype, &err, NULL)",2,1,3
loop == (gimple_bb (stmt))->loop_father,2,1,3
cif->abi == FFI_UNIX,2,1,3
head2 == head,2,1,3
"0, ""assert4""",2,1,3
"name2, tmp, new_comp_code, new_val, NULL, e, bsi",2,1,3
!gimple_has_substatements (stmt),2,1,3
(intptr_t) orig_address_in_writer == orig_address_in_writer,2,1,3
TREE_CODE (ssa_var) == SSA_NAME,2,1,3
TREE_CODE (t) == BIND_EXPR,2,1,3
scope_die->die_child,2,1,3
"XEXP (x, 0) != stack_pointer_rtx",3,0,3
!(ds & BE_IN_SPEC),2,1,3
alignment_support_scheme != dr_explicit_realign_optimized,2,1,3
TREE_CODE (type) != POINTER_TYPE,2,1,3
"c_parser_next_token_is_keyword (parser, RID_AT_PROPERTY)",2,1,3
result_type == TREE_TYPE (type),2,1,3
!gnu_low || TREE_CODE (gnu_low) == INTEGER_CST,2,1,3
rank <= GFC_DTYPE_RANK_MASK,2,1,3
op2 == NULL_TREE,2,1,3
tab->num_in_part[i] != 0,2,1,3
"""cpu=iq2000""",2,1,3
"pfile, ""cpu=s390""",2,1,3
predicates,2,1,3
TREE_CODE (t) == VAR_DECL || TREE_CODE (t) == FUNCTION_DECL,2,1,3
e->expr_type == EXPR_VARIABLE && e->ts.type == BT_CHARACTER,2,1,3
def_data != NULL,2,1,3
op1_n_elts == n_elts,2,1,3
BINFO_PRIMARY_P (primary_base) && BINFO_INHERITANCE_CHAIN (primary_base) == b,2,1,3
bounds,3,0,3
"op1, e, bsi, rhs_code, op0, op1, invert",2,1,3
"""cpu=sh""",2,1,3
TREE_PURPOSE (t) == NULL_TREE || DECL_P (TREE_PURPOSE (t)),2,1,3
new_tree != old && SSA_NAME_VAR (new_tree) == SSA_NAME_VAR (old),2,1,3
type_annotate_only || Present (Parent_Subtype (gnat_entity)),2,1,3
(mask != 0) && ((mask & (mask+1)) == 0),2,1,3
osi->pass == 0,3,0,3
"""`foo' 12345678"", ""%qs %x"", ""foo"", 0x12345678",2,1,3
cl,3,0,3
TREE_CODE (new_var) == MEM_REF,3,0,3
!decl->decl_with_vis.symtab_node || decl->decl_with_vis.symtab_node->decl == decl,2,1,3
GET_MODE_SIZE (mode) >= UNITS_PER_WORD,2,1,3
(align & 0x3) == 0,2,1,3
"c_parser_next_token_is_keyword (parser, RID_SWITCH)",2,1,3
ts1 && ts2,2,1,3
num_iregs <= 0 || iregs.I0 == I0,3,0,3
body != NULL_TREE,2,1,3
p->bk->fd == p,2,1,3
h1 (&a) == 0x04,2,1,3
!counter->histogram_p,2,1,3
TYPE_VECTOR_SUBPARTS (TREE_TYPE (arg0)) == nelts * 2,2,1,3
enctype != NULL,2,1,3
"! bitmap_bit_p (use_blocks, def_bb->index)",2,1,3
out[i] == hres,2,1,3
!gsi_end_p (si),2,1,3
"GET_CODE (XEXP (x, 1)) == CONST_INT",2,1,3
!reverse,2,1,3
"TREE_CODE (arg) != COMPONENT_REF || !DECL_C_BIT_FIELD (TREE_OPERAND (arg, 1))",2,1,3
desired_align >= 1 && align >= 1,2,1,3
TREE_CODE (nfunc) == ADDR_EXPR,2,1,3
deps_list_empty_p (l),2,1,3
outermode != VOIDmode,2,1,3
TREE_CODE (body) == STATEMENT_LIST,2,1,3
lc,2,1,3
!flag_wpa,3,0,3
sub_rtx != NULL,2,1,3
mode_multiple != 0,2,1,3
!gimple_call_ifn_va_arg_p (gsi_stmt (i)),2,1,3
"!__comp(*__r, *__pivot_pos)",2,1,3
!STMT_VINFO_VECTYPE (stmt_info),2,1,3
best_cost == iv_ca_cost (ivs),2,1,3
sel_bb_head_p (nop) && prev_bb == BLOCK_FOR_INSN (nop)->prev_bb,2,1,3
part >= 0,2,1,3
expr->id == get_or_alloc_expression_id (expr),2,1,3
parts.base == NULL_RTX || parts.index == NULL_RTX,2,1,3
!l->next,2,1,3
chrec_type (chrec) == chrec_type (new_evol),2,1,3
TYPE_VECTOR_SUBPARTS (TREE_TYPE (op)) == TYPE_VECTOR_SUBPARTS (idxtype),3,0,3
ref->type == REF_ARRAY && ref->u.ar.codimen > 0,2,1,3
bit_sz > 0 && bit_sz <= MAX_BASE_INT_BIT_SIZE,2,1,3
TREE_CODE (gnu_new) == TYPE_DECL,2,1,3
"""-27 12345678"", ""%ld %x"", (long)-27, 0x12345678",2,1,3
"strcmp (attribute_tables[i][j].name, attribute_tables[i][k].name)",2,1,3
orig_ops,3,0,3
"r == t || CONVERT_EXPR_P (t) || (TREE_CONSTANT (t) && !TREE_CONSTANT (r)) || !cp_tree_equal (r, t)",2,1,3
!c_parser_next_token_is_qualifier (parser),2,1,3
loc == UNKNOWN_LOCATION,2,1,3
"bb, live[rpo[i]]",2,1,3
recog_data.n_operands == 2,3,0,3
!unit,2,1,3
count == remaining,2,1,3
overall_size,2,1,3
coarray,2,1,3
!current_frame_info.r[reg_save_ar_unat],2,1,3
"!canon_value_cmp (node->loc, dv_as_value (var->dv))",2,1,3
"c_parser_next_token_is_keyword (parser, RID_SIZEOF)",2,1,3
!node->clone_of,2,1,3
"cpp_reader *pfile, struct answer **answerp, int type",2,1,3
type_with_linkage_p (t),2,1,3
!TREE_ASM_WRITTEN (scc->entries[i]),2,1,3
diff == regset_pool.diff,2,1,3
!BRACE_ENCLOSED_INITIALIZER_P (init),2,1,3
m_num_fixit_hints < MAX_FIXIT_HINTS,3,0,3
in != NULL,3,0,3
entry->dtemp,2,1,3
TREE_INT_CST_NUNITS (expr),2,1,3
"!dom_info_available_p (fn, CDI_DOMINATORS)",2,1,3
option->alias_arg != NULL,2,1,3
CONST_INT_P (count),2,1,3
is_gimple_reg_type (cfun_va_list) == va_list_simple_ptr,2,1,3
nb_parameters == region->params.length (),2,1,3
dest->m_type == hsa_get_segment_addr_type (BRIG_SEGMENT_FLAT),2,1,3
tkind <= tree_to_uhwi (TYPE_MAX_VALUE (tkind_type)),3,0,3
node->aux == NULL,2,1,3
ctxt,2,1,3
"TYPE_SIZE (type) && host_integerp (TYPE_SIZE (type), 1)",1,2,3
"insn_operand_matches (icode, 0, x)",3,0,3
switch_bindings->stmt_exprs >= 0,2,1,3
res <= MAX_DEP_WEAK,2,1,3
insn && !REG_NOTES (insn),2,1,3
number_of_phi_nodes (use_bb),2,1,3
se.ss != gfc_ss_terminator,2,1,3
!attribute_tables[i][j].function_type_required || attribute_tables[i][j].type_required,2,1,3
regs_available_for_popping == (1 << frame_pointer),2,1,3
e->dest == next_bb,2,1,3
assertion,3,0,3
node->dispatcher_function,2,1,3
r.a[7] == INT8x8_MAX,3,0,3
"tree_int_cst_equal (lhs, continue_value)",2,1,3
fin_dep != GFC_DEP_ERROR,2,1,3
gimple_call_lhs (stmt),2,1,3
i > vc,2,1,3
is_gimple_min_invariant (base),2,1,3
USE_AS_OFFSETABLE_LO10 && TARGET_ARCH64 && ! TARGET_CM_MEDMID,2,1,3
dest_regno == current_frame_info.r[reg_save_ar_unat],2,1,3
a && AT_class (a) == dw_val_class_loc,2,1,3
xregno < FIRST_PSEUDO_REGISTER,2,1,3
op == UNKNOWN,2,1,3
DF_REF_NEXT_REG (this_ref) == NULL && DF_REF_PREV_REG (this_ref) == NULL,2,1,3
num == 0,2,1,3
"""-27 12345678"", ""%lld %x"", (long long)-27, 0x12345678",2,1,3
depth >0,2,1,3
noutputs == 0,2,1,3
attribute_tables[i][j].max_length == -1 || (attribute_tables[i][j].max_length >= attribute_tables[i][j].min_length),2,1,3
r.a[1] == 3,3,0,3
! TREE_SIDE_EFFECTS (op0) && ! TREE_SIDE_EFFECTS (op1),2,1,3
ar->start[n],2,1,3
"TREE_TYPE (TREE_OPERAND (gnu_ref, 0)) == gnu_type",2,1,3
 this == m_initialThis || this == *(&m_initialThis + 1) ,2,1,3
shape_ss != gfc_ss_terminator,2,1,3
REG_P (*id->operand_loc[nop]),2,1,3
is_empty_class (TREE_TYPE (TREE_TYPE (member))),2,1,3
broken_loop || BRANCH_EDGE (entry_bb)->dest == FALLTHRU_EDGE (cont_bb)->dest,3,0,3
scope_die->die_child->die_tag == DW_TAG_imported_module,2,1,3
"!linemap_location_from_macro_expansion_p (set, loc)",2,1,3
GET_CODE (dest) == REG,2,1,3
ti->value,2,1,3
CONSTANT_P (value),2,1,3
__index <= (long)_M_vbp.size() - 1,2,1,3
GET_CODE (value) == CONST_DOUBLE,2,1,3
pops_needed == 1,2,1,3
GFC_ARRAY_TYPE_P (TREE_TYPE (caf_decl)) && GFC_TYPE_ARRAY_CAF_TOKEN (TREE_TYPE (caf_decl)) != NULL_TREE,2,1,3
TREE_CODE (type) == INTEGER_TYPE,2,1,3
!src_plats->aggs || !jfunc->agg.items,2,1,3
!DECL_P (member) || TREE_USED (member),2,1,3
!params_finished,3,0,3
index < asm_stmt->no,2,1,3
arg->size == 0,2,1,3
r->object == obj,2,1,3
!new_bbs[i]->aux,2,1,3
QUEUE_NOWHERE <= delay && delay <= max_insn_queue_index && delay != 0,2,1,3
"op0, e, bsi, rhs_code, op0, op1, invert",2,1,3
! (do_peeling || do_versioning),2,1,3
info.stack_words == 0,2,1,3
".114df - 1.6dd, _Decimal64",2,1,3
"cpp_reader *, struct answer **, int",2,1,3
ALLOCNO_CLASS (a) == aclass,2,1,3
new_var != NULL_TREE && new_var != error_mark_node,2,1,3
operation_type == left_base_type,2,1,3
reg_size % vector_size == 0,2,1,3
iv_loop == (gimple_bb (iv_phi))->loop_father,2,1,3
DECL_TINFO_P (decl),2,1,3
f != asm_out_file,2,1,3
"pfile, str, T_UNASSERT",2,1,3
align == 1 || align == 2,2,1,3
update_flags == TODO_update_ssa_full_phi,2,1,3
!current_function_decl || LAMBDA_FUNCTION_P (decl),2,1,3
"""17 12345678"", ""%wo %x"", (HOST_WIDE_INT)15, 0x12345678",2,1,3
"dominated_by_p (CDI_DOMINATORS, bb2, bb1)",2,1,3
array_type,2,1,3
vars->refcount > 0,2,1,3
wi,2,1,3
TREE_CODE (constructor_type) == ARRAY_TYPE,2,1,3
EDGE_COUNT (unswitch_on->succs) == 2,2,1,3
bb == last_bb,3,0,3
pcst.elt (l - 2) < 0,2,1,3
is_break,2,1,3
GET_MODE (op0) == GET_MODE (op1),3,0,3
flag_split_stack && reload_completed,3,0,3
"useless_type_conversion_p (vectype, TREE_TYPE (vec_oprnd))",2,1,3
DECL_P (obj),1,2,3
"op, e, bsi, LE_EXPR, op, fold_convert (TREE_TYPE (op), max)",2,1,3
remainder_size == request2size(sizes[i]),2,1,3
"c_parser_next_token_is_keyword (parser, RID_AT_PROTOCOL)",2,1,3
TREE_CODE (uid) == SSA_NAME,2,1,3
r != NULL_TREE,2,1,3
vec_def_stmt,2,1,3
ss == gfc_ss_terminator,2,1,3
to != from && find (to) == to,2,1,3
"VOID_TYPE_P (TREE_TYPE (value)) || TREE_TYPE (decl) == TREE_TYPE (value) || (TYPE_PTR_P (TREE_TYPE (value)) && TREE_CODE (value) == CALL_EXPR) || useless_type_conversion_p (TREE_TYPE (decl), TREE_TYPE (value))",2,1,3
TREE_CODE (type1) == code1,2,1,3
TREE_CODE (element) == POINTER_TYPE,2,1,3
!TREE_PURPOSE (dims),2,1,3
e->dest == succ,2,1,3
this->classification_ == TOKEN_KEYWORD,2,1,3
REG_P (operands[0]),3,0,3
r.a[5] == 0xff,3,0,3
!(cfun->machine->frame_info.gmask & (FRAME_POINTER_MASK | RETURN_ADDR_MASK)),2,1,3
TYPE_P (type1) && TYPE_P (type2),2,1,3
"bitmap_bit_p (df_live->out_of_date_transfer_functions, bb->index)",2,1,3
has_zero_uses (name),2,1,3
"TREE_CODE (v2) == POINTER_PLUS_EXPR && operand_equal_p (TREE_OPERAND (v1, 1), TREE_OPERAND (v2, 1), 0)",2,1,3
ctxt_progname,2,1,3
pp_format_decoder (pp),2,1,3
scop,2,1,3
"GET_CODE (XEXP (addr, 1)) == CONST_INT",2,1,3
count_reg,2,1,3
TREE_CODE (gnu_old) == TYPE_DECL && TYPE_IS_DUMMY_P (TREE_TYPE (gnu_old)),2,1,3
"(int)0.0, L""assert5""",2,1,3
REG_P (old),2,1,3
!prototype_p (*node) || stdarg_p (*node),3,0,3
i != -1,2,1,3
__first == __last || !(*__first < *__first),2,1,3
"(int)1.0, L""""",2,1,3
REGNO (SET_DEST (x)) < FIRST_PSEUDO_REGISTER,2,1,3
this->tag_ != NULL,2,1,3
summary->m_ggc,3,0,3
ALLOCNO_CLASS (a) == ALLOCNO_CLASS (parent_a),2,1,3
IS_EXPR_CODE_CLASS (kind) && TREE_CODE_LENGTH (code) == 2 && op0 != NULL_TREE && op1 != NULL_TREE,2,1,3
1 == EDGE_COUNT (old_bb->preds),2,1,3
!bb_contains_loop_close_phi_nodes (bb),2,1,3
orig_cond,2,1,3
ret == Z_STREAM_END,3,0,3
"""17 12345678"", ""%llo %x"", (long long)15, 0x12345678",2,1,3
!AGGREGATE_TYPE_P (inner_type) && !VECTOR_TYPE_P (inner_type),2,1,3
!update_p || !full_p,2,1,3
MEM_P (op[argc]),2,1,3
b->decl == label,2,1,3
!TYPE_ACTUAL_BOUNDS (gnu_inner),2,1,3
__seqs_end - __seqs_begin > 1,2,1,3
!LOG_LINKS (insn),2,1,3
a,3,0,3
dir != DF_NONE,3,0,3
dwarf_reg_size_table[index] == sizeof (_Unwind_Context_Reg_Val),2,1,3
linemap_macro_expansion_map_p (map) && location >= MAP_START_LOCATION (map),3,0,3
objc_building_struct,2,1,3
" ""machine=v850"" ",2,1,3
e->expr_type == EXPR_COMPCALL,3,0,3
cif->abi != FFI_DARWIN,2,1,3
expr1->expr_type == EXPR_VARIABLE,2,1,3
__n >= 0,2,1,3
after != to,2,1,3
dispatcher_node != NULL,2,1,3
(NOTE_P (last_scheduled_insn) || DEBUG_INSN_P (last_scheduled_insn)) && BLOCK_FOR_INSN (last_scheduled_insn) == *target_bb,2,1,3
obj,2,1,3
equiv == NULL || bitmap_empty_p (equiv),2,1,3
is_taskreg_ctx (ctx),3,0,3
fclass == BUILT_IN_NORMAL || fclass == BUILT_IN_MD,2,1,3
"res != ip.end () && ""Could not map isl_id to tree expression""",2,1,3
"dominated_by_p (CDI_DOMINATORS, exit_bb, entry_bb)",2,1,3
update_flags == TODO_update_ssa || update_flags == TODO_update_ssa_no_phi || update_flags == TODO_update_ssa_full_phi || update_flags == TODO_update_ssa_only_virtuals,2,1,3
DECL_NAME (remapped) == DECL_NAME (oparm),2,1,3
partial % UNITS_PER_WORD == 0,3,0,3
flags & FLAG_4_GPR_ARGUMENTS || (next_arg.ul >= gpr_base.ul && next_arg.ul <= gpr_base.ul + 4),2,1,3
!TYPE_SIZE (constructor_type),2,1,3
ira_reg_classes_intersect_p [aclass][conflict_aclass],2,1,3
MEM_P (DECL_RTL (decl)),2,1,3
DECL_LANG_SPECIFIC (r) == NULL,2,1,3
set && location >= RESERVED_LOCATION_COUNT,3,0,3
ein_path->last ()->e == elast,2,1,3
ret_val,2,1,3
!TYPE_STRUCTURAL_EQUALITY_P (t),2,1,3
"value_range *vr_p, tree expr",2,1,3
"REG_P (XEXP (e, 0)) && REGNO (XEXP (e, 0)) == SP_REGNUM && CONST_INT_P (XEXP (e, 1)) && offset == INTVAL (XEXP (e, 1))",2,1,3
odr_or_derived_type_p (type1) && odr_or_derived_type_p (type2),2,1,3
ptx_dev,2,1,3
!first_clone->prev_sibling_clone,2,1,3
TREE_CODE (v1) == POINTER_PLUS_EXPR && TREE_CODE (v2) == POINTER_PLUS_EXPR,2,1,3
r.a[4] == 0x00,3,0,3
TREE_CODE (init) == CONSTRUCTOR,2,1,3
uncolorable_allocnos_num >= 0,2,1,3
__first >= _M_ibegin() && __first <= __last && __last <= _M_iend(),2,1,3
TYPE_ARG_TYPES (TREE_TYPE (node->decl)),2,1,3
int_traits <T1>::precision == int_traits <T2>::precision,2,1,3
"mpz_scan1 (x, bitsize) == ULONG_MAX",2,1,3
processing_template_decl,3,0,3
!current_frame_info.r[reg_save_ar_pfs],2,1,3
"minv.cmp (maxv, TYPE_UNSIGNED (type)) <= 0",2,1,3
h,2,1,3
"1.3df + 2, _Decimal32",2,1,3
TREE_CODE (gnu_field_type) != RECORD_TYPE || !TYPE_CONTAINS_TEMPLATE_P (gnu_field_type),2,1,3
bb->loop_father == NULL,2,1,3
lp != NULL && lp->value <= MAX_LABEL_VALUE,2,1,3
"""machine=h8300s""",2,1,3
"(*env)->GetJavaVM(env, &java_vm) == 0",2,1,3
_M_stddev > _RealType(0),2,1,3
"""-5 12345678"", ""%li %x"", (long)-5, 0x12345678",2,1,3
CONSTANT_POOL_ADDRESS_P (RTX),2,1,3
remember->in_use,2,1,3
i != old_regno,2,1,3
w->l->frame_ff == ff,3,0,3
TYPE_MAIN_VARIANT (fileptr_type_node) == ptr_type_node,2,1,3
BARRIER_P (x),2,1,3
! data->colorable_p,2,1,3
saved_regs_mask & (1 << IP_REGNUM),2,1,3
!INSN_P (insn),3,0,3
is_default ? channel == NULL : channel != NULL,2,1,3
"__INT_MAX__ * 2, ""overflow""",2,1,3
!STMT_VINFO_IN_PATTERN_P (stmt_info),2,1,3
ss->dimen == loop->dimen,2,1,3
"s, sizeof (0, (foo ()).c) == 17",2,1,3
!(cfun->curr_properties & PROP_loops),2,1,3
!CONSTANT_P (x) || CONSTANT_P (y),2,1,3
index < this->closure_fields_.size(),2,1,3
name && TREE_CODE (name) == IDENTIFIER_NODE,1,1,2
!decoded.errors,1,1,2
!dest->analyzed || dest->symbol.address_taken || !id->src_node->analyzed || !id->dst_node->analyzed,1,1,2
get_varinfo (n)->node == n,1,1,2
max_bitnum <= ((max_allocno * (max_allocno - 1)) / 2),1,1,2
f != NULL_TREE,1,1,2
index != -1,2,0,2
TREE_CODE (ptr1) == SSA_NAME && TREE_CODE (ptr2) == SSA_NAME,1,1,2
!df_regs_ever_live_p (REGNO (save_config)),1,1,2
TYPE_CANONICAL (t) == t && !TYPE_STRUCTURAL_EQUALITY_P (t),1,1,2
large_page->common.zone->large_pages == large_page,1,1,2
"!REAL_VALUES_EQUAL (bcv, dconst1)",1,1,2
*(reinterpret_cast<unsigned int*>(__bp.first) - (__diff + 1)) <= __gnu_cxx::__aux_balloc::__balloc_num_blocks (__bp),1,1,2
"gimple_op (stmt, i)",1,1,2
!dump_file_name,1,1,2
!var->var_part[0].offset,1,1,2
TREE_CODE (t) == VAR_DECL || TREE_CODE (t) == PARM_DECL,1,1,2
"control_flow_insn_p (head) || has_edge_p (bb->succs, EDGE_COMPLEX)",1,1,2
"r2, sizeof ((a = b).c) == 17",2,0,2
"param, ""message""",2,0,2
words < (HOST_WIDE_INT) interleave_factor,1,1,2
!stmt || symtab_function_p (referring_node),1,1,2
DECL_INITIAL (decl) && TREE_CODE (DECL_INITIAL (decl)) == NAMESPACE_DECL,1,1,2
"score3_classify_address (&ai, SImode, XEXP (ops[iaddr], 0), true)",1,1,2
group->is_group,1,1,2
val && SCALAR_FLOAT_TYPE_P (TREE_TYPE (val)),1,1,2
(newp->prev_size == offset),1,1,2
"TREE_CODE (decl) == VAR_DECL || TREE_CODE (decl) == FUNCTION_DECL, 20040726",1,1,2
malloc_reserve_ != NULL,1,1,2
!current_frame_info.reg_save_pr,1,1,2
GET_MODE (insn) != TImode,2,0,2
unused_listp != &unused_insn_list || GET_CODE (prev_link) == INSN_LIST,2,0,2
state->bytecode.ptr <= state->bytecode.limit,1,1,2
(rval.lattice_val == CONSTANT && TREE_CODE (rval.value) == INTEGER_CST) || rval.mask == -1,1,1,2
found || removed_some,1,1,2
node->decl->decl_with_vis.symtab_node || in_lto_p,1,1,2
"""unformatted"", ""unformatted""",1,1,2
ret == 1 && signal_count == 2,1,1,2
!tls[i]->leftover_parts.pop_back(dummy),1,1,2
"stmt == vect_is_simple_reduction (loop, def_stmt1)",1,1,2
mp_p->num_indirect_reads > 0 || mp_p->num_indirect_writes > 0,1,1,2
!is_reference (var),1,1,2
pbb && EDGE_COUNT (pbb->succs) == 1,1,1,2
"char, __const, int, char",1,1,2
s >= -SREAL_BITS,1,1,2
queue != NULL,1,1,2
!is_variable_sized (decl),1,1,2
profile_status_for_fn (cfun) != PROFILE_GUESSED,1,1,2
ready->n_ready && index < ready->n_ready,2,0,2
VLA_HWINT_LENGTH (tab->comb_vect) == VLA_HWINT_LENGTH (tab->check_vect),1,1,2
align >= BITS_PER_UNIT,2,0,2
!current_function_calls_alloca || really_return,1,1,2
GET_MODE (mem) != BLKmode,1,1,2
vec_cmp_insn != INSN_NOT_AVAILABLE,1,1,2
"TREE_CODE (extra_args) == TREE_VEC, 0",1,1,2
"!refers_to_regno_p (R0_REG, mem_rtx)",1,1,2
cfa.reg != dw_frame_pointer_regnum,1,1,2
integer_zerop (expr),1,1,2
init != NULL && init != chrec_dont_know,1,1,2
(ffelex_token_type (t) == FFELEX_typeEOS) || (ffelex_token_type (t) == FFELEX_typeSEMICOLON),1,1,2
temp == r,2,0,2
"local, ""message""",2,0,2
!relevant_p && live_p,1,1,2
lra_insn_recog_data[INSN_UID (insn)] ->insn_static_data->n_operands == 0,1,1,2
target_stack->top == -1,2,0,2
"!chrec_contains_symbols_defined_in_loop (op0, CHREC_VARIABLE (op0))",2,0,2
DECL_P (base1) && DECL_P (base2),2,0,2
ss->info->expr == expr,1,1,2
"CLASS_TYPE_P (type), 20020406",1,1,2
header->succ,1,1,2
TREE_CODE (use->stmt) == GIMPLE_MODIFY_STMT,1,1,2
flag_strict_aliasing != 0,1,1,2
"pfile, name, sym_length, hashcode",1,1,2
"op, e, last_si",1,1,2
"""Unexpected kind of format item in R911 PRINT"" == NULL",1,1,2
!STMT_VINFO_VEC_STMT (stmt_info),1,1,2
TREE_CODE (prevailing->decl) == FUNCTION_DECL,1,1,2
index <= gs->gimple_asm.nc && TREE_CODE (clobber_op) == TREE_LIST,1,1,2
"(mask & 2) == 0 || !ctx->sfield_map || !splay_tree_lookup (ctx->sfield_map, (splay_tree_key) var)",1,1,2
ffe_program_unit_pool_ == NULL,1,1,2
!BB_LV_SET_VALID_P (bb),2,0,2
index <= gs->gimple_asm.nl && TREE_CODE (label_op) == TREE_LIST,1,1,2
!CASE_HIGH (elt),1,1,2
TREE_CODE (ref) == ARRAY_REF || TREE_CODE (ref) == INDIRECT_REF,1,1,2
doing_eh (0),1,1,2
"!strcmp (oldh->first->position, addh->first->position)",1,1,2
!is_simd,1,1,2
"!current_function || doing_semantic_analysis_p (), 19990913",1,1,2
dv_is_value_p (att->dv),1,1,2
"buf + 10 == __bnd_copy_ptr_bounds (buf + 10, buf)",2,0,2
TREE_CODE (stmt) == COND_EXPR,1,1,2
p == TYPE_MAIN_VARIANT (p),2,0,2
"!BINFO_INHERITANCE_CHAIN (basetype_path), 980827",1,1,2
t->text[start] == '_',1,1,2
!*slot || crtl->eh.built_landing_pads,1,1,2
"!emit_b || !modified_in_p (orig_a, emit_b)",1,1,2
TYPE_MAIN_VARIANT (ref) == ref,2,0,2
"TREE_CODE (name) == IDENTIFIER_NODE, 20000619",1,1,2
function_depth == 0,1,1,2
link->ref == ref,1,1,2
"root_var_find (rv, x) == root_var_find (rv, y)",1,1,2
"7, v[2]",2,0,2
parallel_nesting_level == 0,1,1,2
"orig_stmt == vect_is_simple_reduction (loop, def_stmt)",1,1,2
def_map,1,1,2
new_resolution != LDPR_UNKNOWN && new_resolution != LDPR_UNDEF && old_resolution != LDPR_UNKNOWN && old_resolution != LDPR_UNDEF,1,1,2
"TREE_CODE (field) == TREE_LIST, 0",1,1,2
UNDEFINED_LONGEST_PATH_LENGTH != ON_THE_PATH && ON_THE_PATH < 0,1,1,2
"!integer_zerop (expr), 191",1,1,2
i_bound == bound,1,1,2
(!isvariadic) || (nfixedargs >= 1),2,0,2
width <= 2 * HOST_BITS_PER_WIDE_INT,1,1,2
ucount == (unsigned int) count && count >= a.__count,1,1,2
di->dfs_order[b->index],1,1,2
!reg_deaths,1,1,2
TREE_CONSTANT (TYPE_SIZE (type)),2,0,2
single_pred_p (bb_for_stmt (stmt)),1,1,2
"VEC_length (tree, current_file_list) == 1",1,1,2
stride_base && stride_step,1,1,2
TREE_CODE (se.expr) == CONSTRUCTOR,2,0,2
((struct expr_hash_elt *)p1)->hash == ((struct expr_hash_elt *)p2)->hash,1,1,2
libcall_sp == &libcall_stack[MAX_NESTED_LIBCALLS],1,1,2
!CALL_STMT_CANNOT_INLINE_P (edge->call_stmt),1,1,2
xi.ulow () == yi.ulow (),1,1,2
!ff->rightmost_child,2,0,2
t == temp_obj_dir_name,1,1,2
TREE_CODE (t) != MEM_REF,2,0,2
!node || node->type == SYMTAB_VARIABLE,1,1,2
RGN_HAS_REAL_EBB (rgn) == 0 && ebb_head[bbi] == pos,2,0,2
"flag_handle_exceptions, 165",1,1,2
src_mode == TImode || src_mode == TFmode,1,1,2
p->same_p[GTC_DIAG] == -2,1,1,2
state->ngrn < N_X_ARG_REG,1,1,2
CONST_INT_P (src_val),2,0,2
debug_info_level <= DINFO_LEVEL_TERSE || TREE_ASM_WRITTEN (containing_scope),1,1,2
regno >= FIRST_SHADOW_REGISTER && regno <= LAST_SHADOW_REGISTER,1,1,2
"__c <= __detail::_ShiftMin1<_UIntType, __w>::__value, ""mersenne_twister_engine template arguments out of bounds""",1,1,2
ffebld_head (argh) != NULL,1,1,2
this->dfn_ == NULL,1,1,2
"TEST_HARD_REG_BIT (reg_reloaded_valid, in_hard_regno)",1,1,2
"x == VEC_length (tree, build_v_must_defs)",1,1,2
!DECL_ASSEMBLER_NAME_SET_P (decl) || (node->thunk.thunk_p || node->same_body_alias) || !TREE_SYMBOL_REFERENCED (DECL_ASSEMBLER_NAME (decl)),1,1,2
ptr->fpmath == ix86_fpmath,1,1,2
status >= 0,1,1,2
TREE_CODE (poly1) == POLYNOMIAL_CHREC,2,0,2
"n > 0, 20000224",1,1,2
resolution != LDPR_UNKNOWN && resolution != LDPR_UNDEF && old_resolution != LDPR_UNKNOWN && old_resolution != LDPR_UNDEF,1,1,2
"lookup_attribute (""weakref"", DECL_ATTRIBUTES (decl))",1,1,2
warning_as_error_callback == NULL || callback == NULL,1,1,2
parm_pack && lang_hooks.function_parameter_pack_p (parm_pack) && DECL_NAME (parm_pack) && subr_die,1,1,2
sizeof (arg_regs) / sizeof (arg_regs[0]) == 6,1,1,2
ref_id >= last_use_id || !web->old_web || compare == subweb,1,1,2
symtab->global_info_ready,2,0,2
TREE_CODE (t2) == IDENTIFIER_NODE,1,1,2
(GET_MODE_SIZE (ymode) % nregs_ymode) == 0,1,1,2
"(VEC_index (varpool_node_ptr, set->nodes, index) == node)",1,1,2
TREE_CODE (USE_STMT (use_p)) == PHI_NODE,1,1,2
"processing_explicit_instantiation > 0, 0",1,1,2
"model_num_insns == (int) VEC_length (rtx, model_schedule)",1,1,2
VARRAY_ACTIVE_SIZE (build_v_must_defs) == 0,1,1,2
GC_is_marked((ptr_t)curr_fo),1,1,2
"VEC_index (int, postorder, g->n_vertices - 1) == entry",1,1,2
!vnode->symbol.alias || vnode->alias_of,1,1,2
"VEC_length (tree, build_v_may_defs) == 0",1,1,2
"REG_P (XEXP (src, 0)) && (unsigned) REGNO (XEXP (src, 0)) == cfa.reg && GET_CODE (XEXP (src, 1)) == CONST_INT",1,1,2
badness <= 0 && badness >= INT_MIN / 2,1,1,2
reduce_alignment_ok || size == 0 || (crtl->stack_alignment_estimated >= GET_MODE_ALIGNMENT (mode)),1,1,2
JUMP_LABEL (BB_END (bb)) == BB_HEAD (bb_true),1,1,2
"TREE_CODE (type) == REFERENCE_TYPE, 200302",1,1,2
idx < m_num_ranges,2,0,2
__p == 0 || __p != get(),2,0,2
"__builtin_memcmp (&a7, &n7, sizeof (a7)) == 0",2,0,2
LABEL_P (head) && !inside_basic_block_p (head),1,1,2
!e->call_stmt || (gimple_call_cannot_inline_p (e->call_stmt) == e->call_stmt_cannot_inline_p) || (in_lto_p && !gimple_call_cannot_inline_p (e->call_stmt)),1,1,2
GET_CODE (rhs) == SIGN_EXTEND || GET_CODE (rhs) == ZERO_EXTEND,1,1,2
"size >= 0 && VEC_length (T, *vec) <= (unsigned)size, ""grow"", T, A",1,1,2
isym->formal->next->next->next == NULL,1,1,2
"__m == 0 || (__a < __m && __c < __m), ""template arguments out of bounds"" "" in linear_congruential_engine""",1,1,2
"pfile, pfile->token_buffer + name_start, name_length, 0, NULL_PTR",1,1,2
fndecl,1,1,2
"!(TREE_CODE (target_type) == POINTER_TYPE && (TREE_CODE (TREE_TYPE (target_type)) == METHOD_TYPE)), 0",1,1,2
mov_insn,2,0,2
*this >= other,1,1,2
PHI_RESULT (phi) == PHI_RESULT (phi_copy),1,1,2
"__w >= __t, ""mersenne_twister_engine template arguments out of bounds""",1,1,2
!cris_pic_sympart_only,1,1,2
"obstack == &permanent_obstack, 237",1,1,2
ncopies >= 3,1,1,2
"CLASS_TYPE_P (type), 20010712",1,1,2
node->symbol.definition || !node->symbol.analyzed,1,1,2
!SSA_VAR_P (ref),1,1,2
current_loops->state & LOOPS_HAVE_SIMPLE_LATCHES,1,1,2
"!cfun || doing_semantic_analysis_p (), 19990913",1,1,2
*decimal != '\0' && decimalwc != L'\0',1,1,2
"var_union (map, var, tmp) != NO_PARTITION",1,1,2
"host_integerp (delta, 0)",1,1,2
"TREE_CODE (TREE_OPERAND (decl, 0)) == ADDR_EXPR, 2000403",1,1,2
old->lattice_val != CONSTANT,1,1,2
!loop->header->pred->pred_next->pred_next,1,1,2
REGNO (SUBREG_REG (op)) < FIRST_PSEUDO_REGISTER,1,1,2
!BINFO_DEPENDENT_BASE_P (base_binfo),1,1,2
"TREE_CODE (vtbl) == TREE_LIST && TREE_PURPOSE (vtbl) == rtti_binfo, 20010126",1,1,2
"(a != NULL_TREE) == (t != NULL_TREE), 0",1,1,2
(REGNO (value) & 1) == 0 || TARGET_THUMB2,1,1,2
! locked,2,0,2
TREE_CODE (t) == CALL_EXPR || TREE_CODE (t) == TEMPLATE_ID_EXPR || VAR_P (t),1,1,2
"stmt == vect_is_simple_reduction (loop_vinfo, reduc_def_stmt, !nested_cycle)",1,1,2
ar->end[i] == NULL,2,0,2
TREE_CODE (region->entry) == OMP_PARALLEL,1,1,2
ss->type == GFC_SS_INTRINSIC,1,1,2
TREE_CODE (value) == ADDR_EXPR,1,1,2
use_p != NULL_USE_OPERAND_P,1,1,2
"TREE_CODE (fns) == IDENTIFIER_NODE || TREE_CODE (fns) == LOOKUP_EXPR || TREE_CODE (fns) == OVERLOAD, 20001120",1,1,2
call_used_regs [REGNO (dest)] && !fixed_regs [REGNO (dest)],1,1,2
new_right -> refcount == 2,1,1,2
dv_is_value_p (pvar->dv),1,1,2
iter != NULL,1,1,2
TREE_CODE (fnarg) == ADDR_EXPR,2,0,2
PHI_NUM_ARGS (*phi) < PHI_ARG_CAPACITY (*phi),1,1,2
STMT_VINFO_RELATED_STMT (stmt_vinfo) == orig_scalar_stmt,1,1,2
out != NULL,2,0,2
last_start == -1.0,1,1,2
live->livein[p1],1,1,2
stree->n.tb,1,1,2
ctxp && !ctxp->current_bc_label,1,1,2
GET_MODE (temp) != VOIDmode,1,1,2
"pfile, pfile->token_buffer + name_start, name_length, 1, token_ptrs",1,1,2
"TREE_CODE (TREE_VALUE (rhs)) == FUNCTION_DECL, 182",1,1,2
"! ira_pseudo_live_ranges_intersect_p (regno, i)",1,1,2
SPARC_SYMBOL_REF_TLS_P (sym),1,1,2
e->sort == setst_sort,1,1,2
!flag_sched_stalled_insns && (f & DETACH_LIFE_INFO) && spec_info && spec_info->mask,1,1,2
"convert_optab_handler (sext_optab, full_mode, from_mode)->insn_code != CODE_FOR_nothing",1,1,2
REG_P (addis_reg) && REG_P (target),1,1,2
len >= slen,1,1,2
!AGGREGATE_TYPE_P (TREE_TYPE (gimple_phi_result (t))),1,1,2
"blk->base, r",1,1,2
first <= 32768,2,0,2
save_mode[regno] != VOIDmode,1,1,2
"DECL_INITIAL (exp) == NULL_TREE || DECL_INITIAL (exp) == error_mark_node, 212",1,1,2
code == GIMPLE_COND || code == GIMPLE_SWITCH || code == GIMPLE_GOTO,1,1,2
"""system=pro""",1,1,2
loop_tree_node->bb == NULL,2,0,2
TREE_CODE (arg) == OVERLOAD || TREE_CODE (arg) == FUNCTION_DECL,1,1,2
"obstack == &permanent_obstack, 235",1,1,2
cfun->is_thunk,1,1,2
index < gs->gimple_asm.nl && TREE_CODE (label_op) == TREE_LIST,1,1,2
"XEXP (addr, 0) == hard_frame_pointer_rtx || XEXP (addr, 0) == stack_pointer_rtx",1,1,2
!DECL_NO_STATIC_CHAIN (root->context),1,1,2
"DECL_LANG_SPECIFIC (x) == 0 || DECL_IN_AGGR_P (x) == 0 || TREE_STATIC (x) || DECL_EXTERNAL (x), 314",1,1,2
! ffeste_top_block_,1,1,2
regnum >= 0,2,0,2
"LANG_DECL_PERMANENT (ld) == TREE_PERMANENT (t), 234",1,1,2
n == ALLOCNO_NUM_OBJECTS (to),2,0,2
(int) 0,2,0,2
TREE_CODE (t) == PRED_CONSTR,1,1,2
!fieldsize || !DECL_CHAIN (local->field),1,1,2
!TYPE_BEING_DEFINED (t) || errorcount,1,1,2
!deps->readonly,2,0,2
TREE_CODE (TREE_TYPE (addr)) == POINTER_TYPE,1,1,2
"same_type_ignoring_top_level_qualifiers_p (TREE_TYPE (probe_type), TREE_TYPE (TREE_TYPE (addr)))",1,1,2
"TREE_CODE (otype) == ARRAY_TYPE && POINTER_TYPE_P (ptype) && cpt_same_type (TREE_TYPE (otype), dtype)",1,1,2
!edge->indirect_unknown_callee,2,0,2
gimple_omp_for_kind (for_stmt) == GF_OMP_FOR_KIND_CILKSIMD || (gimple_omp_for_kind (for_stmt) == GF_OMP_FOR_KIND_CILKFOR),1,1,2
is_gimple_assign (stmt) && gimple_assign_rhs_code (stmt) == TRUNC_MOD_EXPR,2,0,2
!PREV_INSN (insn),1,1,2
current_new_name,1,1,2
EDGE_COUNT (bb->succs) > 1 && !BARRIER_P (NEXT_INSN (head)),1,1,2
cst_fits_uhwi_p (length),1,1,2
no_fixup_p (DECL_SECTION_NAME (t)),1,1,2
TREE_CODE (ptr) == SSA_NAME && (TREE_CODE (decl) == VAR_DECL || TREE_CODE (decl) == PARM_DECL || TREE_CODE (decl) == RESULT_DECL),1,1,2
be != NULL,2,0,2
"opbuild_num_elems (&build_vuses) == VEC_length (tree, ro_call_vuses)",1,1,2
symtab->state == IPA_SSA,2,0,2
!node->local.finalized || DECL_SAVED_TREE (decl),1,1,2
whole_program || !TREE_PUBLIC (vnode->decl),1,1,2
!depth == !result,1,1,2
n->get_key () == badness,1,1,2
"REG_P (XEXP (src, 0)) && dwf_regno (XEXP (src, 0)) == cfa_temp.reg && CONST_INT_P (XEXP (src, 1))",1,1,2
max_count >= edge->count,1,1,2
!targetm.have_ctors_dtors || in_lto_p,2,0,2
"TREE_CODE (TREE_OPERAND (ex_object, 0)) == VAR_DECL, 204",1,1,2
final_stmt,1,1,2
r->type == ERT_TRY,1,1,2
saving_GPRs_inline && saving_FPRs_inline,1,1,2
!mutate_p && !ia64_needs_block_p (insn),1,1,2
gimple_code (stmt) == GIMPLE_PHI,1,1,2
pp,2,0,2
use_i == web->num_uses,1,1,2
fn_contains_cilk_spawn_p (cfun) && lang_hooks.cilkplus.cilk_detect_spawn_and_unwrap (expr_p),1,1,2
tv->standalone,2,0,2
d->op0 == d->op1,1,1,2
NEXT_INSN (PREV_INSN (head)) == head,1,1,2
GET_MODE_SIZE (mode) <= 8,1,1,2
"!dependent_type_p (scope), 20030729",1,1,2
main_odr_variant (t1) == t1,2,0,2
"same_type_p (TYPE_MAIN_VARIANT (TREE_TYPE (type)), TYPE_MAIN_VARIANT (TREE_TYPE (next1))), 981123",1,1,2
__mf_get_state () == reentrant,1,1,2
"iv_ca_cand_for_use (ivs, act->use) == from",1,1,2
sizeof (u_int) == sizeof (aKey),1,1,2
"__if_hash_not_cached< is_default_constructible< __detail::_Hashtable_ebo_helper<0, __hash_code_base, true>>>::value, ""Cache the hash code or make functors involved in hash code"" "" and bucket index computation default constructible""",1,1,2
advance_cycle_ainsn,1,1,2
DECL_P (object),1,1,2
binbit,1,1,2
VARRAY_ACTIVE_SIZE (decl_scope_table) > 0,1,1,2
!dump_file && !dump_file_name,1,1,2
n > 0 && lexer->next_token != &eof_token,1,1,2
ref->refering_type == IPA_REF_VARPOOL,1,1,2
a->size == os,1,1,2
base_dev,1,1,2
PREV_INSN (NEXT_INSN (head)) == head,1,1,2
!type_build_ctor_call (type),1,1,2
(unsigned long)&ls.l1 == rsp+8,2,0,2
REWRITE_THIS_STMT (phi),1,1,2
def_se && INSN_P (def_se) && curr_ref_s && ref && INSN_P (ref),1,1,2
!want_value,1,1,2
ctr->expr && cmp,1,1,2
encoder->nodes[index].node == node,2,0,2
TREE_CODE (new_init) != POLYNOMIAL_CHREC,1,1,2
GET_CODE (x) != CONST_INT && (mode != VOIDmode || GET_CODE (x) != CONST_DOUBLE),1,1,2
"!outside_finally_tree (lab, tf->try_finally_expr)",1,1,2
DECL_HAS_VALUE_EXPR_P (var),2,0,2
(c1 == INTEGER_TYPE || c1 == REAL_TYPE) && (c2 == INTEGER_TYPE || c2 == REAL_TYPE),1,1,2
TARGET_BACKCHAIN || TARGET_KERNEL_BACKCHAIN,1,1,2
"TREE_CODE_CLASS (TREE_CODE (field)) == 'd', 0",1,1,2
!ein->count,1,1,2
ptr->iter_type == ssa_op_iter_vdef,1,1,2
gimple_code (gsi_stmt (gsi)) == GIMPLE_OMP_ATOMIC_STORE,2,0,2
"_Base > 8, ""invalid digit""",1,1,2
n < EXP_BITS,2,0,2
loops->num,1,1,2
"in_std>0, 980421",1,1,2
"(TREE_CODE (BASELINK_FUNCTIONS (name)) == TEMPLATE_ID_EXPR), 20020805",1,1,2
length > 0,1,1,2
"TREE_TYPE (tinfo_decl) == tinfo_decl_type, 20000121",1,1,2
"possible_polymorphic_call_target_p (otr, cgraph_node::get (fndecl))",1,1,2
ssa_name (SSA_NAME_VERSION (t)) == NULL,1,1,2
REGNO_QTY_VALID_P (old),1,1,2
index < uses->num_uses,1,1,2
"TREE_CODE (expr) == TARGET_EXPR, 20030729",1,1,2
"insn_data[icode].operand[3].predicate (targ1, mode)",1,1,2
fde && fde->drap_reg != INVALID_REGNUM && fde->vdrap_reg == INVALID_REGNUM,1,1,2
bb->il.rtl->global_live_at_start == 0 && bb->il.rtl->global_live_at_end == 0,1,1,2
df->postorder_inverted,2,0,2
"CLASSTYPE_VTABLE_NEEDS_WRITING (t) == ! interface_only, 999",1,1,2
!POINTER_TYPE_P (type),1,1,2
"!ti_desc_type_node, 20020609",1,1,2
"dwf_regno (XEXP (src, 0)) == cfa.reg",1,1,2
"!bb || !VARRAY_BB (label_to_block_map, uid)",1,1,2
ts->kind == 4 || ts->kind == 8,1,1,2
insns != NULL_RTX,1,1,2
! expr_vliw && stall_iterations < 2,1,1,2
(sizeof (struct tree_exp) + 5 * sizeof (tree) <= sizeof (struct tree_function_decl)) && sizeof (struct tree_type) <= sizeof (struct tree_function_decl),1,1,2
lto_stream_as_builtin_p (t),1,1,2
"deaths_in_region[rgn] == count_or_remove_death_notes (blocks, 0)",1,1,2
TREE_VEC_LENGTH (hook) == 4,1,1,2
r.a[1] == -22,2,0,2
loop_tree_node->loop != NULL,1,1,2
TREE_CODE (v) == SSA_NAME,1,1,2
"!first_parm || TREE_PARMLIST (first_parm), 20001115",1,1,2
"putback.index == -1, 223",1,1,2
TREE_CODE (stmt) == RETURN_EXPR,1,1,2
next1->type == ERT_CATCH,1,1,2
an_unusable_color != FIRST_PSEUDO_REGISTER,1,1,2
"fold_convertible_p (TREE_TYPE (vector_type), op)",1,1,2
GET_MODE_CLASS (mode) == MODE_INT || GET_MODE_CLASS (mode) == MODE_PARTIAL_INT || GET_MODE_CLASS (mode) == MODE_VECTOR_INT || GET_MODE_CLASS (mode) == MODE_VECTOR_FLOAT,1,1,2
next_value_after == cselib_get_next_unknown_value (),1,1,2
b->block == block,1,1,2
GET_MODE_INNER (mode) == GET_MODE_INNER (GET_MODE (trueop)),1,1,2
GET_CODE (trueop0) == CONST_VECTOR,1,1,2
fundef != NULL && fundef->body == NULL,1,1,2
current_sched_info->flags & SCHED_EBB || (RECOVERY_BLOCK (jump) && RECOVERY_BLOCK (jump) != EXIT_BLOCK_PTR),1,1,2
"TYPE_P (base), 20011127",1,1,2
"BINFO_PRIMARY_P (binfo), 20010131",1,1,2
!PARAM_SET_P (num),1,1,2
sign != 0,1,1,2
MEM_P (operands[0]),2,0,2
"!xargs || TREE_CODE (xargs) == TREE_LIST, 291",1,1,2
lst && level >= 0 && dewey >= 0,1,1,2
"VEC_length (allocno_hard_regs_node_t, hard_regs_node_vec) == 0",1,1,2
"bitmap_equal_p (saved_adef, bb_info->adef)",1,1,2
is_gimple_addressable (base),1,1,2
TREE_CODE (old_decl) == FUNCTION_DECL,1,1,2
queue == NULL_RTX,1,1,2
"""Unexpected type (F90 TYPE?)!"" == NULL",1,1,2
strlen (host_machine) < 256 && strlen (target_machine) < 256 && strlen (version_string) < 256,1,1,2
"!virtual_offset || virtual_value, 20021026",1,1,2
"TREE_CODE (fn) == DOTSTAR_EXPR || TREE_CODE (fn) == MEMBER_REF, 20030708",1,1,2
e->flags & EDGE_ABNORMAL,1,1,2
!bb->tree_annotations,1,1,2
bits != 0,2,0,2
web1->num_uses == web2->num_uses,1,1,2
"IDENTIFIER_NODE, TREE_CODE (declname)",2,0,2
arg == var,1,1,2
"""Couldn't find object in pool!"" == NULL",1,1,2
TREE_CODE (tmpl) == TEMPLATE_DECL && DECL_P (spec),1,1,2
var_callused->id == callused_id,1,1,2
"""normal \33[01;31m\33[Kcolored\33[m\33[K normal 12345678"", ""normal %rcolored%R normal %x"", ""error"", 0x12345678",1,1,2
"bb_a, get_immediate_dominator (CDI_DOMINATORS, bb_b)",2,0,2
"DECL_TINFO_P (decl), 20030307",1,1,2
values_int.i6 == i6,2,0,2
"VEC_length (tree, results) <= 2",1,1,2
n2 >= 0,1,1,2
current_sched_info->flags & SCHED_EBB || IS_SPECULATION_BRANCHY_CHECK_P (jump),1,1,2
r->cl = rvc_normal,1,1,2
GET_CODE (pat) == SEQUENCE,2,0,2
(!s0 && s1) || (!s1 && s0),1,1,2
!overflow,1,1,2
POINTER_TYPE_P (TREE_TYPE (parm)),1,1,2
"TREE_CODE (template_id_expr) == TEMPLATE_ID_EXPR, 0",1,1,2
!temp->auto_pop,1,1,2
!var_can_have_subvars (var) || get_subvars_for_var (var) == NULL,1,1,2
"__builtin_memcmp (&a2, &n2, sizeof (a2)) == 0",2,0,2
DF_REF_IS_REG_MARKED (*old_rec),1,1,2
r.a[0] == 4,2,0,2
tmp_var != NULL_TREE,1,1,2
web1->num_defs == web2->num_defs,1,1,2
(DECL_FUNCTION_TEMPLATE_P (template) || TREE_CODE (template) == OVERLOAD || BASELINK_P (template)),1,1,2
GET_MODE (src) == SImode,1,1,2
node->origin,1,1,2
!type_preserved || contains_polymorphic_type_p (type),1,1,2
VARRAY_ACTIVE_SIZE (stmt_list) == 0,1,1,2
"TREE_CODE (TREE_TYPE (decl)) == VOID_TYPE, 20000118",1,1,2
applied,1,1,2
name_space->attribute_hash != NULL,1,1,2
this->_M_start_state != _S_invalid_state_id,1,1,2
operands[0] != NULL_RTX,2,0,2
!(size_in_bytes > 0 && !non_zero_len_p),1,1,2
node->clone_of || !cgraph_function_with_gimple_body_p (node) || in_lto_p || DECL_RESULT (node->symbol.decl),1,1,2
"TREE_CODE_CLASS (TREE_CODE (parm)) == 'd', 0",1,1,2
i == RID_CONST || i == RID_VOLATILE || i == RID_RESTRICT,1,1,2
!entry->common.large_p,1,1,2
!(sa & (FFESYMBOL_attrsADJUSTS | FFESYMBOL_attrsCOMMON | FFESYMBOL_attrsEQUIV | FFESYMBOL_attrsNAMELIST | FFESYMBOL_attrsSAVE)),1,1,2
!phis.is_empty (),1,1,2
VARRAY_ACTIVE_SIZE (build_defs) == 0,1,1,2
ref->use == IPA_REF_ADDR,1,1,2
native_posns != NULL,1,1,2
!optional || (optional && !copyback),1,1,2
result && operand_1 && operand_2,2,0,2
bad != FFEBAD,1,1,2
scale_complement >= 0,1,1,2
ep->to_rtx != stack_pointer_rtx,1,1,2
"t == gimple_switch_label (stmt, i)",1,1,2
!pool->pool_insn,1,1,2
!in_fre,1,1,2
chainsi->length,1,1,2
*v && (v <= version_string || v[-1] == '-'),1,1,2
"c == ""!$omp""[i]",1,1,2
"__r >= 1U && __p >= __r, ""template arguments out of bounds"" "" in discard_block_engine""",1,1,2
!TYPE_HAS_TRIVIAL_DESTRUCTOR (type),1,1,2
e < nelt,2,0,2
!stack_bytes,2,0,2
"same_type_p (TREE_TYPE (result), type)",1,1,2
sym->formal->next->next == NULL,1,1,2
is_gimple_assign (acc_info->stmt),1,1,2
"sreal_compare (a, b) >= 0",1,1,2
num < num_immediate_uses (df),1,1,2
"find_link_by_con_in_deps_list (INSN_FORW_DEPS (from), to) == NULL",1,1,2
n == 2,2,0,2
CASE_LOW (elt),1,1,2
vnode->aux != part,1,1,2
SSA_VAR_P (*var_p) && s_ann,1,1,2
!stmt || is_a <cgraph_node> (referring_node),1,1,2
node->local.self_insns == node->global.insns,1,1,2
"TREE_CODE (name) == IDENTIFIER_NODE, 321",1,1,2
r.a[2] == 5,2,0,2
"filename, NULL",1,1,2
scan,1,1,2
"(t->parm_vec == NULL_TREE) == (t->bindings == NULL_TREE), 226",1,1,2
0 == GC_fl_builder_count,2,0,2
"yyvsp[0].name.address, yyvsp[0].name.length, 0, NULL_PTR",1,1,2
"!VEC_empty (tree, phis)",1,1,2
"TREE_CODE (decl) == TYPE_DECL, 281",1,1,2
j < HOST_BITS_PER_DOUBLE_INT,1,1,2
(I) == 0,1,1,2
"EDGE_COUNT (empty_bb->succs) == 1 && EDGE_SUCC (empty_bb, 0)->dest == merge_bb",1,1,2
loop->latch != EXIT_BLOCK_PTR && current_loops->state & LOOPS_HAVE_RECORDED_EXITS,1,1,2
NULL != global_os_mutex,2,0,2
mem_canonicalized ? (canon_mem_addr != NULL_RTX) : (canon_mem_addr == NULL_RTX && mem_mode == VOIDmode),1,1,2
TREE_CODE (bsi_stmt (bsi)) == COND_EXPR || TREE_CODE (bsi_stmt (bsi)) == SWITCH_EXPR,1,1,2
"*ptr == NULL_TREE || *ptr == newval, 141",1,1,2
data->passed_pointer,1,1,2
HARD_FRAME_POINTER_REGNUM == FRAME_POINTER_REGNUM || rtl != frame_pointer_rtx,1,1,2
nm == base,1,1,2
f & USE_GLAT,1,1,2
BB_HEAD (bb) != insn || BARRIER_P (insn) || (NOTE_P (insn) && NOTE_LINE_NUMBER (insn) == NOTE_INSN_BASIC_BLOCK),1,1,2
"""bad kind in global ref"" == NULL",1,1,2
s[len - 1] == '\n',1,1,2
"same_close_phi_node (phi, gsi_stmt (*gsi))",1,1,2
mode == iv.mode,1,1,2
c->expr->expr_type == EXPR_NULL,1,1,2
master_dr != NULL && base_master_dr != NULL,1,1,2
GET_CODE (r) == SYMBOL_REF,2,0,2
!VALUE_RECURSED_INTO (val),1,1,2
dvar->refcount == 1,1,1,2
TREE_CODE (n->low) == INTEGER_CST,1,1,2
TYPE_MAIN_VARIANT (base->type) == base->type,1,1,2
values_ldouble.f16 == f16,2,0,2
gimple_code (gsi_stmt (loc->si)) == GIMPLE_COND || gimple_code (gsi_stmt (loc->si)) == GIMPLE_SWITCH,1,1,2
ctx != NULL,1,1,2
"type, TREE_TYPE (zero)",2,0,2
"POINTER_TYPE_P (tt) && POINTER_TYPE_P (TREE_TYPE (arg0)) && INTEGRAL_TYPE_P (TREE_TYPE (arg1)) && useless_type_conversion_p (sizetype, TREE_TYPE (arg1))",1,1,2
mask & (1 << 29),2,0,2
GET_MODE_CLASS (imode) == MODE_VECTOR_INT,1,1,2
table->expr_decl_uids[i] == NULL,1,1,2
TREE_READONLY (real_decl),1,1,2
"current_binding_level->n_incomplete > 0, 164",1,1,2
ipa_get_jf_pass_through_operation (jfunc) == NOP_EXPR,1,1,2
gs->glyphs != NULL,1,1,2
c == ' ' || c == '\t',1,1,2
libcall_insn == NULL_RTX,1,1,2
outfid != 0,2,0,2
c == UNSPEC_LDA || c == UNSPEC_LDS || c == UNSPEC_LDSA,1,1,2
newss->data.info.dimen > 0 || newss->data.info.ref->u.ar.as->corank > 0,1,1,2
p[0] == 3,2,0,2
"DECL_EXTERNAL (decl), 20000723",1,1,2
prev_vi->offset < argvi->offset,2,0,2
0 < decommit_size && decommit_size % g_pagesize == 0,1,1,2
*offset != NULL_TREE,1,1,2
!(n_counters % GCOV_ICALL_TOPN_NCOUNTS),2,0,2
TREE_CODE (decl) != REFERENCE_TYPE,1,1,2
ffestd_statelet_ == FFESTD_stateletATTRIB_,1,1,2
stack_bytes == -16,1,1,2
n >= K,1,1,2
*outer_step == const0_rtx,1,1,2
VARRAY_ACTIVE_SIZE (edge_leader) == 0,1,1,2
GET_MODE_CLASS (mode) != MODE_COMPLEX_INT,1,1,2
z != NO_PARTITION,1,1,2
ffs (OBJECT_SIZE (size_lookup [order])) >= ffs (order | MAX_ALIGNMENT),1,1,2
DEBUG_INSN_P (usage_insn),2,0,2
"TREE_OPERAND (t, 0) == model->base",1,1,2
(bitpos % BITS_PER_UNIT) == 0,2,0,2
REG_P (reg_1) && REG_P (reg_2),2,0,2
values_double.f18 == f18,2,0,2
"vect_strided_load_supported (vectype, length)",1,1,2
is_store_insn1 (pat),1,1,2
acc,1,1,2
ffeinfo_types_[basictype][kindtype] != NULL,1,1,2
def->name,1,1,2
!node->symbol.previous_sharing_asm_name && !node->symbol.next_sharing_asm_name,1,1,2
"test_property<is_swappable, construct::DelCopy>(false), """"",2,0,2
((char*)p) < min_address || ((char*)p) > max_address,1,1,2
!bsi_end_p (bi_call_bsi),1,1,2
l != NULL,2,0,2
!DECL_SAVED_TREE (fndecl),2,0,2
PBB_SCOP (pbb1) == PBB_SCOP (pbb2),1,1,2
loop == (bb_for_stmt (stmt))->loop_father,1,1,2
new_align != 0,2,0,2
!(DECL_EXTERNAL (decl) && DECL_INITIAL (decl)),1,1,2
"EXPR_STMT_ASSIGNS_THIS (t) == 0, 19990831",1,1,2
!WEBS(SPILL),1,1,2
state->code_SP == save_SP_after,1,1,2
block_stack,1,1,2
! in_current_region_p (bb) || (flags & SUCCS_OUT),1,1,2
DECL_NO_STATIC_CHAIN (n->context),1,1,2
"DECL_NAME (thunk_fndecl), 20021127",1,1,2
st->typebound->is_generic,1,1,2
found_field,1,1,2
!is_deleted (*slot),2,0,2
"type != unknown_type_node, 20030716",1,1,2
!STMT_VINFO_PATTERN_DEF_STMT (stmt_vinfo),1,1,2
gimple_assign_rhs_code (acc_info->stmt) == INDIRECT_REF,1,1,2
var->n_var_parts < MAX_VAR_PARTS && (!var->n_var_parts || !dv_onepart_p (var->dv)),1,1,2
values_int.i10 == i10,2,0,2
(!comp && gfc_return_by_reference (sym) && sym->result->attr.dimension) || (comp && comp->attr.dimension),1,1,2
"GET_CODE (XEXP (addr, 0)) == CONST_INT",1,1,2
TREE_CODE (decl) == VAR_DECL && (TREE_STATIC (decl) || DECL_EXTERNAL (decl) || in_lto_p),1,1,2
"x == VEC_length (tree, build_vdefs)",1,1,2
encoder->nodes[index].node == (symtab_node)node,1,1,2
!base_dev,1,1,2
!*value,1,1,2
(str0 != length) || (str1 != length),1,1,2
inside_basic_block_p (head) || NOTE_P (head),1,1,2
shift != NULL && mvn != NULL,1,1,2
"!use_return_insn (FALSE, NULL) || !return_used_this_function || offsets->saved_regs == offsets->outgoing_args || frame_pointer_needed",1,1,2
!var->base.ann || var->base.ann->common.type == FUNCTION_ANN,1,1,2
"at_eof, 20000226",1,1,2
"!BINFO_DEPENDENT_BASE_P (binfo), 20040706",1,1,2
node == cgraph_node (node->decl),1,1,2
"decl_namespace_list == NULL_TREE, 980711",1,1,2
DECL_P (new_vard),2,0,2
obj->right->data.low > obj->data.high,1,1,2
!BB_INFO (bb)->succ_count,1,1,2
arc_simd_builtin_desc_list [i].args_type == Va_Vb_rlimm,1,1,2
"!DECL_PENDING_INLINE_P (fn), 20000911",1,1,2
"CLASSTYPE_INTERFACE_KNOWN (t) == ! interface_unknown, 999",1,1,2
m_negative == other.m_negative,1,1,2
src_node && dest_node,1,1,2
*format++ == '$',1,1,2
" (!__comp(*__pivot_pos, *__begin) && !__comp(*(__begin + __n / 2), *__pivot_pos)) || (!__comp(*__pivot_pos, *__begin) && !__comp(*(__end - 1), *__pivot_pos)) || (!__comp(*__pivot_pos, *(__begin + __n / 2)) && !__comp(*__begin, *__pivot_pos)) || (!__comp(*__pivot_pos, *(__begin + __n / 2)) && !__comp(*(__end - 1), *__pivot_pos)) || (!__comp(*__pivot_pos, *(__end - 1)) && !__comp(*__begin, *__pivot_pos)) || (!__comp(*__pivot_pos, *(__end - 1)) && !__comp(*(__begin + __n / 2), *__pivot_pos))",1,1,2
"comptypes (type, objtype, COMPARE_REDECLARATION)",1,1,2
DECL_STATIC_DESTRUCTOR (decl),1,1,2
 ((setif_term)e)->type == INTER_TYPE,1,1,2
result && gimple_seq_singleton_p (stmts),1,1,2
"sd_lists_empty_p (insn, SD_LIST_BACK)",1,1,2
TREE_CODE (dst) == GOTO_EXPR,1,1,2
vinfo_for_stmt (stmt2),1,1,2
TREE_CODE (dc->element) == FIELD_DECL,1,1,2
(GET_CODE (cmp_op0) == REG) || (GET_CODE (cmp_op0) == SUBREG),2,0,2
! CONSTANT_P (arg1),1,1,2
a && (AT_class (a) == dw_val_class_vms_delta),2,0,2
dv_changed_p (dv),2,0,2
ORIG_PAT (insn) && (!mutate_p || (IS_SPECULATION_SIMPLE_CHECK_P (insn) && !(TODO_SPEC (insn) & SPECULATIVE))),1,1,2
TREE_CODE (x) == SSA_NAME,1,1,2
"TREE_CODE (exp) == OFFSET_REF, 20030703",1,1,2
arc->insn->insn_reserv_decl->equiv_class_num && arc->insn->insn_reserv_decl->state_alts > 0,1,1,2
scratch_regno == 11 || scratch_regno == 12,2,0,2
uses_template_parms (type),1,1,2
!VOID_TYPE_P (TREE_VALUE (params)),1,1,2
sann->ann.common.type == VAR_ANN,1,1,2
"TEST_BIT (sched_nodes, u)",1,1,2
values_float.f18 == f18,2,0,2
"GET_CODE (recog_data.operand[i]) != SYMBOL_REF && (GET_CODE (recog_data.operand[i]) != CONST || (GET_CODE (XEXP (recog_data.operand[i], 0)) == MINUS && (XEXP (XEXP (recog_data.operand[i], 0), 0) == global_offset_table) && (GET_CODE (XEXP (XEXP (recog_data.operand[i], 0), 1)) == CONST)))",1,1,2
state->code_SP >= 0,1,1,2
"__n >= __m, ""mersenne_twister_engine template arguments out of bounds""",1,1,2
fallback_fndecl != NULL_TREE,1,1,2
sft,1,1,2
"code == MINUS_EXPR ? same_type_p (BINFO_TYPE (binfo), probe) : code == PLUS_EXPR ? same_type_p (BINFO_TYPE (t), probe) : false, 20010723",1,1,2
BINFO_PRIMARY_BASE_OF (primary_base) == b,1,1,2
"noexcept(declval<const _Hashtable&>() ._M_bucket_index((const __node_type*)nullptr, (std::size_t)0)), ""Cache the hash code or qualify your functors involved"" "" in hash code and bucket index computation with noexcept""",1,1,2
!streamer_handle_as_builtin_p (expr),2,0,2
comp_code == EQ || comp_code == NE,1,1,2
"__if_hash_not_cached< is_copy_assignable<__hash_code_base>>::value, ""Cache the hash code or make functors involved in hash code"" "" and bucket index computation copy assignable""",1,1,2
worklist.length () == 1,1,1,2
shift_amount <= HOST_BITS_PER_WIDE_INT,1,1,2
pid < passes_by_id_size,1,1,2
r.a[3] == -36,2,0,2
lst && root != lst,1,1,2
HAVE_return && GET_CODE (old_label) == RETURN,1,1,2
SSA_NAME_AUX (name) == NULL,1,1,2
"is_sorted(sd->merging_places[iam], sd->merging_places[iam] + length_am, comp)",1,1,2
GET_CODE (x) == REG && GET_MODE (x) == CCmode,1,1,2
"compare_costs (best_cost, iv_ca_cost (ivs)) == 0",1,1,2
link && link->ref,1,1,2
arg2->expr,2,0,2
TREE_CODE (context) == PROTOCOL_INTERFACE_TYPE,2,0,2
index < gimple_phi_capacity (phi),1,1,2
TREE_CODE (decl) == FUNCTION_DECL && symtab->global_info_ready,1,1,2
"vect_strided_store_supported (vectype, length)",1,1,2
VARRAY_ACTIVE_SIZE (ann->may_aliases) == 1,1,1,2
branch_num > 1,1,1,2
s->h_prev >= s->h_begin,2,0,2
!mhigh_hi || nh - d < d,1,1,2
info.default_values,1,1,2
aweb == supweb,1,1,2
"TREE_CODE (fns) == FUNCTION_DECL || TREE_CODE (fns) == TEMPLATE_DECL || TREE_CODE (fns) == OVERLOAD, 20020712",1,1,2
diagonal,1,1,2
(offset % GET_MODE_SIZE (ymode)) == 0,1,1,2
info.range_min,1,1,2
"building_stmt_tree (), 20000911",1,1,2
whole_program || !TREE_PUBLIC (node->decl),1,1,2
items != NULL,1,1,2
"BINFO_INHERITANCE_CHAIN (parent) == binfo, 980827",1,1,2
perm2_mask2 != NULL,1,1,2
!frame_pointer_needed || fp_restored_p,1,1,2
"binfo == binfo_for_vbase (BINFO_TYPE (binfo), current_class_type), 170",1,1,2
first < 32,2,0,2
a && (AT_class (a) == dw_val_class_lbl_id || AT_class (a) == dw_val_class_lineptr || AT_class (a) == dw_val_class_macptr),1,1,2
hs->table,1,1,2
"TREE_CHAIN (list) == NULL_TREE, 301",1,1,2
(colorable_p && (ALLOCNO_LEFT_CONFLICTS_NUM (allocno) + ira_reg_class_nregs[cover_class][ALLOCNO_MODE (allocno)] <= ALLOCNO_AVAILABLE_REGS_NUM (allocno))) || (! colorable_p && (ALLOCNO_LEFT_CONFLICTS_NUM (allocno) + ira_reg_class_nregs[cover_class][ALLOCNO_MODE (allocno)] > ALLOCNO_AVAILABLE_REGS_NUM (allocno))),1,1,2
cur_seqno == 0 || number_of_insns == 0,1,1,2
GET_MODE_SIZE (GET_MODE (new_reg)) >= GET_MODE_SIZE (GET_MODE (src)),1,1,2
TREE_CODE (type) != METHOD_TYPE,2,0,2
(sel_sched_p () || prev != tail) && prev != head && insn != next_tail,1,1,2
"TREE_CODE (functions) == FUNCTION_DECL || TREE_CODE (functions) == TEMPLATE_DECL || TREE_CODE (functions) == TEMPLATE_ID_EXPR || TREE_CODE (functions) == OVERLOAD, 20020730",1,1,2
TREE_CODE (minidx) == INTEGER_CST && TREE_CODE (maxidx) == INTEGER_CST,1,1,2
entry->offset == d_rounding,1,1,2
rhs != NULL || is_gimple_addressable (expr),1,1,2
node->global.inlined_to || !gimple_has_body_p (decl) || node->in_other_partition || DECL_EXTERNAL (decl),1,1,2
GET_CODE (size_r) == CONST_INT && GET_CODE (x) == REG && mode == SImode,1,1,2
!node->local.finalized || gimple_body (decl),1,1,2
"TREE_CODE (DECL_CONTEXT (arg)) == NAMESPACE_DECL, 980422",1,1,2
rvalue,2,0,2
_M_size == __ga._M_index.size(),1,1,2
bb_info->ause,1,1,2
GET_CODE (jump_expr) == IF_THEN_ELSE,1,1,2
"mpfr_set_str (m, buf, 16, GMP_RNDN) == 0",1,1,2
dwarf_version >= 4 || AT_ref (a)->die_id.die_symbol,1,1,2
save_found,1,1,2
TREE_STATIC (var->symbol.decl) || DECL_EXTERNAL (var->symbol.decl),1,1,2
"TREE_CODE (decl) == FUNCTION_DECL || TREE_CODE (decl) == VAR_DECL, 20040725",1,1,2
(unsigned long)(newsize) >= (unsigned long)(nb),1,1,2
TREE_CODE (probe_type) == REFERENCE_TYPE,1,1,2
bitsize >= 32,1,1,2
bb || changed,2,0,2
"iv_ca_cand_for_use (ivs, delta->use) == from",1,1,2
s2var->var_part[0].loc_chain && s2var->n_var_parts == 1 && s2var->var_part[0].offset == 0,1,1,2
(savep && !exitp) || !savep,1,1,2
pow != 2 * HOST_BITS_PER_WIDE_INT,1,1,2
"TREE_CODE (method) == FUNCTION_DECL, 282",1,1,2
"IS_AGGR_TYPE (TREE_TYPE (of)), 253",1,1,2
"TREE_CODE (binfo) == TREE_BINFO, 20030623",1,1,2
TREE_CODE (bsi_stmt (si)) == OMP_PARALLEL || TREE_CODE (bsi_stmt (si)) == OMP_TASK,1,1,2
adjust_vec,1,1,2
var_infos == NULL,1,1,2
num_args < sizeof(fake_args)/sizeof(char*),1,1,2
t && TREE_CODE (t) == OMP_SECTION,1,1,2
!lexer->next_token->purged_p,2,0,2
identifier_p (ce->index),1,1,2
!current_sched_info->queue_must_finish_empty || q_size,1,1,2
N != 0,1,1,2
dest->needed || !flag_unit_at_a_time,1,1,2
GFC_TYPE_ARRAY_AKIND (type) == GFC_ARRAY_ALLOCATABLE,1,1,2
"!RIDBIT_SETP (RID_MUTABLE, specbits), 19990927",1,1,2
i_bound == wi::extend (bound),1,1,2
(value.low & (aligni - 1)) == 0,1,1,2
SET_P (first_push),2,0,2
TYPE_PRECISION (type) == 128,1,1,2
newsize >= nb && (((unsigned long)(chunk2mem(p))) % alignment) == 0,1,1,2
"rtx_equal_p (old_vl, new_vl)",1,1,2
GET_MODE_BITSIZE (mode) % tree_to_hwi (TYPE_SIZE (innertype)) == 0,1,1,2
"CLASSTYPE_CID (baseclass) != 0, 2365",1,1,2
TYPE_VECTOR_SUBPARTS (TREE_TYPE (arg0)) == nelts / 2 && TYPE_VECTOR_SUBPARTS (TREE_TYPE (arg1)) == nelts / 2,1,1,2
"_Base > 3, ""invalid digit""",1,1,2
!is_gimple_reg (gimple_phi_result (stmt)),1,1,2
"strip_typedefs_expr (args, NULL) == args",1,1,2
offsettable_memref_p (dst),1,1,2
"TOLOWER (c) == ""*$omp""[i]",1,1,2
TREE_CODE (stmts[3]) == DECL_EXPR && TREE_CODE (stmts[4]) == DECL_EXPR,2,0,2
"TREE_CODE (type) == POINTER_TYPE, 20000112",1,1,2
index_to_bundle_states [insn_num],2,0,2
!bd->const_and_copies || VARRAY_ACTIVE_SIZE (bd->const_and_copies) == 0,1,1,2
"__or_<integral_constant<bool, __cache_hash_code>, __detail::__is_noexcept_hash<_Key, _H1>>::value, ""Cache the hash code or qualify your hash functor with noexcept""",1,1,2
"regrename_do_replace (this_head, best_reg)",1,1,2
BINFO_INHERITANCE_CHAIN (base_binfo) == t_binfo,1,1,2
m_outstanding_references >= v,2,0,2
"VEC_length (int, postorder) == (unsigned) g->n_vertices",1,1,2
i < ARRAY_SIZE (arc_simd_builtin_desc_list),1,1,2
info->ref->u.ar.stride[n] == NULL,1,1,2
m_ranges[0].m_caret.column == m_expanded_location.column,1,1,2
"strcmp (a->name, ((char *) (ptr)) + os) == 0",1,1,2
"first_vi_for_offset (temp, rhsoffset) != NULL",1,1,2
TYPE_VECTOR_SUBPARTS (vectype_out) == TYPE_VECTOR_SUBPARTS (vectype_in),1,1,2
"instance != NULL_TREE, 20020712",1,1,2
STACK_BOUNDARY == PARM_BOUNDARY,1,1,2
entry && *entry,2,0,2
p == 0,1,1,2
"(int) VEC_length (reg_equivs_t, reg_equivs) >= ira_reg_equiv_len",1,1,2
!def || TREE_CODE (def) == SSA_NAME,1,1,2
copy_use_p != NULL_USE_OPERAND_P,1,1,2
current_function_stdarg,1,1,2
GET_CODE (sibling) == CALL_INSN,1,1,2
TREE_CHAIN (decl) == NULL_TREE,1,1,2
DR_NUM_DIMENSIONS (a) == DR_NUM_DIMENSIONS (b),1,1,2
!(old_N % vf),1,1,2
"strcmp (attribute_tables[i][k].name, attribute_tables[j][l].name)",1,1,2
posns != NULL,1,1,2
DECL_BY_REFERENCE (t),1,1,2
"__s <= __w, ""template argument __s out of bound""",1,1,2
"!TREE_CHAIN (virtuals), 20010612",1,1,2
!c->expr->ref && !c->expr->value.compcall.actual,1,1,2
!RECOVERY_BLOCK (insn),1,1,2
rank >= 0,1,1,2
r.a[3] == 6,2,0,2
check_offset * DWARF_CIE_DATA_ALIGNMENT == offset,1,1,2
TREE_CODE (stmts[0]) == DECL_EXPR && TREE_CODE (stmts[1]) == DECL_EXPR,2,0,2
"TREE_CODE (target_expr) == TARGET_EXPR, 20030729",1,1,2
j <= n,1,1,2
cp_type_readonly (TREE_TYPE (decl)),1,1,2
FLOAT_TYPE_P (type),1,1,2
is_gimple_call (mi->free_stmts[i].stmt),1,1,2
"void **htab_entry, void *ptr",1,1,2
"INDEX_EDGE_PRED_BB (m_el, edge_index) != EXIT_BLOCK_PTR",1,1,2
TREE_CODE (context->outer_type) == RECORD_TYPE,1,1,2
gimple_code (gsi_stmt (si)) == GIMPLE_OMP_RETURN,2,0,2
GET_CODE (dest) != SUBREG && GET_CODE (src) != SUBREG,2,0,2
REG_P (to),1,1,2
"rhs == TREE_OPERAND (stmt, 1)",1,1,2
"type == pat->type, 20040620_4",1,1,2
!avr_load_libgcc_p (src) && REG_P (dest) && (REG_P (addr) || POST_INC == GET_CODE (addr)),1,1,2
regno < FIRST_PSEUDO_REGISTER || reg_equiv_constant (regno) == 0,2,0,2
"orig_stmt == vect_is_simple_reduction (loop_vinfo, reduc_def_stmt, !nested_cycle)",1,1,2
"GET_CODE (XEXP (src, 1)) == CONST_INT",1,1,2
gimple_assign_rhs_code (stmt) == SSA_NAME,1,1,2
!changed_variables.elements (),1,1,2
"__builtin_memcmp (&a13, &n13, sizeof (a13)) == 0",2,0,2
TREE_CODE (*expr_p) == TRUTH_AND_EXPR || TREE_CODE (*expr_p) == TRUTH_OR_EXPR || TREE_CODE (*expr_p) == TRUTH_XOR_EXPR,1,1,2
ALLOCNO_CONFLICT_VEC_P (a),1,1,2
g->surface != NULL,1,1,2
gimple_referenced_vars (fn),1,1,2
ffe_program_unit_pool_ != NULL,1,1,2
current_loops->state & LOOPS_HAVE_RECORDED_EXITS,1,1,2
is_gimple_operand (fn),1,1,2
!IDENTIFIER_OPNAME_P (unqualified_id),1,1,2
!LABEL_P (insn),1,1,2
r.a[2] == -27,2,0,2
(char) 0,2,0,2
"old != NULL_TREE, 393",1,1,2
MEM_P (temp),1,1,2
index <= phi_stmt->nargs,1,1,2
tree_fits_uhwi_p (size),2,0,2
(TYPE_ALIGN (type) < GET_MODE_ALIGNMENT (TYPE_MODE (field_type))) || (TYPE_ALIGN (type) > GET_MODE_BITSIZE (TYPE_MODE (field_type))),1,1,2
"flag_new_abi && !CLASSTYPE_HAS_PRIMARY_BASE_P (t), 19991218",1,1,2
stack->current->next->op == EXEC_END_BLOCK,1,1,2
BB_AV_LEVEL (bb) <= 0 && BB_AV_SET (bb) == NULL,1,1,2
(old_top == initial_top(av) && old_size == 0) || ((unsigned long) (old_size) >= MINSIZE && prev_inuse(old_top)),1,1,2
"__i == 0 || !__comp(*(__seqs_begin[source].first), *(__target - 1))",1,1,2
cm->backend_decl == NULL,1,1,2
nimms == AARCH64_NUM_BITMASKS,1,1,2
__result->_M_refcount == 1,1,1,2
code1 == VECTOR_TYPE || code1 == COMPLEX_TYPE || code1 == REAL_TYPE || code1 == INTEGER_TYPE,1,1,2
REG_P (x_dest0),1,1,2
GET_MODE_PRECISION (TYPE_MODE (type)) == TYPE_PRECISION (type),1,1,2
"VEC_length (ce_s, rhsc) == 0",1,1,2
bin != 0,1,1,2
"""bad backslash state"" == NULL",1,1,2
!DECL_CHAIN (tmp) && !DECL_SEEN_IN_BIND_EXPR_P (tmp),2,0,2
"__k >= 1U, ""template arguments out of bounds"" "" in shuffle_order_engine""",1,1,2
mn == occ->min + depth - occ->depth,2,0,2
r.a[2] == -3,2,0,2
TREE_INT_CST_NUNITS (t) == len,1,1,2
insn_data[(int) icode].operand[2].constraint[0] == '=' && insn_data[(int) icode].operand[2].constraint[1] == '&',1,1,2
"DECL_TEMPLATE_SPECIALIZATION (newdecl), 0",1,1,2
GET_MODE_CLASS (GET_MODE (SET_SRC (temp))) != MODE_FLOAT,1,1,2
"ntparms > 0, 292",1,1,2
src2_hard_regnum != -1,1,1,2
"IDENTIFIER_BINDING (id) != NULL_TREE, 0",1,1,2
"VEC_length (gimple, conds) == 0",1,1,2
"VARRAY_ACTIVE_SIZE (id->target_exprs) != 0, 20000430",1,1,2
"!strchr (IDENTIFIER_POINTER (v), '.')",1,1,2
CALL_P (insn),2,0,2
stree->typebound->u.specific,1,1,2
"(int) CP_RID_MAX < 64, 20000630",1,1,2
size = decl_chunk_size,1,1,2
GFC_DESCRIPTOR_TYPE_P (TREE_TYPE (se.expr)),1,1,2
"entry_bb != exit_bb && dominated_by_p (CDI_DOMINATORS, exit_bb, entry_bb)",1,1,2
ssa_name_values == NULL,1,1,2
"bitmap_equal_p (saved_use, bb_info->use)",1,1,2
curr_reg_pressure[cover_class] <= ira_available_class_regs[cover_class],1,1,2
GET_MODE (dst) == TImode,1,1,2
*loc,1,1,2
!this_parm,1,1,2
stmt_list_cache != list,1,1,2
"bitmap_equal_p (saved_gen, bb_info->gen)",1,1,2
ctype,1,1,2
STMT_VINFO_DATA_REF (stmt_info) || is_pattern_stmt_p (stmt_info) || pattern_def,1,1,2
!bb->rbi,1,1,2
*updated_alignment > 0,1,1,2
"is_overloaded_fn (functions), 169",1,1,2
r.a[1] == 10,2,0,2
"!virtual_offset || double_int_equal_p (tree_to_double_int (virtual_offset), shwi_to_double_int (virtual_value))",1,1,2
! __mf_starting_p,1,1,2
cgraph_function_with_gimple_body_p (callee),1,1,2
t2 != t1,2,0,2
alias_dim < access_dim,1,1,2
"binfo, data",1,1,2
!PENDING_STMT (edge_in),1,1,2
slen2 == slength,1,1,2
chain == NULL || TREE_CODE (chain) == ADDR_EXPR || SSA_VAR_P (chain),1,1,2
mutate_p || ia64_needs_block_p (insn),1,1,2
code != GEU && code != GTU && code != LEU && code != LTU,1,1,2
"result == parm_in_stack_slot_p (decl) || (!result && MEM_P (from_expand) && (XEXP (from_expand, 0) == virtual_stack_vars_rtx || (GET_CODE (XEXP (from_expand, 0)) == PLUS && XEXP (XEXP (from_expand, 0), 0) == virtual_stack_vars_rtx)))",1,1,2
GET_CODE (src) != SYMBOL_REF || !SYMBOL_REF_TLS_MODEL (src),1,1,2
ffeinfo_kindtype (ffebld_info (subscript)) == FFEINFO_kindtypeINTEGER1,1,1,2
"TREE_CODE (fn) != SCOPE_REF, 20020725",1,1,2
width >0,1,1,2
result->ts.type == BT_REAL && result->expr_type == EXPR_CONSTANT,2,0,2
item->type == FUNC,2,0,2
fun->cfg != NULL,2,0,2
dom_computed[0] == DOM_NONE,1,1,2
"!(TREE_CODE (TREE_TYPE (field)) == FUNCTION_TYPE || TREE_CODE (TREE_TYPE (field)) == METHOD_TYPE), 179",1,1,2
 __sec_reduce_add(y[0:n])==i*n ,2,0,2
dest->needed || !dest->analyzed || dest->address_taken || !id->src_node->analyzed || !id->dst_node->analyzed,1,1,2
gimple_ssa_operands (cfun)->operand_memory == NULL,1,1,2
p->u.insn.num_clobbers_to_add,1,1,2
!(byte_offset % GET_MODE_SIZE (mode)),1,1,2
DECL_RTL (exp),1,1,2
stmt && gimple_code (stmt) == GIMPLE_OMP_TARGET && gimple_omp_target_kind (stmt) == GF_OMP_TARGET_KIND_REGION,1,1,2
((INTVAL (MEM_SIZE (mem)) + INTVAL (MEM_OFFSET (mem))) * BITS_PER_UNIT) == ref->size,1,1,2
"(DECL_FUNCTION_TEMPLATE_P (template) || TREE_CODE (template) == OVERLOAD || BASELINK_P (template)), 20010716",1,1,2
"!bitmap_bit_p (vars, var_ann (var)->uid)",1,1,2
! DEBUG_INSN_P (head->first->insn),1,1,2
att->offset == 0,1,1,2
((char*)p) >= min_address,1,1,2
hw_after == 0,1,1,2
"VEC_length (tree, build_vuses) == 0",1,1,2
GET_CODE (PATTERN (insn)) == USE || GET_CODE (PATTERN (insn)) == CLOBBER || GET_CODE (PATTERN (insn)) == ASM_INPUT,2,0,2
GET_CODE (*inner) == UNSPEC,1,1,2
(nflags & GOVD_DATA_SHARE_CLASS) == (GOVD_FIRSTPRIVATE | GOVD_LASTPRIVATE) || (flags & GOVD_DATA_SHARE_CLASS) == 0,1,1,2
"VEC_length (edge, latches) > 0",1,1,2
STMT_VINFO_DEF_TYPE (stmt_vinfo) != vect_reduction_def,2,0,2
dwf_regno (addr) == cfa.reg,1,1,2
to != NULL_TREE && (to == VN_TOP || TREE_CODE (to) == SSA_NAME || is_gimple_min_invariant (to)),1,1,2
"TREE_CODE (value) == REAL_CST, 244",1,1,2
"(C), C99_SUFu_TYPE((C))",2,0,2
"buf, limit, &new_answer, T_ASSERT",1,1,2
val >= 0,1,1,2
array[i] == 0,2,0,2
i < len || OMP_SECTION_LAST (bsi_stmt (si)),1,1,2
 ((setst_term)e)->type == CONSTANT_TYPE ,1,1,2
!DF_REF_CHAIN (ref),2,0,2
"XEXP (code, 1) == const0_rtx",1,1,2
"TMPL_ARGS_DEPTH (args) >= TMPL_ARGS_DEPTH (extra_args), 0",1,1,2
index == n_basic_blocks,1,1,2
bcc_gen_fctn[(int) code],1,1,2
"ARITHMETIC_TYPE_P (t1) || TREE_CODE (t1) == COMPLEX_TYPE || TREE_CODE (t1) == ENUMERAL_TYPE, 19990725",1,1,2
! TYPE_DUMMY (class),1,1,2
"DECL_P (TREE_OPERAND (s2, 0))",1,1,2
"nextyychar == YYEMPTY, 231",1,1,2
! first_time_insn_init (insn),2,0,2
"""0xcafebabe 12345678"", ""%p %x"", (void *)0xcafebabe, 0x12345678",1,1,2
"!(TREE_CODE (d) == FUNCTION_DECL && DECL_INITIAL (DECL_TEMPLATE_RESULT (td))), 0",1,1,2
!decl || IS_DECL_CODE (TREE_CODE (decl)),1,1,2
index <= gs->gimple_asm.ni && TREE_CODE (in_op) == TREE_LIST,1,1,2
"VEC_length (tree, build_vuses) == VEC_length (tree, ro_call_vuses)",1,1,2
"""system=ptx4""",1,1,2
regno + 2 == REGNO (lpm_addr_reg_rtx),1,1,2
"__if_hash_cached<is_empty<_H2>>::value, ""Functor used to map hash code to bucket index"" "" must be empty""",1,1,2
exact_match,1,1,2
def_stmt != NULL,1,1,2
(r1val.lattice_val == CONSTANT && TREE_CODE (r1val.value) == INTEGER_CST) || r1val.mask == -1,1,1,2
DECL_COMDAT (node->symbol.decl) == DECL_COMDAT (decl_node->symbol.decl),1,1,2
"putback.buffer != NULL, 224",1,1,2
"VEC_length (gimple_seq, stmt_list) == 0",1,1,2
!as || (as->type != AS_DEFERRED && array->expr_type == EXPR_VARIABLE && !array->symtree->n.sym->attr.allocatable && !array->symtree->n.sym->attr.pointer),1,1,2
"TREE_PERMANENT (init), 192",1,1,2
el_size,1,1,2
!second_test && !bypass_test,1,1,2
"object != error_mark_node, 20020801",1,1,2
j != NUM_V_MAY_DEFS (v_may_defs2),1,1,2
!sel_bb_empty_p (e->src),1,1,2
__root->_M_color == std::_S_black,1,1,2
"bitmap_equal_p (saved_ause, bb_info->ause)",1,1,2
desc->current >= 0,1,1,2
!partial,1,1,2
index < gs->gimple_asm.nc && TREE_CODE (clobber_op) == TREE_LIST,1,1,2
(rval.lattice_val == CONSTANT && TREE_CODE (rval.value) == INTEGER_CST) || rval.mask.minus_one_p (),1,1,2
__rank < __N,1,1,2
(unsigned long)&u4.f == rsp+200,1,1,2
last_start != -1.0,1,1,2
"same_type_p (TYPE_MAIN_VARIANT (TREE_TYPE (e)), TYPE_MAIN_VARIANT (type))",1,1,2
"!TREE_STATIC (decl), 20021010",1,1,2
sz > 0 && sz <= INT_TYPE_SIZE,1,1,2
"NULL, gimple_assign_rhs3 (stmt)",2,0,2
! crtl->calls_eh_return,1,1,2
dest->needed || !dest->analyzed || dest->address_taken || !id->src_node->analyzed,1,1,2
TREE_CODE (s1) == GIMPLE_MODIFY_STMT,1,1,2
true_dependency_cache != NULL && output_dependency_cache != NULL && anti_dependency_cache != NULL,1,1,2
loop->header == body_bb,2,0,2
"XINT (pt, 0) >= 0 && XINT (pt, 0) < MAX_OPERANDS",2,0,2
CODE_FOR_nothing < 999,1,1,2
base != NULL_RTX,2,0,2
! ALLOCNO_ASSIGNED_P (a),2,0,2
ofs < MAX_INSNS_PER_PEEP2 + 1,2,0,2
index < gs->gimple_asm.nc,1,1,2
-0,2,0,2
mode == V4SImode || mode == V8SImode,1,1,2
TYPE_MODE (type) != VOIDmode,1,1,2
!expr,1,1,2
node != ENTRY_BLOCK,2,0,2
DR_MISALIGNMENT (dr) == DR_MISALIGNMENT (dr_peel),1,1,2
node->global.inlined_to == NULL,1,1,2
TREE_CODE (ident) == IDENTIFIER_NODE,2,0,2
operands[1] != NULL_RTX,2,0,2
"yyvsp[-4].name.address, yyvsp[-4].name.length, 1, yyvsp[-1].keywords",1,1,2
amd.side_effects == NULL_RTX,1,1,2
j < 2 * HOST_BITS_PER_WIDE_INT,1,1,2
ncopies = 1,1,1,2
!stack_realign_fp,1,1,2
processing_template_decl || expr == error_mark_node,1,1,2
"scop_contains_loop (scop, gbb_loop (gb))",1,1,2
use_node && def_node,1,1,2
modulo < alignment,1,1,2
e < rv_max,1,1,2
!current_frame_info.reg_save_b0,1,1,2
(unsigned long)&ms1.x == rsp+8,1,1,2
"pfile, value",1,1,2
ftell (asm_out_file) - asm_file_startpos == 0,1,1,2
"opindex + 2 < VEC_length (operand_entry_t, ops)",1,1,2
GET_MODE (src) != DImode,2,0,2
"host_integerp (*delta, 0)",1,1,2
unop != 0,1,1,2
bitpos == 0 && bitsize == GET_MODE_BITSIZE (GET_MODE (op0)),1,1,2
ref->next_reg->prev_reg == ref,1,1,2
!is_gimple_reg (phi),1,1,2
reg_pref != NULL,1,1,2
"VEC_length (scb_t, scb_stack) == 0",1,1,2
"double_int_ucmp (TREE_INT_CST (cookie_size), max_size) < 0",1,1,2
int_size_in_bytes (type) <= 32,1,1,2
last_added_blocks == NULL,1,1,2
"format != 0, 0",1,1,2
"BINFO_SUBVTT_INDEX (basebinfo), 20010110",1,1,2
TREE_CODE (decl) != FUNCTION_DECL || !DECL_ABSTRACT (decl),1,1,2
"!flag_use_cxa_atexit, 20000121",1,1,2
MEM_P (s1) && GET_CODE (s2) == MEM,1,1,2
OMP_CLAUSE_DEPEND_KIND (c) == OMP_CLAUSE_DEPEND_SOURCE,2,0,2
i_bound == max_wide_int (bound),1,1,2
"lhs, gimple_get_lhs (stmt)",2,0,2
index < gs->gimple_asm.nl,1,1,2
!chunk->mark,1,1,2
cui->sets,2,0,2
VARRAY_ACTIVE_SIZE (build_v_may_defs) == 0,1,1,2
gimple_has_body_p (fndecl),2,0,2
e->call_expr != call_expr,1,1,2
truecount == 0,2,0,2
alignment > 0,1,1,2
ri.nl_size == 0,1,1,2
!web->moves,1,1,2
"""couldn't ffecom_pop_tempvar!"" != NULL",1,1,2
! divide,1,1,2
REG_BR_PROB_BASE < 32768,1,1,2
obj->left->data.high < obj->data.low,1,1,2
r.a[6] == UINT8x8_MAX,2,0,2
!target || speculative || target == t,1,1,2
early_dwarf,2,0,2
ffeste_statelet_ == FFESTE_stateletATTRIB_,1,1,2
!(sa & ~(FFESYMBOL_attrsSFUNC | FFESYMBOL_attrsTYPE)),1,1,2
!(DECL_EXTERNAL (new_decl) && DECL_INITIAL (new_decl)),1,1,2
SSA_NAME_VAR (res) != SSA_NAME_VAR (arg),1,1,2
(want_value & 1) == 0,1,1,2
!DECIMAL_FLOAT_MODE_P (mode),2,0,2
"TREE_TYPE (delta) == ptrdiff_type_node, 20030727",1,1,2
"target_type != NULL_TREE, 20000120",1,1,2
!node->symbol.alias && !node->thunk.thunk_p,1,1,2
(atomic_code->ext.omp_atomic != GFC_OMP_ATOMIC_CAPTURE && code->next == NULL) || (atomic_code->ext.omp_atomic == GFC_OMP_ATOMIC_CAPTURE && code->next != NULL && code->next->op == EXEC_ASSIGN && code->next->next == NULL),1,1,2
"!flag_new_abi, 20000221",1,1,2
len >= VALUES_SIZE,1,1,2
bitmap_first_set_bit (leader_has_match) == -1,1,1,2
TREE_CODE (inner) == COMPONENT_REF,1,1,2
BRANCH_EDGE (cont_bb)->dest == l1_bb,1,1,2
"""COMPLEX4/INTEGER bad source kind type"" == NULL",1,1,2
oval != v,1,1,2
*ts == old_ts && QUEUE_INDEX (next) == QUEUE_NOWHERE,1,1,2
web1->live_over_abnormal == web2->live_over_abnormal,1,1,2
!DEBUG_INSN_P (from->insn) || DEBUG_INSN_P (to->insn),1,1,2
current_class_depth && current_class_stack[current_class_depth - 1].hidden,1,1,2
bb->succ->flags == (EDGE_SIBCALL | EDGE_ABNORMAL),1,1,2
"changed != 0, 249",1,1,2
"!x || x == pc_rtx || TREE_CODE (t) != SSA_NAME || (SSAVAR (t) && TREE_CODE (SSAVAR (t)) == RESULT_DECL && !flag_tree_coalesce_vars) || !use_register_for_decl (t) || GET_MODE (x) == promote_ssa_mode (t, NULL)",1,1,2
index < df_lr->block_info_size,1,1,2
!(old_ts & ~(SPECULATIVE | HARD_DEP)) && ((old_ts & HARD_DEP) || (old_ts & SPECULATIVE)),1,1,2
"name, identifier_ptr",2,0,2
!link || dep_type == REG_NOTE_KIND (link),1,1,2
setter,1,1,2
libcall_level == 0,1,1,2
"lseek (mach_o_file->fd, 0, SEEK_CUR) == hdrsize + cmdsize",1,1,2
t->type == SPILLED && s->type == SPILLED,1,1,2
"!current_binding_level->class_shadowed, 19990414",1,1,2
"0, 20030715",1,1,2
"TREE_CODE (TREE_PURPOSE (x)) == TREE_VEC, 388",1,1,2
buf + 10 == __bnd_init_ptr_bounds (buf + 10),2,0,2
"TREE_CODE (args) == TREE_LIST || TREE_CODE (args) == TREE_VEC, 20030707",1,1,2
(unsigned)count == count,1,1,2
(slot && *slot) || in_lto_p,1,1,2
"base_init_insns == 0, 207",1,1,2
!gsi_end_p (psi) && i == head->length (),1,1,2
ref == NULL || ref->type == REF_SUBSTRING,2,0,2
cached_file_attrs.bits,1,1,2
"strcmp(id, strm.msg) == 0",2,0,2
TREE_CODE (def) == GIMPLE_MODIFY_STMT,1,1,2
"n >= 0 && n < num_tokens (), 298",1,1,2
"!IDENTIFIER_TYPENAME_P (identifier) || same_type_p (type, TREE_TYPE (identifier)), 20011230",1,1,2
alloc - num < (unsigned)(reserve < 0 ? -reserve : reserve),1,1,2
TYPE_UNSIGNED (type) == TYPE_UNSIGNED (sizetype),1,1,2
!TYPE_NEEDS_CONSTRUCTING (type),1,1,2
node->symbol.aux == NULL,1,1,2
new_meta_class,1,1,2
targetm.have_named_sections,1,1,2
"TREE_CODE (iter) == CPLUS_BINDING, 374",1,1,2
1 == result -> tree_ptr -> refcount,1,1,2
b->sig != 0,1,1,2
"!gsi_end_p (psi) && i == VEC_length (edge_var_map, head)",1,1,2
jfunc->type == IPA_JF_UNKNOWN,1,1,2
DECL_P (var2),2,0,2
!TYPE_ACTUAL_BOUNDS (gnu_inner_type),1,1,2
libcall_level > 0,1,1,2
loop->dimen == ss->dimen,1,1,2
*v == '.' && ISDIGIT (v[1]),1,1,2
trace_work_list == NULL,1,1,2
((unsigned long)chunk2mem(brk) & MALLOC_ALIGN_MASK) == 0,1,1,2
(!check_zero) || *p1 != 0 || *p2 != 0,1,1,2
code == VEC_PERM_EXPR,1,1,2
(unsigned long)&u4.d == rsp+200,1,1,2
"pfile, answerp",1,1,2
 false == atomic_flag_test_and_set(&f) ,1,1,2
"!new_abi_rtti_p (), 20000608",1,1,2
!is_gimple_reg (result),1,1,2
"TREE_VALUE (TREE_OPERAND (TREE_OPERAND (rhs, 0), 1)) == NULL_TREE, 316",1,1,2
orig_var == var,2,0,2
MEM_P (operands[nops + i]),2,0,2
gimple_call_lhs (stmt) == NULL_TREE,1,1,2
MEM_P (target) && MEM_P (temp) && !(bitpos % BITS_PER_UNIT),1,1,2
"outer_father && LST_LOOP_P (outer_father) && LST_LOOP_P (VEC_index (lst_p, LST_SEQ (outer_father), outer)) && inner_father && LST_LOOP_P (inner_father)",1,1,2
code == TARGET_MEM_REF,1,1,2
"!bitmap_bit_p (output, DECL_UID (node->symbol.decl))",1,1,2
loop_node->loop != NULL && (regno < 0 || regno >= FIRST_PSEUDO_REGISTER),1,1,2
!gimple_call_internal_p (call),1,1,2
GET_CODE (operands[2]) == CONST_INT,2,0,2
parent->type == OMP_ATOMIC_LOAD,1,1,2
please_no_equalities_in_simplified_problems || omega_found_reduction == omega_false || pb->num_subs == 0,1,1,2
left == result_left || 1 == result_left -> refcount,1,1,2
"VEC_length (gimple_p, scb_stack) == 0",1,1,2
VECTOR_MODE_P (TYPE_MODE (TREE_TYPE (loop_vec_def))),1,1,2
x->exp + s <= SREAL_MAX_EXP,1,1,2
GET_CODE(count_reg) == REG,1,1,2
TREE_CODE_CLASS (cond) == tcc_comparison,1,1,2
BLOCK_FOR_INSN (prev) == bb,1,1,2
NOTE_INSN_BASIC_BLOCK_P (first),1,1,2
!old_die,1,1,2
GET_CODE (operand) != REG || !MMX_REGNO_P (REGNO (operand)),1,1,2
(flags & (ECF_NORETURN | ECF_LONGJMP)) || (old_stack_allocated == stack_pointer_delta - pending_stack_adjust),1,1,2
main_zone.context_depth < HOST_BITS_PER_LONG,1,1,2
s2var->var_part[0].loc_chain,1,1,2
GET_CODE (operands[1]) != CONST_DOUBLE || FLOAT_MODE_P (mode) || ((CONST_DOUBLE_HIGH (operands[1]) != 0 || CONST_DOUBLE_LOW (operands[1]) < 0) && (CONST_DOUBLE_HIGH (operands[1]) != -1 || CONST_DOUBLE_LOW (operands[1]) >= 0)),1,1,2
"gfc_is_proc_ptr_comp (c->expr1, &comp)",1,1,2
ss->expr == expr && ss->info->type == GFC_SS_CONSTRUCTOR,1,1,2
"TEST_BIT (pending, bb->index)",1,1,2
!(cfa_off & 15),2,0,2
curr_depth <= RopeBase::max_rope_depth,1,1,2
dt == vect_loop_def || dt == vect_invariant_def || dt == vect_constant_def,1,1,2
!is_real_op,1,1,2
"TREE_CODE (t) == ALIGNOF_EXPR, 0",1,1,2
scattering_dimensions >= nb_iterators * 2 + 1,1,1,2
context && (TREE_CODE (context) == FUNCTION_DECL || TREE_CODE (context) == NAMESPACE_DECL),1,1,2
!unsr_p && !uns0_p && !uns1_p,2,0,2
i == ARRAY_SIZE (arc_simd_builtin_desc_list),1,1,2
prob <= REG_BR_PROB_BASE,2,0,2
size == sizeof (struct use_optype_d) || size == sizeof (struct def_optype_d),1,1,2
GET_MODE_CLASS (GET_MODE (sparc_compare_op0)) != MODE_CC,1,1,2
REG_P (addr_op1),1,1,2
GET_MODE_CLASS (GET_MODE (ix86_compare_op0)) == MODE_CC,1,1,2
dest_regno == current_frame_info.reg_save_ar_unat,1,1,2
"!find_insn_list (to, INSN_DEPEND (from))",1,1,2
counter_mode == SImode || counter_mode == DImode,1,1,2
"!VEC_empty (constructor_elt, v)",1,1,2
fences == NULL,2,0,2
"c_parser_next_token_is_keyword (parser, RID_TRY)",1,1,2
new_val.lattice_val != UNDEFINED,1,1,2
r.a[7] == UINT8x8_MAX,2,0,2
info.element_width != 0,1,1,2
st->typebound->u.generic,1,1,2
divide,1,1,2
allocno_pref[i] == NO_REGS || cover_class != NO_REGS,1,1,2
t != i->container,2,0,2
!deps_list_empty_p (INSN_BACK_DEPS (jump)),1,1,2
"VEC_length (const_char_p, argbuf) > 0",1,1,2
next1,1,1,2
DLIST_WEB (d)->was_spilled >= 0,1,1,2
"op, cond",1,1,2
via_ac != -1,1,1,2
"__if_hash_not_cached<is_empty<__hash_code_base>>::value, ""Cache the hash code or make functors involved in hash code"" "" and bucket index computation empty""",1,1,2
GET_CODE (dst) == SUBREG,1,1,2
TREE_CODE (name_space) == NAMESPACE_DECL,2,0,2
gimple_code (return_stmt) == GIMPLE_RETURN,1,1,2
BASIC_BLOCK (old_index) == NULL,1,1,2
gsi_stmt (i) == stmt,1,1,2
TREE_CODE (var) != VAR_DECL || (!DECL_EXTERNAL (var) && !DECL_HAS_VALUE_EXPR_P (var) && !TREE_STATIC (var) && !DECL_RTL_SET_P (var) && TREE_TYPE (var) != error_mark_node && !DECL_HARD_REGISTER (var) && really_expand),1,1,2
offset < 0,2,0,2
TREE_CODE (value) == PLUS_EXPR,1,1,2
nregs_xmode_unit * GET_MODE_NUNITS (xmode) == hard_regno_nregs[xregno][xmode],1,1,2
tinfo1 != NULL_TREE && tinfo2 != NULL_TREE,1,1,2
live->liveout && bb != ENTRY_BLOCK_PTR && bb != EXIT_BLOCK_PTR,1,1,2
endptr == NULL,1,1,2
*dstslot == dvar,2,0,2
BRANCH_EDGE (cont_bb)->dest == l0_bb,2,0,2
"TYPE_P (DECL_CONTEXT (t)), 20010720",1,1,2
!next_pinuse(p),2,0,2
TAGGED_TYPE_P (class_type),1,1,2
TREE_CODE (TYPE_NAME (type)) == IDENTIFIER_NODE,1,1,2
ts->kind == 4 || ts->kind == 8 || ts->kind == 10 || ts->kind == 16,1,1,2
"!ENABLE_SCOPE_CHECKING || level->binding_depth == binding_depth, 20030529",1,1,2
omp_regions == NULL && root_omp_region == NULL,1,1,2
"JUMP_P (last) || (EDGE_SUCC (combo_bb, 0)->dest == EXIT_BLOCK_PTR && CALL_P (last) && SIBLING_CALL_P (last)) || ((EDGE_SUCC (combo_bb, 0)->flags & EDGE_EH) && can_throw_internal (last))",1,1,2
shift > 0,2,0,2
TYPE_MAIN_VARIANT (TREE_TYPE (niters)) == TYPE_MAIN_VARIANT (TREE_TYPE (expr)),1,1,2
!BLOCK_INFO (e->src)->tovisit || (e->flags & EDGE_DFS_BACK),1,1,2
index < df_md->block_info_size,1,1,2
TREE_CODE (orig) == SSA_NAME && !is_gimple_reg (orig),1,1,2
has_single_use (gimple_assign_lhs (stmt)),1,1,2
i < num_webs - num_subwebs || (!web->conflict_list && !web->orig_conflict_list),1,1,2
__N != 0,1,1,2
df_urec,1,1,2
"!""not implemented""",1,1,2
"(i->parm_vec == NULL_TREE) == (i->bindings == NULL_TREE), 228",1,1,2
(G.pagesize & (GGC_PAGE_SIZE - 1)) == 0,1,1,2
fp->_IO_write_end > fp->_IO_write_ptr,1,1,2
"__builtin_memcmp (&a3, &n3, sizeof (a3)) == 0",2,0,2
"old_val->lattice_val < new_val.lattice_val || (old_val->lattice_val == new_val.lattice_val && ((!old_val->value && !new_val.value) || operand_equal_p (old_val->value, new_val.value, 0)) && old_val->mem_ref == new_val.mem_ref)",1,1,2
regno >= 1200 && regno < 1232,1,1,2
pending_types == 0,1,1,2
src->n_var_parts == 1,1,1,2
cp_type_readonly (TREE_TYPE (tem)),1,1,2
m->fs.sp_offset == UNITS_PER_WORD,1,1,2
"TREE_CODE (x) == TREE_LIST, 981121",1,1,2
sel_bb_empty_p (empty_bb),1,1,2
"TREE_INT_CST_NUNITS (x) <= 2 || (TREE_INT_CST_NUNITS (x) == 3 && TREE_INT_CST_ELT (x, 2) == 0)",1,1,2
IS_MAPPED(hhdr),2,0,2
!(sa & ~(FFESYMBOL_attrsARRAY | FFESYMBOL_attrsEQUIV | FFESYMBOL_attrsINIT | FFESYMBOL_attrsNAMELIST | FFESYMBOL_attrsSAVE | FFESYMBOL_attrsSFARG | FFESYMBOL_attrsTYPE)),1,1,2
"void *key ATTRIBUTE_UNUSED, void **value, void *data ATTRIBUTE_UNUSED",1,1,2
vnode->analyzed,1,1,2
arc_simd_builtin_desc_list [i].args_type == Va_Vb_Ic_u8,1,1,2
m_ranges[0].m_finish.column == m_expanded_location.column,1,1,2
1 <= result -> refcount,1,1,2
"scop_contains_loop (scop, loop)",1,1,2
_M_quant_keys.size() == __rhs._M_quant_keys.size(),1,1,2
!DECL_NAME (decl2) || TREE_CODE (DECL_NAME (decl2)) == IDENTIFIER_NODE,1,1,2
TYPE_P (t) && !TYPE_CANONICAL (t) && type_with_alias_set_p (t) && !POINTER_TYPE_P (t),1,1,2
first_def,2,0,2
!onlyjump_p (bb_end_insn) || returnjump_p (bb_end_insn) || (e_taken->flags & EDGE_CROSSING),1,1,2
"TREE_PURPOSE (arg) == NULL_TREE, 270",1,1,2
TREE_INT_CST_NUNITS (t) == (int)len,1,1,2
code->op != EXEC_NOP,1,1,2
UNARY_CLASS_P (genop) || BINARY_CLASS_P (genop) || COMPARISON_CLASS_P (genop) || REFERENCE_CLASS_P (genop),1,1,2
"val1 != val2, 376",1,1,2
UNARY_CLASS_P (genop) || BINARY_CLASS_P (genop) || COMPARISON_CLASS_P (genop) || REFERENCE_CLASS_P (genop) || TREE_CODE (genop) == CALL_EXPR,1,1,2
bitmap_empty_p (web->useless_conflicts),1,1,2
parm != exp && DECL_ABSTRACT_ORIGIN (parm) != aexp,1,1,2
"TREE_PERMANENT (init), 147",1,1,2
se->loop->dimen == as->rank,1,1,2
s->h_tail >= s->h_begin,2,0,2
!(possible_truths & (1 << predicate_false_condition)),2,0,2
"TREE_CODE (d2) == CALL_EXPR, 263",1,1,2
!TREE_CHAIN (tmp) && !DECL_SEEN_IN_BIND_EXPR_P (tmp),1,1,2
!current_sched_info->queue_must_finish_empty || !q_size,1,1,2
pred_bb != NULL,1,1,2
list->referring[ref->referred_index] == ref,1,1,2
mode,2,0,2
!DEBUG_INSN_P (elem) || DEBUG_INSN_P (insn),1,1,2
fword == word,1,1,2
(!ref1->ref || SSA_VAR_P (ref1->ref) || handled_component_p (ref1->ref) || INDIRECT_REF_P (ref1->ref) || TREE_CODE (ref1->ref) == TARGET_MEM_REF) && (!ref2->ref || SSA_VAR_P (ref2->ref) || handled_component_p (ref2->ref) || INDIRECT_REF_P (ref2->ref) || TREE_CODE (ref2->ref) == TARGET_MEM_REF),1,1,2
"prefix_.num_, ""last"", T, base",1,1,2
EDGE_COUNT (bb_for_stmt (stmt)->succs) == 2,1,1,2
REG_P (reg) && MEM_P (mem),2,0,2
(void *)0,2,0,2
!(f & DO_SPECULATION),1,1,2
user_data,2,0,2
GC_is_marked(p),2,0,2
"DECL_TEMPLATE_PARMS (tmpl), 20010110",1,1,2
"TREE_CODE (rhs) == TEMPLATE_ID_EXPR, 0",1,1,2
values_long.i9 == i9,2,0,2
"""<built-in>"", 0, 0, BUILTINS_LOCATION",1,1,2
!WEBS(SIMPLIFY_FAT),1,1,2
java_vec != NULL,1,1,2
(flags_from_code (code) & ~flags_from_mode (mode)) == 0,1,1,2
"result != NULL_TREE, 20000730",1,1,2
"!BYTES_BIG_ENDIAN && VECTOR_MEM_VSX_P (mode) && mode != TImode && !gpr_or_gpr_p (dest, source) && (MEM_P (source) ^ MEM_P (dest))",1,1,2
values_long.i11 == i11,2,0,2
"!processing_template_decl, 20030707",1,1,2
!reload_in_progress,2,0,2
!gimple_call_cannot_inline_p (stmt),1,1,2
!want_value && TREE_CODE (*to_p) == VAR_DECL,1,1,2
TREE_CODE (bsi_stmt (loc->si)) == COND_EXPR || TREE_CODE (bsi_stmt (loc->si)) == SWITCH_EXPR,1,1,2
(GET_CODE (rhs) == SIGN_EXTEND) || (GET_CODE (rhs) == ZERO_EXTEND),1,1,2
"TREE_TYPE (decl) == vtbl_type_node, 20000118",1,1,2
this->location_ == 0 && this->snapshot_ == NULL,1,1,2
var_size >= field_size,1,1,2
POINTER_TYPE_P (TREE_TYPE (caf_decl)) && POINTER_TYPE_P (TREE_TYPE (parmse.expr)),1,1,2
!bd->nonzero_vars || VARRAY_ACTIVE_SIZE (bd->nonzero_vars) == 0,1,1,2
(unsigned long)&ms6.x == rsp+328,1,1,2
str_hash != NULL,1,1,2
r.a[1] == 6,2,0,2
"!BINFO_DEPENDENT_BASE_P (base_binfo), 20040713",1,1,2
GET_CODE (orig_x) == SUBREG && !nvptx_split_reg_p (GET_MODE (orig_x)),1,1,2
!TYPE_QUALS (t1) && !TYPE_QUALS (t2),1,1,2
TYPE_MAIN_VARIANT (mv) == mv,1,1,2
(nflags & GOVD_DATA_SHARE_CLASS) == (GOVD_FIRSTPRIVATE | GOVD_LASTPRIVATE),1,1,2
TREE_CODE (TREE_TYPE (sub)) == POINTER_TYPE,1,1,2
cond != boolean_false_node,1,1,2
!nested_in_vect_loop || double_reduc,1,1,2
p != &pass_dce.next,1,1,2
cycle_num < max_cycles_num,2,0,2
REGNO (iteration_var) < ivs->n_regs,1,1,2
"lang_hooks.types_compatible_p (TREE_TYPE (orig_name), TREE_TYPE (new_name))",1,1,2
EDGE_COUNT (src->succs) > 1,1,1,2
r && ix >= from,1,1,2
ctx->quiet,2,0,2
TREE_CODE (cond_expr) == COND_EXPR,1,1,2
DECL_P (expr1),1,1,2
sprime != *rhs_p,1,1,2
binop != 0,1,1,2
leader,1,1,2
first_ei->source_mode_signed != MAX_MACHINE_MODE,1,1,2
GET_MODE_CLASS (mode) == MODE_VECTOR_INT,2,0,2
!p2,1,1,2
set_noreorder > 0,1,1,2
 ((setif_term)e)->type == UNION_TYPE,1,1,2
"dtor_p::value, ""dtor not trivial""",1,1,2
bypass_code == UNKNOWN && second_code == UNKNOWN,1,1,2
map->__element_count == (uintptr_t) (int) map->__element_count,1,1,2
"DECL_CONTEXT (fndecl) == t, 20000116",1,1,2
TREE_CODE (t) != STATEMENT_LIST && TREE_CODE (t) != COMPOUND_EXPR,1,1,2
old_val->lattice_val <= new_val.lattice_val || (old_val->lattice_val == new_val.lattice_val && old_val->value == new_val.value && old_val->mem_ref == new_val.mem_ref),1,1,2
TREE_CODE (binfo) == TREE_BINFO,2,0,2
!POINTER_TYPE_P (TREE_TYPE (tmp2)),2,0,2
"TREE_CODE (TREE_OPERAND (rhs, 0)) == CALL_EXPR, 318",1,1,2
"xparms == NULL_TREE || TREE_CODE (xparms) == TREE_LIST, 290",1,1,2
"VEC_length (int, postorder) == (unsigned) nq",1,1,2
ffe_any_unit_pool_ != NULL,1,1,2
df->n_bbs,1,1,2
"TREE_CODE (classname) == IDENTIFIER_NODE, 278",1,1,2
sym->formal->sym->attr.intent = INTENT_OUT,1,1,2
REG_P (op[0]) && CONSTANT_P (op[1]),1,1,2
"!VEC_length(cp_class_binding, current_binding_level->class_shadowed)",1,1,2
j <= 2 * HOST_BITS_PER_WIDE_INT,1,1,2
gimple_phi_num_args (stmt) == 1,1,1,2
"__if_hash_not_cached<__hash_noexcept>::value, ""Cache the hash code"" "" or qualify your hash functor with noexcept""",1,1,2
sp == orig_sp,1,1,2
VARRAY_ACTIVE_SIZE (stack),1,1,2
GET_CODE (ptr) == DEPS_LIST,1,1,2
(unsigned) REGNO (iteration_var) < ivs->n_regs || REG_USERVAR_P (iteration_var),1,1,2
!OVL_NEXT (fn) && !is_overloaded_fn (fn),1,1,2
"old_init_value, 20030723",1,1,2
"TREE_CODE (function) == FUNCTION_DECL, 999",1,1,2
 originalFunctionAddress ,1,1,2
"0u < __s && __s < __r, ""template argument __s out of bounds""",1,1,2
!old_version_node->ipa_transforms_to_apply.exists (),1,1,2
GET_CODE (PATTERN (insn)) != ASM_INPUT && asm_noperands (PATTERN (insn)) < 0,1,1,2
"name == complete_ctor_identifier || name == base_ctor_identifier || name == complete_dtor_identifier || name == base_dtor_identifier || name == deleting_dtor_identifier || name == ansi_assopname (NOP_EXPR), 20020712",1,1,2
"!dominated_by_p (CDI_DOMINATORS, (*entry_edge)->src, pro)",1,1,2
mod_type_die != NULL,1,1,2
"same_type_ignoring_top_level_qualifiers_p (TREE_TYPE (type), TREE_TYPE (next1))",1,1,2
type >= 0 && type <= __MF_TYPE_MAX,1,1,2
gimple_code (label) == GIMPLE_LABEL,1,1,2
"local_specializations == NULL, 20000422",1,1,2
i.fits_uhwi_p (),1,1,2
nelt == (nelt & -nelt),2,0,2
DECL_P (var) || TREE_CODE (var) == INDIRECT_REF,1,1,2
!no_aliases_please,1,1,2
AT_ref (d_attr)->die_symbol,1,1,2
uninlined_call_time >= inlined_call_time,1,1,2
!(action),1,1,2
df_md,1,1,2
GET_CODE (r) == DEPS_LIST,1,1,2
opbuild_num_elems (&build_v_may_defs) == VARRAY_ACTIVE_SIZE (clobbered_v_may_defs),1,1,2
"1u <= __k, ""template argument __k out of bound""",1,1,2
"DECL_P (TREE_OPERAND (s1, 0))",1,1,2
!gimple_seq_last (i->seq),1,1,2
var1->n_var_parts == 1 && dv_as_opaque (var1->dv) == dv_as_opaque (var2->dv),1,1,2
!recycled || !bd->block_defs || !(VARRAY_ACTIVE_SIZE (bd->block_defs) > 0),1,1,2
"is_replaceable_p (stmt, true)",1,1,2
! no_new_pseudos || reload_completed,1,1,2
opbuild_num_elems (&build_v_may_defs) == 0,1,1,2
"""machine=i860""",1,1,2
n->resume,1,1,2
!CPU_REG_P(REGNO(operands[0])) && !CPU_REG_P (REGNO(operands[1])),1,1,2
info->dimen == loop->dimen,1,1,2
"IN_RANGE (ix86_schedule, 0, 255)",1,1,2
!next->externally_visible || define == (next->resolution == LDPR_PREVAILING_DEF_IRONLY || next->resolution == LDPR_PREVAILING_DEF || next->resolution == LDPR_UNDEF || next->resolution == LDPR_PREVAILING_DEF_IRONLY_EXP),1,1,2
sz == 4,1,1,2
GET_CODE (x) == VALUE,1,1,2
!newoperands,1,1,2
TREE_CODE_CLASS (code) == tcc_unary || TREE_CODE_CLASS (code) == tcc_binary || TREE_CODE_CLASS (code) == tcc_comparison || TREE_CODE_CLASS (code) == tcc_reference || TREE_CODE_CLASS (code) == tcc_expression || TREE_CODE_CLASS (code) == tcc_exceptional,1,1,2
TREE_CODE (var) == TYPE_DECL || TREE_CODE (var) == CONST_DECL || TREE_CODE (var) == FUNCTION_DECL || TREE_CODE (var) == LABEL_DECL,1,1,2
!inside_basic_block_p (head),1,1,2
VARRAY_ACTIVE_SIZE (build_uses) == 0,1,1,2
!flag_use_cxa_atexit,1,1,2
vatype != NULL_TREE,1,1,2
"!reg_equivs[check_regno].ARRAY || !loc_mentioned_in_p (r->where, reg_equivs[check_regno).ARRAY",1,1,2
"TREE_CODE (arg) != SCOPE_REF, 313",1,1,2
"optab_handler (ternary_optab, mode)->insn_code != CODE_FOR_nothing",1,1,2
root_omp_region == NULL,2,0,2
FP_REGNO_P (regno),1,1,2
mode == GET_MODE (val) || (GET_MODE (val) == VOIDmode && (CONST_INT_P (val) || GET_CODE (val) == CONST_FIXED || CONST_DOUBLE_AS_INT_P (val) || GET_CODE (val) == LABEL_REF)),1,1,2
"TREE_CODE (ttr) != ARRAY_TYPE, 20030617",1,1,2
pi->used_p,1,1,2
REGNO (x) != ARG_POINTER_REGNUM && REGNO (x) != FRAME_POINTER_REGNUM && REGNO (x) != FLAGS_REG && REGNO (x) != FPSR_REG,1,1,2
0 <= source && source < __k,1,1,2
!get_subvars_for_var (var),1,1,2
ffelex_token_type (next->last) == FFELEX_typeNAME,1,1,2
hi + lo == offset,2,0,2
!node->local.finalized || gimple_has_body_p (decl),1,1,2
filename && *filename,2,0,2
"VEC_length (ira_loop_tree_node_t, topsort_nodes) == n_loop_preorder",1,1,2
GROUP_GAP (stmt_info),1,1,2
di->nodes == (unsigned int) n_basic_blocks + 1,1,1,2
"timercmp (&stamps[0][1], &stamps[0][2], <)",1,1,2
TREE_CODE (TREE_TYPE (args[1])) == VECTOR_TYPE,1,1,2
values_int.i11 == i11,2,0,2
TREE_CODE (int_typ) == INTEGER_TYPE,1,1,2
"EDGE_COUNT (ENTRY_BLOCK_PTR->succs) == 1 && (EDGE_SUCC (ENTRY_BLOCK_PTR, 0)->dest == ENTRY_BLOCK_PTR->next_bb)",1,1,2
BINFO_VTABLE (type_binfo),1,1,2
!regs_ever_live[GPR_FIRST + 3],1,1,2
!MD_REG_P (REGNO (src)),1,1,2
max_bitnum <= (((HOST_WIDE_INT) max_allocno * ((HOST_WIDE_INT) max_allocno - 1)) / 2),1,1,2
redirected != NULL,2,0,2
sizeof(INTERNAL_SIZE_T) <= sizeof(char*),1,1,2
"BITSET_P (cfun->machine->frame.mask, 31)",1,1,2
"(TREE_CODE (t) == TEMPLATE_CONST_PARM && TEMPLATE_CONST_LEVEL (t) > 1) || (TREE_CODE (t) == TEMPLATE_TYPE_PARM && TEMPLATE_TYPE_LEVEL (t) > 1) || (TREE_CODE (t) == TEMPLATE_TEMPLATE_PARM && TEMPLATE_TYPE_LEVEL (t) > 1), 0",1,1,2
!BYTES_BIG_ENDIAN && WORDS_BIG_ENDIAN,1,1,2
index < gs->gimple_asm.no && TREE_CODE (out_op) == TREE_LIST,1,1,2
sym->as->rank == init->rank,1,1,2
!node || node->type == SYMTAB_FUNCTION,1,1,2
"dbgcount + nodbgcount == sd_lists_size (insn, SD_LIST_FORW)",1,1,2
b->maxsize > 0,1,1,2
test != ITEST_MAX,2,0,2
close_stmt == loop_stmt,1,1,2
pool->id == ALLOCATION_OBJECT_PTR_FROM_USER_PTR (ptr)->id,1,1,2
TREE_CODE (name1) == IDENTIFIER_NODE,1,1,2
sym->attr.dimension || sym->attr.codimension,1,1,2
mlow.ult (mhigh),1,1,2
WIFEXITED (status) && WEXITSTATUS (status) == 0,1,1,2
e->dest_idx < (unsigned int) PHI_NUM_ARGS (*phi),1,1,2
"REG_P (XEXP (op, 0))",2,0,2
!next->externally_visible || define == (next->resolution == LDPR_PREVAILING_DEF_IRONLY || next->resolution == LDPR_PREVAILING_DEF || next->resolution == LDPR_PREVAILING_DEF_IRONLY_EXP),1,1,2
"!real_equal (&bcv, &dconst1) && !REAL_VALUES_LESS (bcv, dconst1)",1,1,2
decimalwc != L_('\0'),2,0,2
!VECTOR_MODE_P (TYPE_MODE (TREE_TYPE (stmt))),1,1,2
id < AVR_BUILTIN_COUNT,2,0,2
fastbin_index(chunksize(p)) == i,1,1,2
"TREE_CODE (tparms) == TREE_VEC, 289",1,1,2
current_sched_info->flags & NEW_BBS,1,1,2
r.a[0] == -11,2,0,2
"CLASSTYPE_VFIELDS (BINFO_TYPE (B)) != NULL_TREE, 20000517",1,1,2
"TREE_CODE (vbases) == TREE_VEC, 20000402",1,1,2
"ddr_consistent_p (stderr, ddr, dist_vects, dir_vects)",1,1,2
sizeof(bool) == sizeof(char),1,1,2
var->n_var_parts < MAX_VAR_PARTS,1,1,2
AT_ref (a)->die_symbol,1,1,2
"(type::value / _Pow) == __digit::value, ""overflow""",1,1,2
arc_simd_builtin_desc_list [i].args_type == Da_rlimm_rlimm,1,1,2
"TREE_CHAIN (parm_types) == NULL, 20000523",1,1,2
"bitmap_equal_p (saved_gen, &bb_info->gen)",1,1,2
get_symbol_class (node) == SYMBOL_DUPLICATE || !symbol_partitioned_p (node),1,1,2
(long)(sz) - (long)(s + MINSIZE) < 0,1,1,2
max_count || current_badness >= badness,1,1,2
bb != ENTRY_BLOCK_PTR && bb != EXIT_BLOCK_PTR,1,1,2
AVR_HAVE_ELPMX,1,1,2
prototype_p (type),1,1,2
DECL_COMDAT_GROUP (node->symbol.decl) == DECL_COMDAT_GROUP (decl_node->symbol.decl),1,1,2
"!bitmap_bit_p (sp_bytes, byte - min_sp_off)",1,1,2
invalid_mode_changes == NULL,1,1,2
lst && depth >= 0 && lst_depth (lst) <= depth,1,1,2
TREE_CODE (vec_stmt_for_operand) == PHI_NODE,1,1,2
depth <= (unsigned) loop->depth,1,1,2
_M_log_k > 1,1,1,2
lto_get_out_decl_state () == state,2,0,2
"VEC_length (source_location, g->copy_locus) == 0",1,1,2
(code == NEGATE_EXPR) || (code == ABS_EXPR),1,1,2
alias->icf_merged || remove,1,1,2
t && (TREE_CODE (t) == OMP_PARALLEL || TREE_CODE (t) == OMP_TASK),1,1,2
"flow_bb_inside_loop_p (loop, unswitch_on->succ->dest)",1,1,2
enumtype == TYPE_MAIN_VARIANT (enumtype) && !TYPE_NEXT_VARIANT (enumtype),1,1,2
TREE_CODE (var) == INDIRECT_REF,2,0,2
TREE_CODE (e) == INTEGER_CST,1,1,2
currop->op0 != NULL,1,1,2
bn != en_block,1,1,2
TYPE_PRECISION (type) <= MAX_BITSIZE_MODE_ANY_INT,2,0,2
tmp_cond,1,1,2
(node->analyzed || DECL_EXTERNAL (node->decl)),1,1,2
cur_trace->cfa_temp.reg == regno,2,0,2
"!VEC_empty (tree, stmt_list_stack)",1,1,2
"DECL_FRIEND_P (t), 0",1,1,2
reg != NULL_RTX,1,1,2
(av->max_fast & ~1) <= request2size(MAX_FAST_SIZE),1,1,2
subtarget == cmp_reg,1,1,2
"GIMPLE_STMT_OPERAND (t, 0) == fd->v",1,1,2
"!winner, 20010121",1,1,2
"can_convert (type, TREE_TYPE (expr))",1,1,2
TYPE_VALUES (expr) == TYPE_VALUES (mv),1,1,2
GET_CODE (op) == MEM,1,1,2
"bitmap_equal_p (saved_use, &bb_info->use)",1,1,2
first_ei->source_mode_unsigned == MAX_MACHINE_MODE,1,1,2
!gimple_has_lhs (orig_stmt) || gimple_get_lhs (orig_stmt) == gimple_get_lhs (stmt),1,1,2
!node->local.finalized || node->thunk.thunk_p || node->alias || gimple_has_body_p (decl),1,1,2
TREE_CODE (type) == ARRAY_TYPE || TREE_CODE (type) == VECTOR_TYPE,1,1,2
! SPARC_SETHI_P (value & GET_MODE_MASK (mode)) && ! SPARC_SIMM13_P (value),1,1,2
TARGET_ARCH_R2,2,0,2
"register_operand (target, VOIDmode)",1,1,2
fns && (is_overloaded_fn (fns) || TREE_CODE (fns) == IDENTIFIER_NODE),1,1,2
"DECL_TEMPLATE_INFO (x) != NULL_TREE, 0",1,1,2
derived->components->ts.derived,1,1,2
(dt == REG_DEP_ANTI) && (ds & DEP_ANTI) && !(ds & (DEP_OUTPUT | DEP_TRUE)),1,1,2
!virtual_operand_p (use),1,1,2
DECL_FUNCTION_CODE (decl) >= function_code,1,1,2
!web->have_orig_conflicts,1,1,2
update_ssa_initialized_fn == NULL || update_ssa_initialized_fn == cfun,1,1,2
as == ADDR_SPACE_FLASH,1,1,2
"init != error_mark_node && type != error_mark_node, 211",1,1,2
TREE_CODE (decl) == PARM_DECL || TREE_CODE (decl) == RESULT_DECL,2,0,2
status == __codecvt_partial,1,1,2
TARGET_SAHF,1,1,2
GET_MODE (val) == Pmode || CONSTANT_P (val),1,1,2
D_REGNO_P (REGNO (x)),1,1,2
!is_true_predicate (bc),1,1,2
REG_P (iter_reg),2,0,2
TREE_CODE (gtype) == ARRAY_TYPE,2,0,2
"!lang_hooks.types_compatible_p || lang_hooks.types_compatible_p (argtype, cilk_frame_type_decl)",1,1,2
"unregistered, 0",1,1,2
!node || !node->symbol.definition,1,1,2
x.current_pos <= x.root -> size,1,1,2
reg == supweb->orig_x,1,1,2
"TREE_CODE (max_index) == INTEGER_CST, 20030618",1,1,2
MEM_P (this_rtx),1,1,2
"gimple_default_def (cfun, arg) == NULL",1,1,2
2 == __result._M_tree_ptr->_M_refcount,1,1,2
refs_for_insn_df + (df->def_id + df->use_id) >= act_refs,1,1,2
"!comp(*r, *pivot_pos)",1,1,2
MAY_HAVE_DEBUG_INSNS,1,1,2
source_stack->top == 0,1,1,2
!IS_SPECULATION_CHECK_P (insn),1,1,2
"strlen (XSTR (exp, 0)) + strlen (XSTR (exp, 1)) + 2 <= 256",1,1,2
ss->shape != NULL,1,1,2
mflag_sched_ldc,1,1,2
ffesymbol_sfunc_ == NULL,1,1,2
0 < release_size && release_size % g_regionsize == 0,1,1,2
!TREE_BLOCK (t),1,1,2
extension_code != NOT_RELEVANT,1,1,2
select_mutex != NULL && select_cond != NULL,1,1,2
"NOTE_EH_HANDLER (XEXP (eh_stack, 0)) == NOTE_EH_HANDLER (insn)",1,1,2
(flag_ira && optimize) || reload_completed,1,1,2
"dwf_regno (XEXP (addr, 0)) == cfa.reg",1,1,2
!integer_zerop (const1),1,1,2
"can_compare_p (*pcomparison, CCmode, purpose)",1,1,2
POINTER_TYPE_P (subtype),1,1,2
from == FRAME_POINTER_REGNUM,2,0,2
TYPE_MAIN_VARIANT (ct2) == ct2,1,1,2
shift <= 31,1,1,2
a->dw_attr_val.v.val_flag == 1,2,0,2
t && TREE_CODE (t) == OMP_PARALLEL,1,1,2
regno == REGNO (lpm_addr_reg_rtx),1,1,2
ternary_optab->handlers[(int) mode].insn_code != CODE_FOR_nothing,1,1,2
decl_binds_to_current_def_p (new_decl),1,1,2
nfixedargs <= ntotalargs,2,0,2
original_finalizer,2,0,2
"context != NULL_TREE, 0",1,1,2
alias,1,1,2
!e->dest->il.rtl->visited,1,1,2
(unsigned long)(size) >= (unsigned long)(nb),1,1,2
gimple_tree_hash (p1) == gimple_tree_hash (p2),1,1,2
no_fixup_p (DECL_FIELD_BIT_OFFSET (t)),1,1,2
perm2_mask1 != NULL,1,1,2
TREE_CODE (t2) == ADDR_EXPR,1,1,2
reserve >= 0,1,1,2
"extra_levels >= 0, 20000603",1,1,2
(INT_MAX) / x > y,1,1,2
"""-A"", assertion",1,1,2
"DECL_P (decl) && (!optimize || referenced_var_lookup (cfun, DECL_UID (decl)))",1,1,2
tmode != VOIDmode,1,1,2
m_elts_per_block,1,1,2
"TYPE_BINFO_VIRTUALS (t) == NULL_TREE, 20000116",1,1,2
ISDIGIT (v[1]),1,1,2
*loc == to,1,1,2
GET_MODE (op) == cmode && mode == tmode,1,1,2
ffeinfo_kindtype (ffebld_info (high)) == FFEINFO_kindtypeINTEGERDEFAULT,1,1,2
BLIST_NEXT (bnds) == NULL,2,0,2
dom_computed[CDI_DOMINATORS],1,1,2
lhs == NULL_TREE,2,0,2
!nl,2,0,2
"GET_CODE (tmp) == PLUS && REG_P (XEXP (tmp, 0)) && REG_P (XEXP (tmp, 1))",1,1,2
(!cfun->machine->saved_varargs_size || cfun->stdarg) && (cfun->stdarg || !cfun->machine->saved_varargs_size),1,1,2
r.a[0] == 0x55,2,0,2
arc_simd_builtin_desc_list [i].args_type == void_u6,1,1,2
"TREE_CODE (conv->type) != REFERENCE_TYPE, 20030306",1,1,2
TARGET_THUMB2 && TARGET_UNIFIED_ASM,1,1,2
have_fastchunks(av),1,1,2
nargs <= 3,1,1,2
misalign == 0,1,1,2
!e->indirect_unknown_callee,1,1,2
use->sub_id == 0,1,1,2
def_i == web->num_defs,1,1,2
object,1,1,2
"TREE_CODE (args) == TREE_LIST, 20021014",1,1,2
GET_MODE_BITSIZE (mode) == 128,1,1,2
LIM_DATA (stmt),1,1,2
"!is_in_field_accs (acc->stmt, f_accs)",1,1,2
!gimplify_ctxp->conditional_cleanups,1,1,2
nidx < gs->num_glyphs,1,1,2
"same_type_p (DECL_FIELD_CONTEXT (vfield), BINFO_TYPE (primary))",1,1,2
"VEC_length (tree, ann->may_aliases) == 1",1,1,2
"gimple_phi_num_args (phi) == 2 && gimple_phi_arg_edge (phi, e->dest_idx) == e",1,1,2
TREE_CODE (acc_info->stmt) == GIMPLE_MODIFY_STMT,1,1,2
!DF_REF_IS_REG_MARKED (ref),2,0,2
! current_function_calls_eh_return,1,1,2
"pointer_map_contains (else_vals, reg)",1,1,2
abs (pb->forwarding_address[i]) == 1 && pb->num_vars + pb->num_subs == 2 && pb->num_eqs + pb->num_subs == 1,1,1,2
!CONST_INT_P (x) && GET_CODE (x) != CONST_FIXED && (mode != VOIDmode || GET_CODE (x) != CONST_DOUBLE),1,1,2
!bsi_end_p (si) && TREE_CODE (bsi_stmt (si)) == OMP_PARALLEL,1,1,2
"at_eof, 20020609",1,1,2
gimple_phi_num_args (close_phi) == 1,1,1,2
restored >= size,1,1,2
 __sec_reduce_add(x[0:n])==3*n ,2,0,2
c2 == d4,1,1,2
t1 && t2,2,0,2
get_symbol_class (node) == SYMBOL_DUPLICATE || DECL_COMDAT (node->decl) || !symbol_partitioned_p (node),1,1,2
"c_parser_next_token_is_keyword (parser, RID_CLASS)",1,1,2
TREE_CODE (var2) == INDIRECT_REF,2,0,2
"current_binding_level->parm_flag != 2, 19990916",1,1,2
object && m_elts_free < m_elts_allocated && m_id == allocation_object<T>::get_instance (object)->id,1,1,2
new_ != old,1,1,2
"TREE_CODE (TREE_PURPOSE (defarg_parm)) == DEFAULT_ARG, 2349",1,1,2
diff_seen || symtab_node::get (complete)->alias,1,1,2
"TYPE_MAIN_VARIANT (ref) == ref, 20040712",1,1,2
dir == CDI_DOMINATORS,1,1,2
GET_CODE (x) == REG && GET_MODE (x) == V2SFmode,1,1,2
pprev && NEXT_INSN (NEXT_INSN (pprev)) == NEXT_INSN (insn) && JUMP_P (prev) && get_attr_cond (prev) == COND_USE && INSN_ANNULLED_BRANCH_P (prev),1,1,2
"valtype != NULL_TREE, 19990924",1,1,2
live->livein[p2],1,1,2
(unsigned long)&u6.f == rsp+328,1,1,2
GET_MODE (src) == GET_MODE (SA.partition_to_pseudo[dest]),1,1,2
"VEC_length (tree, conds) <= 10",1,1,2
"""E1"" == NULL",1,1,2
"IN_RANGE (ix86_tune, 0, 255)",1,1,2
TREE_CODE_LENGTH (code) == unary_op,1,1,2
exit_reachable == (region->exit != NULL),1,1,2
PROPERTY_NAME (x),1,1,2
MTAG_P (sym),1,1,2
TREE_CODE_CLASS (cond) == tcc_comparison && i < gs->gimple_omp_for.collapse,1,1,2
r->allocno == a,1,1,2
! LOCAL_VAR_OUT_OF_SCOPE_P (tmp),1,1,2
TREE_CODE (bsi_stmt (si)) == OMP_SECTION,1,1,2
*rr == NULL,1,1,2
bsi_stmt (bsi) == SSA_NAME_DEF_STMT (cvar_next),1,1,2
gimple_call_num_args (call_stmt) >= 1,1,1,2
SSA_NAME_VAR (var) == SSA_NAME_VAR (first) && TREE_TYPE (var) == TREE_TYPE (first),1,1,2
num_imm_uses (name) == 0,1,1,2
"doing_semantic_analysis_p (), 19990919",1,1,2
no_fixup_p (DECL_FIELD_OFFSET (t)),1,1,2
"TREE_CODE (template_id) == TEMPLATE_ID_EXPR, 0",1,1,2
&timevars[timevar] == stack->timevar,1,1,2
bitmap_empty_p (build_stores),1,1,2
!arc->insn->insn_reserv_decl->equiv_class_num && !arc->insn->insn_reserv_decl->state_alts,1,1,2
TYPE_UNSIGNED (TREE_TYPE (src)),1,1,2
loop->dimen + loop->codimen != 0,1,1,2
(!DECL_WEAK (vnode->decl) && !DECL_COMMON (vnode->decl) && !DECL_COMDAT (vnode->decl)) || TREE_PUBLIC (vnode->decl) || DECL_EXTERNAL (node->decl),1,1,2
TREE_CODE (ptr) == SSA_NAME && get_stridx (ptr) == 0,1,1,2
nconds > 0,1,1,2
index == UNSPECV_SAVEW,1,1,2
(SSA_VAR_P (ref1) || handled_component_p (ref1) || TREE_CODE (ref1) == INDIRECT_REF) && (SSA_VAR_P (ref2) || handled_component_p (ref2) || TREE_CODE (ref2) == INDIRECT_REF),1,1,2
"VEC_empty (rtx, data.expanding)",1,1,2
"VEC_index (unsigned, name_to_id, version) == 0",1,1,2
ffe_file_pool_ == NULL,1,1,2
bitmap_first_set_bit (web->useless_conflicts) < 0,1,1,2
!vi->is_artificial_var && vi->size == vi->fullsize,1,1,2
GET_CODE (operands[1]) == REG && GET_CODE (operands[0]) == REG,2,0,2
ffelex_token_type (t) == FFELEX_typeOPEN_PAREN,1,1,2
code != VEC_LSHIFT_EXPR && code != VEC_RSHIFT_EXPR,1,1,2
instance != NULL_TREE,2,0,2
fd->chunk_size == NULL_TREE,1,1,2
ffestw_stack_top_ != NULL,1,1,2
mode == DImode || mode == DFmode,1,1,2
!DECL_P (stmt),1,1,2
!bb->dom[dir_index],1,1,2
rhs.type == DEREF && lhs.type == DEREF,1,1,2
TREE_CODE (type) == POINTER_TYPE && nelts != NULL_TREE,1,1,2
TREE_INT_CST_HIGH (DECL_SIZE_UNIT (eqt)) == 0,1,1,2
dimen >= 1 && codimen + dimen <= GFC_MAX_DIMENSIONS,1,1,2
bb == bb->loop_father->header || bb_postdominates_preds (bb),1,1,2
!in_p || insn_data[(int) icode].operand[!in_p].constraint[0] == '=',1,1,2
CALL_P (insn) || (flag_non_call_exceptions && may_trap_p (PATTERN (insn))),1,1,2
!web->old_web || web->type == PRECOLORED,1,1,2
!(sa & FFESYMBOL_attrsANY),1,1,2
"1u <= __m && __m <= __n, ""template argument __m out of bounds""",1,1,2
diff_seen || symtab_get_node (complete)->alias,1,1,2
ffestc_shriek_after1_ == NULL,1,1,2
OMP_SECTIONS_SECTIONS (stmt) == NULL_TREE,1,1,2
!TARGET_AIX || !gpr,1,1,2
!node->process || node->symbol.same_comdat_group,1,1,2
0 == result -> refcount,1,1,2
may_be_aliased (alias),1,1,2
"!(TREE_CODE (d) == VAR_DECL && DECL_INITIALIZED_IN_CLASS_P (d) && DECL_INITIAL (d) == NULL_TREE), 20040726",1,1,2
this->decl_ != NULL,1,1,2
expr->symtree,2,0,2
!ffesta_confirmed_other_ || (ffesta_confirmed_possible_ == ffesta_current_possible_),1,1,2
GET_CODE (rhs) == REG,1,1,2
eh_stack,1,1,2
info->subscript[dim] && info->subscript[dim]->info->type == GFC_SS_VECTOR,2,0,2
"buf, limit, &answer, T_UNASSERT",1,1,2
!(sa & (FFESYMBOL_attrsADJUSTABLE | FFESYMBOL_attrsANYSIZE | FFESYMBOL_attrsARRAY | FFESYMBOL_attrsDUMMY | FFESYMBOL_attrsRESULT)),1,1,2
LOOP_VINFO_NITERS_KNOWN_P (loop_vinfo),1,1,2
offset < GET_MODE_SIZE (GET_MODE (reg)),1,1,2
"cgraph_function_or_thunk_node (node, NULL) == node",1,1,2
!bb_vinfo && (relevance == vect_used_in_outer || relevance == vect_used_in_outer_by_reduction || relevance == vect_used_by_reduction || relevance == vect_unused_in_scope),1,1,2
GET_CODE (trueop1) != CONST_VECTOR,1,1,2
! sym->attr.dummy,1,1,2
MEM_P (*call_op),1,1,2
"get_immediate_dominator (dir, bbs[i])",1,1,2
this_comp,1,1,2
init_a < init_b,1,1,2
TYPE_VECTOR_SUBPARTS (STMT_VINFO_VECTYPE (stmt_info)) == vectorization_factor,1,1,2
i == num_web_pairs,1,1,2
block_from == BLOCK_FOR_INSN (BND_TO (bnd)),1,1,2
pcount == l->length,1,1,2
df_byte_lr,1,1,2
"bitmap_equal_p (saved_def, &bb_info->def)",1,1,2
"current_fndecl != abort_fndecl, 19990727",1,1,2
TREE_CODE (use->stmt) == MODIFY_EXPR,1,1,2
!htab_elements (changed_variables),1,1,2
cur && cur->gsbase.next,1,1,2
p->context_depth > depth,1,1,2
idx == i,1,1,2
last_file_entered,1,1,2
!(gimple_call_flags (stmt) & (ECF_PURE | ECF_CONST)),1,1,2
(!DARWIN_SECTION_ANCHORS || !flag_section_anchors) || (in_section && (in_section->common.flags & SECTION_NO_ANCHOR)),2,0,2
index < df_byte_lr->block_info_size,1,1,2
shift4_mask != NULL,1,1,2
from->rank != -1 || to->corank == 0,1,1,2
TREE_CODE (expr) == INDIRECT_REF,1,1,2
"!bb || !VEC_index (basic_block, label_to_block_map, uid)",1,1,2
"""no line num"" == NULL",1,1,2
i >= 0 && insn_has_dfa_reservation_p (insn),1,1,2
hint != phi_num_args,1,1,2
"GET_CODE (XEXP (XEXP (dest, 0), 1)) == CONST_INT && REG_P (XEXP (XEXP (dest, 0), 0))",1,1,2
OBJECT_CONFLICT_ARRAY (obj) == NULL,2,0,2
"TREE_CODE (decl) == TYPE_EXPR, 195",1,1,2
"memsetp ? SET_BY_PIECES_P (len, align) : STORE_BY_PIECES_P (len, align)",1,1,2
"GET_CODE (XVECEXP (op, 0, 0)) == SET",2,0,2
REG_P (find) || (GET_CODE (find) == SUBREG && REG_P (SUBREG_REG (find))),1,1,2
"v, 20021103",1,1,2
parm_maybe_byref_p (parm),1,1,2
PRE_EXPR_REFERENCE (e)->operands,1,1,2
other->have_orig_conflicts || other->type == PRECOLORED,1,1,2
whole_program || in_lto_p || !TREE_PUBLIC (node->symbol.decl),1,1,2
cfa->indirect,1,1,2
"op, e, bsi, EQ_EXPR, op, boolean_true_node",1,1,2
TREE_CODE (node) == CALL_EXPR,1,1,2
"offset == -1 || ipcp_val_in_agg_replacements_p (aggvals, index, offset, val->value)",1,1,2
!TREE_ADDRESSABLE (type) && COMPLETE_TYPE_P (type) && TREE_CODE (TYPE_SIZE_UNIT (type)) == INTEGER_CST,1,1,2
!reg_info_p,2,0,2
"!htab_find (*statements, t)",1,1,2
slot && *slot == victim,1,1,2
gimple_code (t) != GIMPLE_RESX,1,1,2
"args == NULL || VEC_empty (tree, *args)",1,1,2
scratch_class == class,1,1,2
is_gimple_omp (stmt),2,0,2
!gimple_call_cannot_inline_p (edge->call_stmt),1,1,2
!t || (CONTAINING_RGN (b->index) != CONTAINING_RGN (BB_TO_BLOCK (src))),2,0,2
TREE_CODE (ref) == METHOD_TYPE,1,1,2
TREE_CODE (type) == ARRAY_TYPE || TREE_CODE (type) == VECTOR_TYPE || TREE_CODE (type) == RECORD_TYPE || TREE_CODE (type) == UNION_TYPE || TREE_CODE (type) == COMPLEX_TYPE,1,1,2
"!THUNK_ALIAS_P (thunk_fndecl), 20031023",1,1,2
"c && (c->bind_expr_stack == NULL || VEC_empty (gimple, c->bind_expr_stack))",1,1,2
order_pos == symtab->cgraph_count,2,0,2
"TREE_CODE (parm_parms) == TREE_VEC, 0",1,1,2
LABEL_P (operands[1]),1,1,2
"op0, code, val, NULL, e, bsi",1,1,2
c->ts.cl && c->ts.cl->length,1,1,2
STMT_SLP_TYPE (stmt_info) == loop_vect,1,1,2
CALL_P (insn) || can_throw_internal (insn),1,1,2
stmt_could_throw_p (icall_stmt),1,1,2
0 != result,2,0,2
IS_EXPR_CODE_CLASS (kind) && TREE_CODE_LENGTH (code) == 2,1,1,2
si->length,1,1,2
"REGNO (XEXP (XEXP (dest, 0), 0)) == STACK_POINTER_REGNUM && cfa_store.reg == DW_STACK_POINTER_REGNUM",1,1,2
index < df_rd->block_info_size,1,1,2
arm_fp_model != ARM_FP_MODEL_UNKNOWN,1,1,2
"__valid_range(__first, __last)",1,1,2
*nsize < MPNSIZE,2,0,2
info->base == info->base_term,2,0,2
TREE_STATIC (vnode->symbol.decl),1,1,2
"""apple"", find_closest_string (""app"", &candidates)",2,0,2
"sizeof(_Tp) < 0, ""std::hash is not specialized for this type""",1,1,2
unchanged,1,1,2
(INSN_DEP_COUNT (next) != 0 || !LOG_LINKS (next)) && (LOG_LINKS (next) || INSN_DEP_COUNT (next) == 0),1,1,2
selected,2,0,2
item_objGlobPtr,1,1,2
"bitmap_equal_p (saved_kill, bb_info->kill)",1,1,2
s == 0,1,1,2
DECL_EXTERNAL (decl) && TREE_PUBLIC (decl) && DECL_DLLIMPORT_P (decl),1,1,2
EDGE_COUNT (control_bb->preds) == 1,1,1,2
!BLOCK_VARS (*t),1,1,2
"!(TREE_CHAIN (component) == NULL_TREE && DECL_CHAIN (TREE_VALUE (component)) == NULL_TREE), 309",1,1,2
file->elf,1,1,2
!opt->value,1,1,2
gimple_omp_for_kind (for_stmt) == GF_OMP_FOR_KIND_CILKSIMD,1,1,2
(DWARF_FRAME_REGNUM (ranges[1].end) - DWARF_FRAME_REGNUM (ranges[1].beg)) == ranges[1].end - ranges[1].beg,1,1,2
ref->u.ar.as->corank > 0 && ref->u.ar.as->rank == 0,1,1,2
cnt == TYPE_VECTOR_SUBPARTS (type),1,1,2
"""Unexpected kind of format item in V018 REWRITE"" == NULL",1,1,2
targetm.have_conditional_execution () && reload_completed,1,1,2
HAVE_conditional_execution && reload_completed,1,1,2
remember_row != NULL,1,1,2
cst_fits_shwi_p (mask),1,1,2
chain == NULL || TREE_CODE (chain) == ADDR_EXPR || DECL_P (chain),1,1,2
data->icode < 0,1,1,2
extension_code != UNKNOWN,1,1,2
"GET_CODE (ret_ptr) == PLUS && REG_P (XEXP (ret_ptr, 0)) && GET_CODE (XEXP (ret_ptr, 1)) == CONST_INT",1,1,2
"type, iv0, iv1, niter",1,1,2
!unswitch_on->succ->succ_next->succ_next,1,1,2
sub->n_map_members == 0 && sub->cost_map == NULL,1,1,2
r.a[2] == -1,2,0,2
n_bytes == 1,1,1,2
tree_contains_struct[CONST_DECL][TS_DECL_WRTL],1,1,2
TREE_CODE (then_) == GOTO_EXPR && TREE_CODE (GOTO_DESTINATION (then_)) == LABEL_DECL && TREE_CODE (else_) == GOTO_EXPR && TREE_CODE (GOTO_DESTINATION (else_)) == LABEL_DECL,1,1,2
"TREE_CODE (fndecl) == FUNCTION_DECL, 251",1,1,2
TYPE_PRECISION (TREE_TYPE (TREE_TYPE (str))) == TYPE_PRECISION (wchar_type_node),1,1,2
count == num,1,1,2
(flags & (SECTION_DEBUG | SECTION_NAMED)) == (SECTION_DEBUG | SECTION_NAMED),2,0,2
i < MAX_BIGNUMS,1,1,2
values_long.i7 == i7,2,0,2
use_se && curr_ref_s && extension_set,1,1,2
dist.fits_uhwi_p (),1,1,2
size == 8,1,1,2
REG_P (t),1,1,2
instruction,1,1,2
"__b <= (__detail::_Shift<_UIntType, __w>::__value - 1), ""mersenne_twister_engine template arguments out of bounds""",1,1,2
! DECL_BIT_FIELD (field),1,1,2
"base_fndecls != error_mark_node, 176",1,1,2
flag_var,1,1,2
TREE_INT_CST_NUNITS (t) == int (cst.get_len ()),1,1,2
TREE_CHAIN (args) == NULL_TREE,1,1,2
stmt->LB && stmt->UB,1,1,2
!df->regs[regno].uses,1,1,2
TREE_CODE (log_call) == CALL_EXPR,1,1,2
!info->live_update,1,1,2
se->ss->dimen == se->loop->dimen,2,0,2
"op, code, val, NULL, e, bsi",1,1,2
DECL_EXTERNAL (entry->namespace_decl),1,1,2
is_gimple_operand (arg),1,1,2
((p->prev_size + sz) & (av->pagesize-1)) == 0,1,1,2
x == opbuild_num_elems (&FINALIZE_OPBUILD),1,1,2
dt != vect_reduction_def,1,1,2
!tv->standalone,2,0,2
"""problem with `bar' at line 10"", ""problem with %qs at line %i"", ""bar"", 10",1,1,2
"named_labels == NULL_TREE, 134",1,1,2
top_p,1,1,2
"type_spec != NULL, 20000328",1,1,2
type == unknown_type_node || NULLPTR_TYPE_P (type) || type == init_list_type_node,1,1,2
!neg_p (x),1,1,2
cond1_code == GE_EXPR || cond1_code == LE_EXPR,1,1,2
bb->index - (INVALID_BLOCK+1) < c->length,1,1,2
id.dst_node->symbol.definition,1,1,2
!bb_info->ause,1,1,2
!sibcall,1,1,2
"possible_polymorphic_call_target_p (otr, call, cgraph_node::get (fndecl))",1,1,2
(unsigned long)&u2.d == rsp+72,1,1,2
"!strchr (IDENTIFIER_POINTER (v1), '.') && !strchr (IDENTIFIER_POINTER (v2), '.')",1,1,2
lp->save_var != NULL,2,0,2
!last || !NEXT_INSN (last),1,1,2
!unexpected,1,1,2
(!CALL_P (insn) || CONST_OR_PURE_CALL_P (insn)) && !LABEL_P (insn),1,1,2
entry->rhs < num_subexprs,2,0,2
undef > 0,1,1,2
subss != gfc_ss_terminator,1,1,2
"!same_type_p (BINFO_TYPE (binfo), t), 20010124",1,1,2
"uid <= VEC_length (vec_void_p, stmt_vec_info_vec)",1,1,2
"__b <= (__detail::_Shift<_UIntType, __w>::__value - 1), ""template argument __b out of bound""",1,1,2
"((tweb->type == PRECOLORED || TEST_BIT (sup_igraph, tweb->id * num_webs + wl->t->id)) && (wl->t->type == PRECOLORED || TEST_BIT (sup_igraph, wl->t->id * num_webs + tweb->id))) || !hard_regs_intersect_p (&tweb->usable_regs, &wl->t->usable_regs)",1,1,2
gdk_pixbuf_get_bits_per_sample (buf) == bits_per_sample,1,1,2
"vtbl_ptr != error_mark_node, 20010730",1,1,2
"TREE_CODE (value) != TREE_LIST, 999",1,1,2
REG_LIVE_LENGTH (i),1,1,2
"OP,VEC(TDEF)",1,1,2
TREE_CODE (label_op) == TREE_LIST,1,1,2
"""hello world "", 11",2,0,2
x_change == y_change,1,1,2
vect [vect_length - 1] != undefined_vect_el_value,1,1,2
DECL_P (decl1) && DECL_P (decl2),1,1,2
push_type_0 (type),1,1,2
MEM_P (x) && MEM_P (y),2,0,2
" (EDGE_COUNT (bb->succs) > 1 && !BARRIER_P (NEXT_INSN (head))) || (EDGE_COUNT (bb->succs) == 1 && (BB_HEAD (EDGE_I (bb->succs, 0)->dest) == JUMP_LABEL (head)))",1,1,2
TREE_CODE (field_offset) == INTEGER_CST && TREE_CODE (byte_offset) == INTEGER_CST && TREE_CODE (field_size) == INTEGER_CST,1,1,2
recog_data.n_operands == 3,2,0,2
alias || TREE_CODE (t) != FUNCTION_DECL || (cgraph_get_node (t) && cgraph_get_node (t)->analyzed),1,1,2
r.a[3] == 50,2,0,2
BLOCK_FOR_INSN (head) == bb,1,1,2
call_used_regs [REGNO (dest)] && (!fixed_regs [REGNO (dest)] || DWARF_FRAME_REGNUM (REGNO (src)) == DWARF_FRAME_RETURN_COLUMN),1,1,2
pfile->assertion_hashtab[i],1,1,2
TREE_CODE (poly0) == POLYNOMIAL_CHREC,2,0,2
!POINTER_TYPE_P (TREE_TYPE (right)),1,1,2
loop1 && loop2 && loop1 != loop2 && LST_LOOP_P (loop1) && LST_LOOP_P (loop2),1,1,2
arr[i] == 3 + i * 2,2,0,2
sel_sched_p (),1,1,2
m_ranges[0].m_show_caret_p,1,1,2
old->reg[reg] == new->reg[reg],1,1,2
av->n_mmaps <= av->n_mmaps_max,1,1,2
opmode != BLKmode,1,1,2
bp[i] == get_attr_enabled (insn),1,1,2
"tparms != NULL_TREE && TREE_CODE (tparms) == TREE_LIST, 0",1,1,2
phi_ssa_name (tmp),1,1,2
!addr->symbol ^ !addr->base,1,1,2
 gen_e_list_length(split.matched1) == gen_e_list_length(split.matched2) ,1,1,2
TREE_CODE (parmtype) == POINTER_TYPE,1,1,2
first_code == (and_them ? ORDERED : UNORDERED),2,0,2
this_target_optabs == &default_target_optabs,1,1,2
TREE_CODE (new_decl) == VAR_DECL || TREE_CODE (new_decl) == FUNCTION_DECL,1,1,2
CPU_M88110 == 1,1,1,2
badness <= INT_MAX - 1,1,1,2
cfa_reg == HARD_FRAME_POINTER_REGNUM,1,1,2
TYPE_MODE (t1) == TYPE_MODE (t2),1,1,2
"__if_hash_not_cached< is_default_constructible<__hash_code_base_access>>::value, ""Cache the hash code or make functors involved in hash code"" "" and bucket index computation default constructible""",1,1,2
separate_args == ((option->flags & CL_SEPARATE_NARGS_MASK) >> CL_SEPARATE_NARGS_SHIFT) + 1,1,1,2
 (*(long*)&island->instructions[0]) == kIslandTemplate[0] ,1,1,2
op_type == unary_op || op_type == binary_op,1,1,2
!cs->blocked_stmt_expr,1,1,2
node->clone_of,1,1,2
current_function_decl,2,0,2
POINTER_TYPE_P (TREE_TYPE (orig)),1,1,2
(r1val.lattice_val == CONSTANT && TREE_CODE (r1val.value) == INTEGER_CST) || r1val.mask.minus_one_p (),1,1,2
!is_positive_overflow_infinity (anti_max),1,1,2
w <= 16,1,1,2
dom_computed[dir] >= DOM_NO_FAST_QUERY,1,1,2
(!old_node && new_node) || old_resolution == LDPR_PREEMPTED_IR || old_resolution == LDPR_RESOLVED_IR || (old_resolution == new_resolution && !flag_no_common),1,1,2
TREE_CODE (arg) == POINTER_TYPE,1,1,2
stmt_escape_type == ESCAPE_BAD_CAST || stmt_escape_type == ESCAPE_STORED_IN_GLOBAL || stmt_escape_type == ESCAPE_UNKNOWN,1,1,2
src1_hard_regnum != -1,1,1,2
"name, e, si, cond, is_else_edge",1,1,2
alias || TREE_CODE (t) != VAR_DECL || varpool_get_node (t)->finalized,1,1,2
derived->attr.flavor == FL_DERIVED,1,1,2
get_symbol_class (node) == SYMBOL_DUPLICATE || DECL_COMDAT (node->symbol.decl) || !symbol_partitioned_p (node),1,1,2
sym->formal->next->sym->attr.intent == INTENT_IN,1,1,2
!BB_INFO (bb)->pred_count,1,1,2
TREE_CODE (component_type) == RECORD_TYPE && TYPE_BINFO (component_type),1,1,2
TYPE_MINVAL (expr) == TYPE_MINVAL (mv),1,1,2
tmp.elt (l - 2) >= 0,1,1,2
TYPE_SIZE_UNIT (expr) == TYPE_SIZE_UNIT (mv),1,1,2
TREE_CODE (exp) == SSA_NAME,2,0,2
TREE_INT_CST_LOW ((tree)*slot) == low && TREE_INT_CST_HIGH ((tree)*slot) == hi,1,1,2
code != VEC_RSHIFT_EXPR,1,1,2
"__w >= __u, ""mersenne_twister_engine template arguments out of bounds""",1,1,2
buf != NULL,1,1,2
NOTE_INSN_BASIC_BLOCK_P (head),1,1,2
is_gimple_assign (s1),1,1,2
overhang == 0,1,1,2
GET_MODE_INNER (mode) == VOIDmode,1,1,2
!node || !node->local.finalized,1,1,2
"DECL_CONTEXT (decl) == NULL_TREE, 392",1,1,2
"!NONJUMP_INSN_P (insn) || !pre || TEST_BIT (antloc[bb->index], expr->bitmap_index) || TEST_BIT (transp[bb->index], expr->bitmap_index)",1,1,2
bb == bb_for_stmt (*phi),1,1,2
DECL_P (member) || BASELINK_P (member),2,0,2
ix86_cfa_state->reg == src,1,1,2
p->previous->head->next != NULL,1,1,2
pre_order_num == n_basic_blocks - NUM_FIXED_BLOCKS,1,1,2
new_bb == EXIT_BLOCK_PTR,1,1,2
td->__code == GO_SLICE,1,1,2
"useless_type_conversion_p (type, access->type)",1,1,2
sizeof (unsigned int) == sizeof (aKey),1,1,2
*equiv_class_ptr,1,1,2
min != TYPE_MIN_VALUE (TREE_TYPE (min)) || max != TYPE_MAX_VALUE (TREE_TYPE (max)),1,1,2
"__d <= (__detail::_Shift<_UIntType, __w>::__value - 1), ""mersenne_twister_engine template arguments out of bounds""",1,1,2
status == PATH_TAKEN,1,1,2
"current_binding_level->kind != sk_class, 19990916",1,1,2
!DECL_CLASS_SCOPE_P (TYPE_MAIN_DECL (pattern)) || COMPLETE_TYPE_P (TYPE_CONTEXT (type)) || TYPE_BEING_DEFINED (TYPE_CONTEXT (type)),1,1,2
dr != NULL,2,0,2
"x == VEC_length (tree, FINALIZE_OPBUILD)",1,1,2
no >= last_def_id || web_parts[no].ref == df->defs[no],1,1,2
(r2val.lattice_val == CONSTANT && TREE_CODE (r2val.value) == INTEGER_CST) || r2val.mask.minus_one_p (),1,1,2
result->self == it,1,1,2
COND_EXPR_THEN (stmt) == NULL_TREE,1,1,2
"cfa_reg == REGNO (XEXP (XEXP (dest, 0), 0))",1,1,2
double_int_fits_in_uhwi_p (i),1,1,2
htab->entries != NULL,1,1,2
*bufStart == '\0',1,1,2
r.a[1] == 0xff,2,0,2
nthreaded_edges < n_basic_blocks,1,1,2
sched_cfv4_bypass_data.pro == NULL && sched_cfv4_bypass_data.con == NULL && sched_cfv4_bypass_data.scale == 0,2,0,2
"op, e, bsi, TREE_CODE (cond), TREE_OPERAND (cond, 0), TREE_OPERAND (cond, 1)",1,1,2
*loc == NULL,1,1,2
vec1 != NULL,1,1,2
pb->num_vars >= pb->safe_vars,1,1,2
"alloc_fn != NULL_TREE, 20020325",1,1,2
"expand_vec_perm_expr_p (mode, v0, v1, mask)",1,1,2
ecr->type == VAR_TYPE,1,1,2
TREE_INT_CST_NUNITS (x) == 2,1,1,2
contains_polymorphic_type_p (base_type) && contains_polymorphic_type_p (component_type),1,1,2
current_nr_blocks == 1,1,1,2
d->op0 != d->op1,1,1,2
type_bit & (T_DREG | T_QREG),1,1,2
GET_CODE (op0) == SUBREG && (GET_MODE_SIZE (GET_MODE (op0)) == GET_MODE_SIZE (GET_MODE (SUBREG_REG (op0)))),1,1,2
QUEUE_INDEX (insn) >= 0,2,0,2
single_succ (loop->latch) == tgt_bb,1,1,2
TREE_CODE (array) == ADDR_EXPR,1,1,2
"current_class_ref == NULL_TREE, 19990908",1,1,2
TYPE_MAX_VALUE (expr) == TYPE_MAX_VALUE (mv),1,1,2
!BINFO_VPTR_INDEX (binfo),2,0,2
n == ACTUAL_GANGS * 2,1,1,2
"VEC_length (vect_el_t, tab->comb_vect) >= comb_vect_index + real_vect_length",1,1,2
"TREE_CODE (basetype_path) == TREE_BINFO, 20030624",1,1,2
TREE_CODE (mem_expr) == COMPONENT_REF,1,1,2
GET_MODE_CLASS (GET_MODE (*reg)) == MODE_FLOAT || GET_MODE_CLASS (GET_MODE (*reg)) == MODE_COMPLEX_FLOAT,1,1,2
dest_regno == HARD_FRAME_POINTER_REGNUM && frame_pointer_needed,1,1,2
ffestc_label_ != NULL,1,1,2
nregs <= 9,1,1,2
node->clone_of || !cgraph_function_with_gimple_body_p (node) || DECL_RESULT (node->symbol.decl),1,1,2
(DECL_INITIAL (decl) == NULL) || (DECL_INITIAL (decl) == error_mark_node) || initializer_zerop (DECL_INITIAL (decl)),2,0,2
"GIMPLE_RETURN, gimple_code (stmt)",2,0,2
!partially_mangled_name,1,1,2
!I_SYMBOL_BINDING (name),1,1,2
"TREE_CODE (rhs) == OVERLOAD, 980401",1,1,2
in_lto_p || DECL_RESULT (node->symbol.decl),1,1,2
GC_size(p) >= sizeof(oh) + sz,2,0,2
"TREE_CODE (t_op0) == ARRAY_TYPE && POINTER_TYPE_P (t_expr) && cpt_same_type (TREE_TYPE (t_op0), TREE_TYPE (t_expr)) && POINTER_TYPE_P (t_op00) && cpt_same_type (t_op0, TREE_TYPE (t_op00))",1,1,2
in_set,1,1,2
page_region(i) == r,1,1,2
!v->replaceable,1,1,2
ffelex_token_type (integer) == FFELEX_typeNUMBER,1,1,2
lhs.type != INCLUDES,1,1,2
start_here >= 0,1,1,2
!NEXT_INSN (insn),1,1,2
"name == get_identifier (""::""), 377",1,1,2
m == spaces + 1,1,1,2
"binfo == binfo_member (BINFO_TYPE (binfo), CLASSTYPE_VBASECLASSES (current_class_type)), 170",1,1,2
web1->type == web2->type,1,1,2
"strcmp (a->name, ((char *) (a->where)) + a->size) == 0",1,1,2
"sd_lists_empty_p (insn, SD_LIST_FORW)",2,0,2
t->_M_left == NULL and t->_M_right == NULL,1,1,2
"rhs == GIMPLE_STMT_OPERAND (stmt, 1)",1,1,2
"1, bb_a->preds->length ()",2,0,2
1 <= __result->_M_refcount,1,1,2
m_ann->mem_tag_kind == TYPE_TAG,1,1,2
bits <= HOST_BITS_PER_WIDE_INT,1,1,2
GET_CODE (sel) == CONST_VECTOR,2,0,2
CONSTANT_CLASS_P (new_name) || TREE_CODE (new_name) == SSA_NAME,2,0,2
REGNO (frame_reg_rtx) != 11,1,1,2
"POINTER_TYPE_P (TREE_TYPE (TREE_OPERAND (lhs, 0)))",1,1,2
model == MEMMODEL_RELAXED || model == MEMMODEL_RELEASE || MEM_VOLATILE_P (mem),1,1,2
! setst_is_var(e),1,1,2
offloaded && is_gimple_omp_oacc (stmt),1,1,2
old->lattice_val == VARYING || get_default_value (var).lattice_val != VARYING,1,1,2
offs,2,0,2
gimple_switch_num_labels (swtch) > 1,1,1,2
i == length + 1,1,1,2
"found == bk_via_virtual || found == bk_inaccessible, 20010723",1,1,2
DECL_CONTEXT (t),1,1,2
!hidden_name_p (binding),1,1,2
!t->common.ann || t->common.ann->common.type == TREE_ANN_COMMON,1,1,2
ts->type != BT_UNKNOWN,1,1,2
null_or_integer_zerop (iv1->step),1,1,2
cnode->analyzed == cnode->local.finalized,1,1,2
"TREE_CODE (member) == FIELD_DECL, 305",1,1,2
(unsigned long)&ls.l1 == esp+4,2,0,2
converted != argv[2],1,1,2
sizeof (hashval_t) * CHAR_BIT <= 32,2,0,2
"useless_type_conversion_p (type, chrec_type (poly0)) && useless_type_conversion_p (type, chrec_type (poly1))",2,0,2
"binfo != NULL_TREE, 20020712",1,1,2
da != NULL,1,1,2
TREE_CODE (sym->backend_decl) == PARM_DECL,1,1,2
channel->num_entries == 0,1,1,2
!src_cfun->calls_alloca,1,1,2
"(IDENTIFIER_GLOBAL_VALUE (mangled_name) == NULL_TREE) || (IDENTIFIER_GLOBAL_VALUE (mangled_name) == x), 378",1,1,2
!n_edges_for_fn (cfun),1,1,2
!optimize || !INSN_DELETED_P (after),1,1,2
!*v || *v == ' ' || *v == '-',1,1,2
!context || context == current_function_decl || TREE_STATIC (exp) || DECL_EXTERNAL (exp) || TREE_CODE (exp) == FUNCTION_DECL,1,1,2
TREE_INT_CST_LOW (size_tree) == ffeglobal_common_size (g),1,1,2
id->operand[1].mode == QImode,1,1,2
"l == NULL, 19990904",1,1,2
shift == 0,1,1,2
!stmt_can_throw_internal (stmt),2,0,2
"current_class_decl != NULL_TREE && TREE_CODE (current_class_decl) == PARM_DECL, 162",1,1,2
"unshared_base != binfo, 20010612",1,1,2
"EDGE_SUCC (bb, 0)->dest == EXIT_BLOCK_PTR",1,1,2
vr1.operands == shared_lookup_references,2,0,2
TREE_CODE (stmt) == PHI_NODE || TREE_CODE (stmt) == MODIFY_EXPR,1,1,2
!change,1,1,2
*inner_mode == *outer_mode || *extend != UNKNOWN,1,1,2
"!find_reg_note (insn, REG_BR_PROB, 0)",1,1,2
"possible_polymorphic_call_target_p (otr, cgraph_get_node (fndecl))",1,1,2
ira_may_move_in_cost[mode][cl1][cl2] == 0,1,1,2
"! b->namespace_p, 980716",1,1,2
!(prop_flags & PROP_ALLOW_CFG_CHANGES) || (extent != UPDATE_LIFE_LOCAL && !blocks),1,1,2
start >= 1,1,1,2
newreg,1,1,2
"!BINFO_PRIMARY_MARKED_P (B), 20000517",1,1,2
"(REGNO (XEXP (XEXP (dest, 0), 0)) == STACK_POINTER_REGNUM) && cfa_store.reg == dw_stack_pointer_regnum",1,1,2
DECL_SAVED_TREE (expr) == NULL_TREE,1,1,2
ira_may_move_out_cost[mode][cl1][cl2] == ira_max_may_move_out_cost[mode][cl1][cl2],1,1,2
!TARGET_AVOID_GOTPLT,1,1,2
a->type <= FFI_TYPE_LAST,1,1,2
"TREE_CODE (TMR_SYMBOL (*expr_p)) == ADDR_EXPR && (TREE_CODE (TREE_OPERAND (TMR_SYMBOL (*expr_p), 0)) == VAR_DECL)",1,1,2
!p->ref->next->next,1,1,2
receiver && selector_reference,1,1,2
"TREE_INT_CST_HIGH (offset) == 0, 20000313",1,1,2
BB_END (block_from) == insn,1,1,2
t == NULL or t->_M_color == std::_S_black,1,1,2
"template != NULL_TREE, 285",1,1,2
GET_CODE (PATTERN (insn)) == GET_CODE (PATTERN (orig_insn)),2,0,2
*init == NULL_TREE,1,1,2
"TREE_CODE (arg_parms) == TREE_VEC, 0",1,1,2
"s == t || m->type == CONSTRAINED || m->type == MV_COALESCED || t->type == PRECOLORED || (s->type == PRECOLORED && !ok (t, s)) || TEST_BIT (sup_igraph, s->id * num_webs + t->id) || TEST_BIT (sup_igraph, t->id * num_webs + s->id)",1,1,2
TREE_CODE (al) != MEMORY_PARTITION_TAG,1,1,2
__date_len >= DATE_LEN,1,1,2
pfx_PRIVATE_.num_PRIVATE_ > 0,1,1,2
global_gtk_window_group,1,1,2
"name[0] == '_' && name[1] == '_', 0",1,1,2
!MTAG_P (var_ann (var)->type_mem_tag),1,1,2
TREE_CODE (*expr_p) == MODIFY_EXPR || TREE_CODE (*expr_p) == GIMPLE_MODIFY_STMT || TREE_CODE (*expr_p) == INIT_EXPR,1,1,2
"__t <= __w, ""template argument __t out of bound""",1,1,2
!parm,1,1,2
class == MODE_INT || class == MODE_FLOAT || class == MODE_COMPLEX_FLOAT,1,1,2
code < CODE_FOR_nothing,1,1,2
pch_file,1,1,2
"is_reassociable_op (binlhs, TREE_CODE (rhs)) && is_reassociable_op (binrhs, TREE_CODE (rhs))",1,1,2
0 < remaining_commit_size && remaining_commit_size % g_pagesize == 0,1,1,2
dim < ndim + codim,1,1,2
ID < AVR_BUILTIN_COUNT,1,1,2
"TREE_OPERAND (*expr_p, 0)",1,1,2
"param > 0, ""message""",2,0,2
node->local.finalized,1,1,2
node->stmt->common.ann == NULL,1,1,2
!(DEP_STATUS (link) & BEGIN_SPEC) && (DEP_STATUS (link) & BE_IN_SPEC) && (DEP_STATUS (link) & DEP_TYPES) == DEP_TRUE,1,1,2
double_int_fits_in_uhwi_p (dmax),1,1,2
!have_fastchunks(av),1,1,2
"VEC_length (tree, aliases) > 1",1,1,2
declname != NULL,2,0,2
"VEC_length (vect_el_t, tab->comb_vect) == VEC_length (vect_el_t, tab->check_vect)",1,1,2
TREE_TYPE (t) == type,1,1,2
result == PHI_RESULT (phi),1,1,2
"LLE_DENOMINATOR (offset) == 1 && lambda_vector_zerop (LLE_COEFFICIENTS (offset), depth)",1,1,2
ALLOCNO_IN_GRAPH_P (allocno) && ALLOCNO_COVER_CLASS (allocno) == cover_class && (ALLOCNO_LEFT_CONFLICTS_NUM (allocno) + ira_reg_class_nregs[cover_class][ALLOCNO_MODE (allocno)] > ALLOCNO_AVAILABLE_REGS_NUM (allocno)),1,1,2
bb != 0,1,1,2
!AGGREGATE_TYPE_P (TREE_TYPE (PHI_RESULT (t))),1,1,2
TREE_CODE (op) == MODIFY_EXPR,1,1,2
"VEC_index (vect_el_t, tab->comb_vect, comb_vect_index + vect_index) == undefined_vect_el_value",1,1,2
fterror == 0,1,1,2
DECL_P (decl) && referenced_var_lookup (DECL_UID (decl)),1,1,2
rhs_acc.second_op,1,1,2
double_int_fits_in_shwi_p (idx),1,1,2
"0u < __w && __w <= std::numeric_limits<_UIntType>::digits, ""template argument substituting __w out of bounds""",2,0,2
a && AT_class (a) == dw_val_class_die_ref,2,0,2
EDGE_COUNT (bb->succs) == 1 && BARRIER_P (NEXT_INSN (head)),1,1,2
elem_bits * nunits == vector_bits,1,1,2
new_insn && INSN_P (new_insn),1,1,2
handler != NULL,1,1,2
TREE_CODE (TREE_TYPE (type)) == VOID_TYPE,1,1,2
BLOCK_SOURCE_LOCATION (scope) == UNKNOWN_LOCATION,1,1,2
i != NR_C_MODES,2,0,2
VUSE_OPS (stmt)->next == NULL,1,1,2
"!(b == global_binding_level && !TREE_PERMANENT (decl)), 19990817",1,1,2
"TREE_USED (decl), 990125",1,1,2
p->same_p[mode] == -2,1,1,2
"VEC_index (varinfo_t, varmap, 3) == var_escaped",1,1,2
index <= gs->gimple_asm.no && TREE_CODE (out_op) == TREE_LIST,1,1,2
!is_global_var (var),1,1,2
!WEBS(FREEZE),1,1,2
"debug_check_temp_file[1] && strcmp (debug_check_temp_file[0], debug_check_temp_file[1])",1,1,2
"TREE_CODE (decl) == TYPE_DECL, 288",1,1,2
"num_tokens () == 0, 2837",1,1,2
ipa_type_escape_star_count_of_interesting_type (from_type) == 0,1,1,2
e->flags & EDGE_FALSE_VALUE,1,1,2
info->self_size == info->size,1,1,2
hi_index < bit_size,1,1,2
web1->uses[i] == web2->uses[i],1,1,2
values_int.i7 == i7,2,0,2
INSN_P (insns),1,1,2
flag_strict_aliasing || (!MEM_ALIAS_SET (mem1) && !MEM_ALIAS_SET (mem2)),1,1,2
!bb_vinfo && (relevance == vect_used_in_outer || relevance == vect_used_in_outer_by_reduction || relevance == vect_unused_in_scope),1,1,2
"!arglist || TREE_CODE (arglist) == TREE_VEC, 20030726",1,1,2
"!sbitmap_any_common_bits (tmp, sccs->sccs[i]->nodes)",1,1,2
r.a[0] == -42,2,0,2
BLOCK_FOR_INSN (insn) == last_bb && !RECOVERY_BLOCK (insn) && BB_HEAD (last_bb) != insn && BB_END (last_bb) == insn,1,1,2
x && *x == NULL,1,1,2
get_varinfo (i)->node == i,1,1,2
!cfi || (flag_non_call_exceptions && can_throw_internal (insn)),1,1,2
DECL_ONE_ONLY (old_node->decl),1,1,2
!e->aux,1,1,2
try->type == ERT_TRY,1,1,2
"!pre || TEST_BIT (antloc[bb->index], expr->bitmap_index) || TEST_BIT (transp[bb->index], expr->bitmap_index)",1,1,2
(unsigned long)&ms7.x == rsp+392,1,1,2
num_threads > 0,1,1,2
"tree_int_cst_equal (BV_VCALL_INDEX (derived_virtuals), vod->index), 20000516",1,1,2
code >= 0 && code < (int)RS6000_BUILTIN_COUNT,1,1,2
!DECL_HAS_IN_CHARGE_PARM_P (convfn) && !DECL_HAS_VTT_PARM_P (convfn),1,1,2
!xargs || TREE_CODE (xargs) == TREE_LIST,1,1,2
c && !c->current_bind_expr,1,1,2
node->symbol.same_comdat_group,1,1,2
loc->dw_loc_opc == DW_OP_addr,1,1,2
str.u == u,2,0,2
!is_gimple_reg (sym),1,1,2
chrec_type (poly1) == sizetype,1,1,2
!t->partition_dep_list[x],1,1,2
VARRAY_ACTIVE_SIZE (g->const_copies) == 0,1,1,2
!arg->locate.offset.var && arg->locate.size.var == 0 && GET_CODE (size_rtx) == CONST_INT,1,1,2
(ptrval.lattice_val == CONSTANT && TREE_CODE (ptrval.value) == INTEGER_CST) || ptrval.mask == -1,1,1,2
sizeof(_t) == (_size),2,0,2
elt->is_scalar,1,1,2
TREE_INT_CST_HIGH (DECL_SIZE_UNIT (cbt)) == 0,1,1,2
nsaved == frame.nregs,2,0,2
"TREE_CODE (alloc_call) == CALL_EXPR, 20000521",1,1,2
!second_test,1,1,2
"__builtin_memcmp (&a15, &n15, sizeof (a15)) == 0",2,0,2
(unsigned long)&ls.l2 == esp+8,2,0,2
BUILTIN_VALID_P (fncode) && builtin_info[uns_fncode].decl != NULL_TREE,2,0,2
!TARGET_REGISTER_P (reg) && ((reg != PR_REG && !SPECIAL_REGISTER_P (reg)) || mem_rtx == pre_dec),1,1,2
TREE_CODE (call) == CALL_EXPR || TREE_CODE (call) == AGGR_INIT_EXPR,1,1,2
is_aligned(chunk2mem(p)),2,0,2
is_gimple_min_invariant (e),1,1,2
index < df_live->block_info_size,1,1,2
"hard_reg_set_subset_p (used_by_pseudos2, chain->used_spill_regs)",1,1,2
find (i) == i,1,1,2
"sese_loop_depth (s, loop) > 0",1,1,2
"u < num_nodes && u >= 0 && !TEST_BIT (tmp, u)",1,1,2
"53, line_size",1,1,2
ef && single_pred_p (ef->dest) && !phi_nodes (ef->dest) && ef->dest != EXIT_BLOCK_PTR,1,1,2
TREE_INT_CST_LOW (DECL_SIZE_UNIT (eqt)) == ffestorag_size (eqst) + ffestorag_modulo (eqst),1,1,2
"at_eof, 20040727",1,1,2
"gt_pch_note_object (h->m_entries, h, hashtab_entry_note_pointers<D>)",1,1,2
"cname == DECL_NAME (of), 256",1,1,2
!TREE_CHAIN (elt_list),1,1,2
REG_P (slot),2,0,2
"subreg_offset_representable_p (REGNO (reg), GET_MODE (reg), SUBREG_BYTE (x), mode)",1,1,2
curr || ref_contains_array_ref (orig_t),1,1,2
"(TREE_CODE (BASELINK_FUNCTIONS (name)) == TEMPLATE_ID_EXPR), 20020909",1,1,2
(TREE_CODE (ret_expr) == MODIFY_EXPR || TREE_CODE (ret_expr) == GIMPLE_MODIFY_STMT || TREE_CODE (ret_expr) == INIT_EXPR) && TREE_CODE (result_decl) == RESULT_DECL,1,1,2
"TREE_CODE (t) == FUNCTION_DECL || TREE_CODE (t) == VAR_DECL, 294",1,1,2
GET_CODE (x) == REG && REGNO_REG_CLASS (REGNO (x)) == CIRRUS_REGS,1,1,2
c->die_abbrev != mark,1,1,2
nregs != 0,1,1,2
next_stmt == NULL,1,1,2
next == av->top || inuse(next),1,1,2
ffi_type_test(*ptr),1,1,2
(unsigned long)&ms5.x == rsp+264,1,1,2
"expected, true, fmt, &ap",1,1,2
TREE_CODE (oldiv_stmt) == PHI_NODE || NUM_DEFS (STMT_DEF_OPS (oldiv_stmt)) == 1,1,1,2
GET_CODE (addr) != AND,2,0,2
ALLOCNO_COVER_CLASS (a) == cover_class,1,1,2
SCOP_ADD_PARAMS (scop),1,1,2
!(GET_CODE (oldval) == SUBREG && GET_CODE (SUBREG_REG (oldval)) == CONST_INT),1,1,2
e == NULL,2,0,2
TREE_CODE (decl) == PARM_DECL,2,0,2
"size_ >= 0 && VEC_length (T, *vec_) <= (unsigned)size_, ""grow"", T, A",1,1,2
"sbitmap_popcount (dst->wordmask, dst->wordmask->n_bits) == neweltindex",1,1,2
VECTOR_MODE_P (TYPE_MODE (type_out)),1,1,2
"0, 20020917",1,1,2
max_splinters >= 1,1,1,2
x_code == CONST_INT,1,1,2
p->context_depth < depth || (p->context_depth == depth && !save_in_use_p (p)),1,1,2
"TREE_CODE (name) == IDENTIFIER_NODE, 20030802",1,1,2
TREE_INT_CST_HIGH (rhs) == 0,1,1,2
REGNO (addis_reg) == REGNO (target),1,1,2
curr_bb_num < last_bb && curr_bb_num >= 0,1,1,2
GET_CODE (operands[0]) != MEM || offsettable_memref_p (operands[0]),1,1,2
"TREE_CODE (parms) == TREE_LIST, 290",1,1,2
*rtx_slot == NULL,1,1,2
a->type > FFI_TYPE_VOID ? a->size > 0 : 1,1,1,2
!INSN_P (first) || GET_CODE (PATTERN (first)) == USE || ((GET_CODE (PATTERN (first)) == ADDR_VEC || GET_CODE (PATTERN (first)) == ADDR_DIFF_VEC) && prev_real_insn (first) != 0 && JUMP_P (prev_real_insn (first))),1,1,2
"TREE_CODE (t) == FUNCTION_DECL, 20000521",1,1,2
"TREE_INT_CST_ELT (t, i) == cst.elt (i)",1,1,2
associate_gnat_to_gnu[gnat_entity - First_Node_Id],1,1,2
to_del,1,1,2
"XINT (x, 1) == CRIS_UNSPEC_PLT && ((GET_CODE (XVECEXP (x, 0, 0)) == SYMBOL_REF) || GET_CODE (XVECEXP (x, 0, 0)) == LABEL_REF)",1,1,2
"type != 0, 81",1,1,2
old_die->die_parent == context_die,1,1,2
tail && tail->next == NULL,1,1,2
"sizeof(fenv_t) <= (size_t) GFC_FPE_STATE_BUFFER_SIZE, ""GFC_FPE_STATE_BUFFER_SIZE is too small""",2,0,2
mopt == MO_VAL_LOC,1,1,2
new_ptr == chunk->data,1,1,2
"(TREE_CODE (DECL_TI_TEMPLATE (t)) == LOOKUP_EXPR) || (TREE_CODE (DECL_TI_TEMPLATE (t)) == IDENTIFIER_NODE), 0",1,1,2
"arg, 20030727",1,1,2
TREE_CODE (decl) != VAR_DECL || !DECL_VTABLE_OR_VTT_P (decl),1,1,2
TREE_CODE (klass) == PROTOCOL_INTERFACE_TYPE,1,1,2
defstmt,1,1,2
icode != 0,2,0,2
v->type == VAR_TYPE,1,1,2
ALLOCNO_LEFT_CONFLICTS_SIZE (conflict_allocno) >= size,1,1,2
addrtype != CRX_INVALID,1,1,2
index < pbb_nb_scattering_transform (pbb),1,1,2
"TREE_CODE (decl) == FIELD_DECL, 20020909",1,1,2
node->finalized || !node->analyzed,1,1,2
"ARITHMETIC_TYPE_P (t2) || TREE_CODE (t2) == COMPLEX_TYPE || TREE_CODE (t2) == ENUMERAL_TYPE, 19990725",1,1,2
GET_CODE (out_exp) == SET,2,0,2
"bitmap_equal_p (bb->il.rtl->global_live_at_end, glat_end[i])",1,1,2
GET_CODE (len) != CONST_INT || INTVAL (len) > 0,1,1,2
key_size != -1UL,2,0,2
crtl->is_thunk,1,1,2
min_len[i] <= insertee -> size,1,1,2
TREE_CODE (addr) == ADDR_EXPR,1,1,2
INSN_DEP_COUNT (insn) == 0,1,1,2
GET_CODE (in) == CONST_INT,1,1,2
SSA_NAME_VAR (var1) == SSA_NAME_VAR (var2),1,1,2
TREE_CODE (b->decl) != PARM_DECL || !DECL_WEAK (b->decl),1,1,2
POINTER_TYPE_P (TREE_TYPE (new)),1,1,2
MEM_P (retaddr),1,1,2
!data.len,1,1,2
vec_mask > 0 && vec_mask <= 3,1,1,2
info->dimen == 2,1,1,2
"""system=hiux""",1,1,2
GET_CODE (addr) == MEM,1,1,2
dest->needed || flag_unit_at_a_time,1,1,2
j == description->insns_num - (collapse_flag ? 2 : 1),2,0,2
0 < nr_regions && nr_regions <= n_basic_blocks,1,1,2
!optimize || flag_caller_saves || (ALLOCNO_CALLS_CROSSED_NUM (a) == ALLOCNO_CHEAP_CALLS_CROSSED_NUM (a)) || regno >= ira_reg_equiv_len || ira_reg_equiv_const[regno] || ira_reg_equiv_invariant_p[regno],1,1,2
t != stmt_list_cache || stmt_list_cache == NULL,1,1,2
copy_space > (char *)next_arg,1,1,2
regno <= LAST_STACK_REG,1,1,2
parm == decl,1,1,2
"TREE_CODE (sname) == CALL_EXPR, 157",1,1,2
"TREE_CODE (decl) == TYPE_DECL, 136",1,1,2
DECL_COMPLETE_CONSTRUCTOR_P (ctor) || DECL_MAYBE_IN_CHARGE_CONSTRUCTOR_P (ctor),1,1,2
!expr->common.ann || expr->common.ann->common.type != STMT_ANN,1,1,2
saw[0] != 0,2,0,2
(ptrval.lattice_val == CONSTANT && TREE_CODE (ptrval.value) == INTEGER_CST) || ptrval.mask.is_minus_one (),1,1,2
TREE_CODE (etype) == ARRAY_TYPE,1,1,2
!gcov_var.length || gcov_var.length == 1,1,1,2
node->has_gimple_body_p (),2,0,2
REGNO (operands[1]) != IP_REGNUM,1,1,2
stree->typebound->access != ACCESS_UNKNOWN,1,1,2
p->index == ce->index,1,1,2
id.dst_node->analyzed,1,1,2
"instance_field_count == VEC_length (constructor_elt, instance_fields)",1,1,2
IS_EXPR_CODE_CLASS (TREE_CODE_CLASS (TREE_CODE (parm))),1,1,2
old_bb == NULL || DF_REF_BB (ref) == old_bb,1,1,2
ret == 1,2,0,2
"__a <= __detail::_ShiftMin1<_UIntType, __w>::__value, ""mersenne_twister_engine template arguments out of bounds""",1,1,2
exponent < 10000,1,1,2
top_racc->first_child,1,1,2
datum,2,0,2
"datum != error_mark_node, 310",1,1,2
"sse_comparison_operator (x, VOIDmode)",1,1,2
rax == (unsigned long)struct_addr && rdi == rax,1,1,2
"current == fake_std_node, 393",1,1,2
"DECL_LANG_SPECIFIC (decl) != 0, 265",1,1,2
TREE_CODE (default_arg) == DEFAULT_ARG,1,1,2
!integer_zerop (lowxor),1,1,2
nops <= (unsigned int) insn_data[(int) icode].n_operands,1,1,2
e->dest == EXIT_BLOCK_PTR && single_succ_p (bb) && (e->flags & EDGE_FALLTHRU),1,1,2
"is_sorted(sd->sorting_places[iam], sd->sorting_places[iam] + length_local, comp)",1,1,2
"n != NULL, 19991203",1,1,2
"-1 != parameter_index_in_region_1 (e, SCOP_REGION (s))",1,1,2
MIN_DEP_WEAK <= ds && ds <= MAX_DEP_WEAK,1,1,2
"saved_trees != NULL_TREE, 0",1,1,2
expr->ts.kind == gfc_default_character_kind,1,1,2
symtab_get_symbol_partitioning_class (node) == SYMBOL_DUPLICATE || !symbol_partitioned_p (node),1,1,2
!ORIG_PAT (next) || !RECOVERY_BLOCK (next) || RECOVERY_BLOCK (next) == EXIT_BLOCK_PTR,1,1,2
char_ref != NULL,1,1,2
"TREE_CODE (parmtype) == POINTER_TYPE, 19990811",1,1,2
"TREE_CHAIN (void_list_node) == NULL_TREE, 161",1,1,2
gc != NULL,1,1,2
OMP_CLAUSE_CODE (clause) == OMP_CLAUSE_FIRSTPRIVATE,1,1,2
(unsigned long)&u2.f == rsp+72,1,1,2
DECL_LANG_SPECIFIC (new_decl) == NULL,1,1,2
CONST_INT_P (shift_amount),2,0,2
GET_CODE (x) == UNSPEC,1,1,2
state->labeled_blocks == end_label,1,1,2
! DECL_ANTICIPATED (new_fn),1,1,2
REG_X == REGNO (xop[0]) && REG_Z == REGNO (xop[1]),1,1,2
m1_size <= m2_size,1,1,2
srch,1,1,2
HOST_BITS_PER_LONG == HOST_BITS_PER_WIDE_INT,1,1,2
r == 912468,2,0,2
"GET_CODE (XEXP (minus, 1)) == SYMBOL_REF",1,1,2
"dup_count == VEC_length (int, acc.dupnums)",1,1,2
"TREE_CODE (parm) == TREE_LIST, 259",1,1,2
TREE_ASM_WRITTEN (node->decl),1,1,2
ffesta_confirmed_current_ || ffesta_inhibit_confirmation_,1,1,2
gimplify_omp_ctxp == outer_ctx,1,1,2
"constraint_len (p, d) == d",1,1,2
!current_function_decl || DECL_STRUCT_FUNCTION (current_function_decl) == cfun,1,1,2
icode < LAST_INSN_CODE,1,1,2
vfndecl != NULL_TREE,1,1,2
worker && GET_CODE (worker) != CODE_LABEL && GET_CODE (worker) != JUMP_INSN,1,1,2
TREE_CODE (TREE_TYPE (vect)) == VECTOR_TYPE,1,1,2
TREE_CODE (target) == POINTER_TYPE,1,1,2
"BASELINK_P (rhs), 990412",1,1,2
!nested_in_vect_loop && !STMT_VINFO_GATHER_SCATTER_P (stmt_info),1,1,2
(unsigned long)&u7.d == rsp+392,1,1,2
no_new_pseudos,1,1,2
!node || node->symbol.type == SYMTAB_VARIABLE,1,1,2
"TREE_CODE (binrhs) != SSA_NAME || !is_reassociable_op (SSA_NAME_DEF_STMT (binrhs), rhscode)",1,1,2
ptr_regno == REGNO (frame_reg_rtx) && info->fp_save_offset + info->fp_size == 0 && frame_off == 0,1,1,2
cs->callee && (jfunc->type != IPA_JF_CONST || !cgraph_node_for_jfunc (jfunc) || cs->callee == cgraph_node_for_jfunc (jfunc)),1,1,2
sym->ts.type == BT_COMPLEX && gfc_option.flag_f2c,1,1,2
"GET_CODE (pat) == SET && SET_DEST (pat) == stack_pointer_rtx && GET_CODE (SET_SRC (pat)) == MINUS && XEXP (SET_SRC (pat), 0) == stack_pointer_rtx",1,1,2
split->pagecount >= n,1,1,2
exit_reachable,1,1,2
cfa_off == (current_frame_info.spill_cfa_off + current_frame_info.spill_size),2,0,2
gimple_assign_single_p (stmt) || gimple_assign_rhs_code (stmt) == NOP_EXPR || gimple_assign_rhs_code (stmt) == CONVERT_EXPR,1,1,2
"cgraph_edge_badness (edge, false) >= badness",1,1,2
MEM_VOLATILE_P (mem),1,1,2
!sched_ib.enabled_p,2,0,2
"e3 != error_mark_node, 213",1,1,2
c_node->clone_of && c_node->clone_of->decl != c_node->decl,1,1,2
tem != 0,1,1,2
a4 == n4,2,0,2
web,1,1,2
"bitmap_equal_p (saved_kill, &bb_info->kill)",1,1,2
0 < commit_size && commit_size % g_pagesize == 0,1,1,2
"1, bb_b->succs->length ()",2,0,2
!elt->is_group,1,1,2
cached_coff_hdr_valid,1,1,2
GET_CODE (x) != SUBREG,1,1,2
ffe_any_unit_pool_ == NULL,1,1,2
(unsigned long)(av->mmapped_mem) <= (unsigned long)(av->max_mmapped_mem),1,1,2
tree_contains_struct[TRANSLATION_UNIT_DECL][TS_DECL_NON_COMMON],1,1,2
G.context_depth < HOST_BITS_PER_LONG,1,1,2
TREE_CODE (ws_stmt) == OMP_FOR,1,1,2
cgraph_get_node (alias->thunk.alias) == node,1,1,2
c2 == -(c1 < 0),1,1,2
"TREE_OPERAND (rhs, 0), invert, e, bsi",1,1,2
TARGET_FCFIDU && TARGET_LFIWZX,1,1,2
!web->old_web,1,1,2
"-1 != parameter_index_in_region_1 (e, s->region) || !invariant_in_sese_p_rec (e, s->region->region)",1,1,2
!find_btr_use (src),1,1,2
"(DECL_PENDING_INLINE_P (decl1) || !DECL_SAVED_FUNCTION_DATA (decl1)), 20000911",1,1,2
"tinfo_type != NULL_TREE, 20000120",1,1,2
primary->expr_type == EXPR_VARIABLE,1,1,2
"mep_expand_setcc_1 (LT, tmp, op1, op0)",1,1,2
TREE_CODE (TREE_TYPE (r)) == REFERENCE_TYPE,1,1,2
valid,1,1,2
sizetype == TREE_TYPE (right),1,1,2
parts.base == NULL_TREE,1,1,2
!oarg && !narg,1,1,2
"__w >= __l, ""mersenne_twister_engine template arguments out of bounds""",1,1,2
is_gimple_reg (new_var),1,1,2
argp->value.ivalue == ivalue,2,0,2
argp->type == ARG_DOUBLE,2,0,2
e->resolution != LDPR_PREVAILING_DEF_IRONLY && e->resolution != LDPR_PREVAILING_DEF,1,1,2
REGNO (operands[0]) % 2 == 0,2,0,2
TREE_CODE (old_decl) == VAR_DECL,1,1,2
GROUP_GAP (vinfo_for_stmt (stmt)) == 1,2,0,2
n1 >= 0,1,1,2
"""machine=ns32k""",1,1,2
cp_lexer_peek_token (parser->lexer)->type == CPP_PRAGMA,2,0,2
"__builtin_memcmp (&a9, &n9, sizeof (a9)) == 0",2,0,2
"TREE_CODE (TREE_PURPOSE (x)) == TREE_VEC || TREE_CODE (TREE_PURPOSE (x)) == IDENTIFIER_NODE, 388",1,1,2
symbol->ts.cl->length->ts.type == BT_INTEGER,1,1,2
index >= 0 && index < PHI_ARG_CAPACITY (phi),1,1,2
!n_edges,1,1,2
ss_info->expr == expr,2,0,2
"gimple_assign_rhs2 (op_def), code, e, bsi",1,1,2
"TREE_CODE (name) == IDENTIFIER_NODE, 20030624",1,1,2
TREE_CODE (temp) == INIT_EXPR || TREE_CODE (temp) == GIMPLE_MODIFY_STMT || TREE_CODE (temp) == MODIFY_EXPR,1,1,2
ira_may_move_in_cost[mode][cl1][cl2] == ira_max_may_move_in_cost[mode][cl1][cl2],1,1,2
"COMPLETE_TYPE_P (basetype), 20040714",1,1,2
bucket >= 0 && bucket < NUM_VOP_FREE_BUCKETS,1,1,2
"yychar == YYEMPTY || yychar == END_OF_SAVED_INPUT, 230",1,1,2
"expr2->value.function.isym || (is_proc_ptr_comp (expr2, &comp) && comp && comp->attr.dimension) || (!comp && gfc_return_by_reference (expr2->value.function.esym) && expr2->value.function.esym->result->attr.dimension)",1,1,2
TYPE_CANONICAL (TYPE_MAIN_VARIANT (TREE_TYPE (dst))) == TYPE_CANONICAL (TYPE_MAIN_VARIANT (TREE_TYPE (src))),1,1,2
"double_int_scmp (root->offset, ref->offset) <= 0",1,1,2
(unsigned) width <= sizeof (store_info->positions_needed) * CHAR_BIT,1,1,2
wrote_return_column,1,1,2
use->type == USE_NONLINEAR_EXPR || use->type == USE_OUTER,1,1,2
!chrec_contains_undetermined (nb_iters),2,0,2
"TREE_CODE (field) == FIELD_DECL, 981018",1,1,2
TREE_CODE (init) == INTEGER_CST,1,1,2
"initp, 20000629",1,1,2
s->start[i] == INVALID_START,2,0,2
!edge->call_stmt_cannot_inline_p,1,1,2
TREE_CODE (purpose) != RANGE_EXPR,1,1,2
"op, e, bsi, COND_EXPR_COND (last)",1,1,2
current_function_decl == NULL_TREE || DECL_CONTEXT (current_function_decl) == NULL_TREE || TREE_CODE (DECL_CONTEXT (current_function_decl)) == NAMESPACE_DECL,1,1,2
eh_try->type == ERT_TRY,1,1,2
real <= expect,1,1,2
ss->expr == expr,1,1,2
init_stmt,1,1,2
TREE_CODE (fns) == TEMPLATE_DECL || TREE_CODE (fns) == OVERLOAD || BASELINK_P (fns) || TREE_CODE (fns) == IDENTIFIER_NODE,1,1,2
DECL_SAVED_TREE (decl),1,1,2
 island->allocatedHigh ,1,1,2
struct_size,1,1,2
VAR_LOC_UNKNOWN_P (INSN_VAR_LOCATION_LOC (insn)),1,1,2
sym->attr.referenced || sym->attr.use_assoc || sym->ns->proc_name->attr.if_source == IFSRC_IFBODY,1,1,2
in_current_region_p (bb),2,0,2
old->type != ERT_TRY,1,1,2
(TYPE_PTR_P (t1) && TYPE_PTR_P (t2)) || (TYPE_PTRMEM_P (t1) && TYPE_PTRMEM_P (t2)) || (TYPE_PTRMEMFUNC_P (t1) && TYPE_PTRMEMFUNC_P (t2)),1,1,2
"0, 20000221",1,1,2
"GET_CODE (XEXP (XEXP (orig, 0), 1)) == CONST_INT",1,1,2
TREE_CODE (def_stmt1) == PHI_NODE,1,1,2
!DECL_COMDAT_GROUP (symbol->decl),1,1,2
"val == trunc_int_for_mode (val, SImode)",2,0,2
args != NULL_TREE && last != void_list_node,1,1,2
"spec && (!list || TREE_VALUE (list)), 19990317",1,1,2
"_Base > 2, ""invalid digit""",1,1,2
!phi && !args,1,1,2
TARGET_FCFIDS && TARGET_LFIWAX,1,1,2
TREE_CODE (btarget) == SSA_NAME,2,0,2
cost_tables_exist,1,1,2
!(bb->flags & BB_VISITED),1,1,2
DF_REF_PREV_REG (this_ref) == NULL,1,1,2
pattern,1,1,2
"cfun && !doing_semantic_analysis_p (), 20000911",1,1,2
"TYPE_HAS_DESTRUCTOR (type), 20011213",1,1,2
"parser->num_classes_being_defined == 0, 20010816",1,1,2
TARGET_ALTIVEC || TARGET_SPE,1,1,2
TREE_CHAIN (init) == NULL_TREE,1,1,2
"number == 0, 20000407",1,1,2
label || (comparison == swap_condition (comparison)),1,1,2
ARITHMETIC_TYPE_P (t1) || VECTOR_TYPE_P (t1) || UNSCOPED_ENUM_P (t1),2,0,2
str.k == k,2,0,2
gfc_matching_prefix,2,0,2
TARGET_ARM || i == 0,1,1,2
w <= 32,1,1,2
c1 == d2,1,1,2
(int) ix == ix,1,1,2
test,1,1,2
peep2_insn_data[ofs].insn != NULL_RTX,2,0,2
"TYPE_BEING_DEFINED (current_class_type), 20040713",1,1,2
"TREE_CODE (context) == NAMESPACE_DECL || CLASS_TYPE_P (context), 980422",1,1,2
CONST_INT_P (num),2,0,2
!(TREE_CODE (decl) == VAR_DECL && DECL_SECTION_NAME (decl) != NULL_TREE && DECL_INITIAL (decl) == NULL_TREE && DECL_COMMON (decl)) || !DECL_COMMON (decl),1,1,2
BLOCK_SUPERCONTEXT (origin) == current_block,1,1,2
"__m >= 1U, ""mersenne_twister_engine template arguments out of bounds""",1,1,2
old_resolution == LDPR_PREEMPTED_IR || old_resolution == LDPR_RESOLVED_IR || (old_resolution == resolution && !flag_no_common),1,1,2
st->n.tb->is_generic,1,1,2
index == UNSPECV_ALLOC,1,1,2
"(double_int_scmp (dmin, type_min) == -1 && double_int_scmp (dmax, type_min) >= 0 && double_int_scmp (dmax, type_max) <= 0) || (double_int_scmp (dmax, type_max) == 1 && double_int_scmp (dmin, type_min) >= 0 && double_int_scmp (dmin, type_max) <= 0)",1,1,2
stmt_ann (stmt),1,1,2
map != NULL,1,1,2
TREE_CODE (t1) == ADDR_EXPR,1,1,2
slots,1,1,2
c < FIRST_PSEUDO_REGISTER,1,1,2
TREE_CODE (decl) != FIELD_DECL,1,1,2
remember_row == NULL,1,1,2
PROCESSOR_M88110 == 1,1,1,2
"GET_CODE (XEXP (expr, 1)) == CONST_INT",1,1,2
by_reference_p,1,1,2
"!VEC_empty (mapping_ptr, current_iterators)",1,1,2
r_decon.f1,1,1,2
(TREE_CODE (t) == FUNCTION_DECL || TREE_CODE (t) == RECORD_TYPE) && type_decl && TREE_CODE (type_decl) == TYPE_DECL && scope,1,1,2
DEP_LINK_NEXT (link) == NULL,1,1,2
TREE_CODE (con0) != PLUS_EXPR && TREE_CODE (con1) != PLUS_EXPR,1,1,2
"!reg_overlap_mentioned_p (high_reg, addr)",2,0,2
"FUNCTION_DECL, TREE_CODE (fndecl)",2,0,2
!frame.save_regs_using_mov,1,1,2
total == 0,1,1,2
SA.partition_to_pseudo[src],2,0,2
web1->mode_changed == web2->mode_changed,1,1,2
next_uid_after == cselib_get_next_uid (),1,1,2
lc1 && lc2,2,0,2
ready_try[i] == 0,2,0,2
!declarator->u.pointer_quals->type && !(pbits & ~((1 << (int) RID_CONST) | (1 << (int) RID_VOLATILE) | (1 << (int) RID_RESTRICT))),1,1,2
!access->grp_to_be_replaced,1,1,2
current_mask_element < 2 * nunits,1,1,2
"binding != NULL_TREE, 0",1,1,2
o->bufused + slen2 < o->buflength,1,1,2
TREE_PUBLIC (t),1,1,2
code == EQ || code == GT,1,1,2
(!refering_node) ^ (!refering_varpool_node),1,1,2
"(CLASS_TYPE_P (scope) || TREE_CODE (scope) == NAMESPACE_DECL), 20020804",1,1,2
"TREE_CODE (field) == FIELD_DECL, 178",1,1,2
type && TREE_CODE (decl) == FIELD_DECL,1,1,2
exit_phi,1,1,2
 ((setif_term)e)->type == CONSTANT_TYPE ,1,1,2
df_scan,1,1,2
e->ts.type == BT_REAL && e->expr_type == EXPR_CONSTANT,2,0,2
in_ssa_p,1,1,2
new_name,1,1,2
opbuild_num_elems (&build_vuses) == VARRAY_ACTIVE_SIZE (ro_call_vuses),1,1,2
i < r -> size,1,1,2
((unsigned int)-by) <= a->nelems && by != INT_MIN,1,1,2
prob >= 0 && prob <= REG_BR_PROB_BASE,2,0,2
POINTER_TYPE_P (TREE_TYPE (op0)),1,1,2
stmt_vinfo,2,0,2
"len + pos <= GET_MODE_BITSIZE (GET_MODE (XEXP (x, 0)))",1,1,2
VDEF_NUM (old_ops) == 1,1,1,2
algs->size[i].max,1,1,2
!grouped_load && !slp_perm,1,1,2
"VEC_index (eh_region, trace, i - 1)->type == ERT_CATCH",1,1,2
ira_may_move_out_cost[mode][cl1][cl2] == 0,1,1,2
a_p->m_negative == b_p->m_negative,1,1,2
ref_found,1,1,2
"ix < prefix_.num_, ""replace"", T, base",1,1,2
table->partition_dependencies[i] == NULL,1,1,2
!copy_p,1,1,2
builtin_decl_implicit_p (BUILT_IN_STRCPY),1,1,2
cfun->machine->fs.cfa_reg != stack_pointer_rtx,1,1,2
"operand_equal_p (final_loop, final_exit, 0)",1,1,2
old_len + size == ob->writer_cache->nodes.length (),1,1,2
(unsigned long)&u1.d == rsp+8,1,1,2
TREE_CODE (unqualified_name) == IDENTIFIER_NODE || TREE_CODE (unqualified_name) == BIT_NOT_EXPR || TREE_CODE (unqualified_name) == TEMPLATE_ID_EXPR,1,1,2
"timercmp (&stamps[2][0], &stamps[0][1], <)",1,1,2
table == NEXT_INSN (label),1,1,2
eh_region >= 0,1,1,2
! obj->data.deallocated_p,1,1,2
IS_UNKNOWN_LOCATION (BLOCK_SOURCE_LOCATION (scope)),1,1,2
"found == bk_not_base || found == bk_via_virtual || found == bk_inaccessible, 20010723",1,1,2
call_stmt,1,1,2
m_vec,2,0,2
stmt == stack_save,1,1,2
TARGET_FMA || TARGET_FMA4,1,1,2
inpf,2,0,2
di->nodes == (unsigned int) n_basic_blocks - 1,1,1,2
"alias_sets_conflict_p (get_alias_set (data_ref), get_alias_set (gimple_assign_rhs1 (stmt)))",1,1,2
dest_regno == current_frame_info.reg_save_b0,1,1,2
TREE_INT_CST_NUNITS (t) == cst.get_len (),1,1,2
dregno > 0,1,1,2
!DECL_P (member) || tree_used_ok (member),1,1,2
"(int) VEC_length (reg_equivs_t, reg_equivs) > regno",1,1,2
"hard_reg_set_subset_p (set, reg_class_contents[rclass])",1,1,2
reg == recog_data.operand[0] && mem == recog_data.operand[1],1,1,2
gimple_transaction_body (trans_stmt) == NULL,1,1,2
"false, 20030217",1,1,2
(int) 0.0,2,0,2
"number_of_iterations_exit (loop, exit, &niter, false)",1,1,2
!bb->il.rtl,1,1,2
x_nominal_nregs && y_nominal_nregs,1,1,2
"TREE_CODE (decl) != RESULT_DECL, 20030619",1,1,2
str.m == m,2,0,2
s->h_tail <= s->h_end,2,0,2
"!bitmap_bit_p (bb_info->gen, DF_REF_ID (first_def))",1,1,2
dim > 0,2,0,2
REG_P (addr) && REG_OK_FOR_BASE_STRICT_P (addr),1,1,2
"*(opbuild_elem_real (&build_uses, x)) != stmt",1,1,2
cif->abi == FFI_N32,1,1,2
"XVECLEN (op0, 0) == 1",1,1,2
gfc_current_block ()->f2k_derived,1,1,2
gimple_num_ops (gs) >= 4,2,0,2
DF_REF_BB (ref) == old_bb,1,1,2
VECTOR_TYPE_P (type),2,0,2
(current_loops->state & LOOPS_HAVE_PREHEADERS) != 0,1,1,2
e->value.op.operator == INTRINSIC_CONCAT,1,1,2
GET_CODE (operands[1]) == PARALLEL,2,0,2
loop1 && loop2 && LST_LOOP_P (loop1) && LST_LOOP_P (loop2) && lst_depth (loop1) < lst_depth (loop2),1,1,2
index != 0,1,1,2
m_ranges[0].m_start.column == m_expanded_location.column,1,1,2
!contains_subprogram_definition (die),1,1,2
"-1 != parameter_index_in_region_1 (e, s->scop_info) || !invariant_in_sese_p_rec (e, s->scop_info->region)",1,1,2
bb == BLOCK_TO_BB (BB_TO_BLOCK (bb)),1,1,2
set != NULL_RTX && ! side_effects_p (set),1,1,2
u.c == c,2,0,2
field_name,1,1,2
"0u < __s && __s < __r, ""template argument substituting __s out of bounds""",1,1,2
opbuild_num_elems (&build_v_must_defs) == 0,1,1,2
TREE_CODE (arg) == TREE_LIST,1,1,2
"REAL_VALUES_EQUAL (r, value_fp0)",1,1,2
!ipa_intraprocedural_devirtualization (stmt),1,1,2
align >= 0 && size >= 0,1,1,2
ira_register_move_cost[mode][cl3][cl2] >= ira_register_move_cost[mode][cl3][cl1],1,1,2
TREE_CODE (TREE_VALUE (void_list_node)) == VOID_TYPE,1,1,2
c->ts.cl->length->ts.type == BT_INTEGER,1,1,2
!DEBUG_INSN_P (src_node->insn) || DEBUG_INSN_P (dest_node->insn),1,1,2
"TREE_CODE (fn) == FUNCTION_DECL, 20000408",1,1,2
hmode != VOIDmode,2,0,2
"TREE_CHAIN (function) == NULL_TREE, 999",1,1,2
fn && (!noex || is_overloaded_fn (noex)),1,1,2
state->longest_path_length != ON_THE_PATH,1,1,2
node_start_pos + len == x.current_pos,1,1,2
expr->ts.cl && expr->ts.cl->length && expr->ts.cl->length->expr_type == EXPR_CONSTANT,1,1,2
*extend == UNKNOWN,1,1,2
DECL_CONTEXT (n->proc_name->backend_decl) == NULL_TREE,1,1,2
i <= insn_data[icode].n_operands,1,1,2
"__if_hash_not_cached< is_default_constructible< __detail::_Hashtable_ebo_helper<0, __hash_code_base>>>::value, ""Cache the hash code or make functors involved in hash code"" "" and bucket index computation default constructible""",1,1,2
lst2 && father && dewey >= 0,1,1,2
!DECIMAL_FLOAT_MODE_P (cmp_mode),2,0,2
!f,2,0,2
norm_cond1->conds.length () == 1,1,1,2
"TREE_CODE (name) == IDENTIFIER_NODE || TREE_CODE (name) == FIELD_DECL, 349",1,1,2
stmt != error_mark_node,1,1,2
"t == VEC_address (constructor_elt, tags)",1,1,2
GET_MODE (x) == VOIDmode || GET_MODE (x) == mode,2,0,2
(rval.lattice_val == CONSTANT && TREE_CODE (rval.value) == INTEGER_CST) || double_int_minus_one_p (rval.mask),1,1,2
!node->symbol.alias,1,1,2
"target != NULL_RTX, 205",1,1,2
!tem && !TYPE_NEXT_VARIANT (t),1,1,2
index < passes_by_id_size && index >= 0,1,1,2
GET_CODE (reg) == REG,2,0,2
!NOTE_P (tmp) || NOTE_LINE_NUMBER (tmp) != NOTE_INSN_DELETED,1,1,2
tree_fits_uhwi_p (t),2,0,2
!SWITCH_BODY (exp),1,1,2
TREE_CODE (bsi_stmt (si)) == OMP_SECTIONS_SWITCH,1,1,2
!NOTE_P (insn) || NOTE_LINE_NUMBER (insn) != NOTE_INSN_LOOP_BEG,1,1,2
elem_size * nunits == vector_size,2,0,2
"!TREE_SIDE_EFFECTS (TREE_OPERAND (t, 0)) && !TREE_SIDE_EFFECTS (TREE_OPERAND (t, 1))",1,1,2
p->ref->next->type == REF_SUBSTRING,1,1,2
!next || !next->setting_insn || !DEBUG_INSN_P (next->setting_insn),1,1,2
"CONST_INT_P (XEXP (*ad->index_loc, 1))",1,1,2
(DEP_STATUS (link) & DEP_TYPES) == DEP_TRUE,1,1,2
HOST_BITS_PER_WIDE_INT >= BITS_PER_WORD,1,1,2
"6, v[1]",2,0,2
result >= 0,2,0,2
ffestc_statelet_ == FFESTC_stateletATTRIB_,1,1,2
"same_type_ignoring_top_level_qualifiers_p (type, convs->u.next->type)",1,1,2
"GET_CODE (XVECEXP (op, 0, 1)) == SET",2,0,2
no_fixup_p (t->decl_non_common.saved_tree),1,1,2
!need_to_initialize_update_ssa_p,1,1,2
"unemitted_tinfo_decl_p (decl), 20030307",1,1,2
node->symbol.definition || node->symbol.weakref,1,1,2
r.a[5] == 6,2,0,2
forest[i] == 0,1,1,2
relbenefit >= 0,1,1,2
TREE_TYPE (len) == gfc_charlen_type_node,1,1,2
OMP_CLAUSE_CODE (c) == OMP_CLAUSE_THREADS || (ctx == NULL && OMP_CLAUSE_CODE (c) == OMP_CLAUSE_SIMD),1,1,2
"(*env)->IsAssignableFrom(env, objclazz, table->clazz)",1,1,2
n_funcs,1,1,2
save_SP == state->code_SP,1,1,2
TREE_CODE (rhs) == ADDR_EXPR || TREE_CODE (rhs) == COMPONENT_REF || TREE_CODE (rhs) == COMPOUND_EXPR || really_overloaded_fn (rhs),1,1,2
"!TEST_BIT (cse_visited_basic_blocks, bb->index)",1,1,2
(unsigned long)&u8.d == rsp+456,1,1,2
x != NO_PARTITION,1,1,2
clobber_z,1,1,2
SSA_NAME_VAR (var) == SSA_NAME_VAR (first),1,1,2
loop->dimen == info->dimen,1,1,2
argv[0][0] == '-',1,1,2
fid != 0,2,0,2
fnc == BUILT_IN_LOG || fnc == BUILT_IN_LOGF || fnc == BUILT_IN_LOGL,1,1,2
!gnu_field_list && unchecked_union,1,1,2
"comptypes (type, TREE_TYPE (fn), 1), 0",1,1,2
"et_below (b, a)",2,0,2
dim < info->dimen,1,1,2
"mips_const_vector_same_val_p (op, GET_MODE (op))",2,0,2
!flag_guess_branch_prob || optimize == 0 || errorcount || sorrycount,1,1,2
!stmt || is_a <cgraph_node *> (referring_node),1,1,2
((unsigned HOST_WIDE_INT) args_size & 0xffffffff) == (unsigned HOST_WIDE_INT) args_size,1,1,2
symbol->ts.type == BT_CHARACTER,1,1,2
v->type != COALESCED,1,1,2
"VEC_empty (int, worklist)",1,1,2
cfa_reg == DWARF_FRAME_REGNUM (STACK_POINTER_REGNUM),1,1,2
carg != NULL,2,0,2
comb_vect_start [comb_vect_index + vect_index] == undefined_vect_el_value,1,1,2
alignment_support_cheme == dr_aligned,1,1,2
Is_Tagged_Type (gnat_record),1,1,2
TYPE_ATTRIBUTES (expr) == TYPE_ATTRIBUTES (mv),1,1,2
r.a[2] == 30,2,0,2
VECTOR_MODE_P (dst_mode),2,0,2
page_region(i) == FREEPAGE,1,1,2
TREE_CODE (decl) != VAR_DECL || DECL_IN_AGGR_P (DECL_TEMPLATE_RESULT (tmpl)),1,1,2
"DECL_ALIGN (basetype) == BITS_PER_UNIT, 20000314",1,1,2
prop,1,1,2
TYPE_READONLY (tag_type) == TYPE_READONLY (TREE_TYPE (tag)),1,1,2
!VOID_TYPE_P (TREE_TYPE (exp)),1,1,2
!(sa & ~(FFESYMBOL_attrsCBLOCK | FFESYMBOL_attrsSAVECBLOCK)),1,1,2
"__if_hash_not_cached< is_default_constructible<__hash_code_base>>::value, ""Cache the hash code or make functors involved in hash code"" "" and bucket index computation default constructible""",1,1,2
"VEC_index (lto_encoder_entry, encoder->nodes, index).node == (symtab_node)node",1,1,2
DECL_CONV_FN_P (decl2),1,1,2
"gimple_call_builtin_p (call, BUILT_IN_NORMAL)",2,0,2
GET_CODE (operands[i]) == CONST_INT,1,1,2
!bb->succ->succ_next,1,1,2
!is_gimple_reg (orig_sym),1,1,2
"cpt_same_type (otype, dtype)",1,1,2
arc,2,0,2
"node->analyzed || lookup_attribute (""weakref"", DECL_ATTRIBUTES (node->symbol.decl))",1,1,2
index < df_ru->block_info_size,1,1,2
"VEC_index (locstr, v, ix) == 0",1,1,2
vnode->needed,1,1,2
"type, 20040628",1,1,2
src->succ->succ_next,1,1,2
__time_len >= TIME_LEN,1,1,2
GC_is_marked(r),1,1,2
DECL_INITIALIZED_P (var),1,1,2
operator_code != LAST_CPLUS_TREE_CODE,1,1,2
flag_ira && inherent_size == PSEUDO_REGNO_BYTES (regno) && inherent_size <= total_size && ALLOCNO_HARD_REGNO (allocno) < 0,1,1,2
DF_REF_TYPE(ref) != DF_REF_REG_DEF,1,1,2
gfc_wide_fits_in_byte (c),1,1,2
!bd->block_defs || VARRAY_ACTIVE_SIZE (bd->block_defs) == 0,1,1,2
"TREE_CODE (fn) == FUNCTION_DECL && DECL_STATIC_FUNCTION_P (fn), 20030906",1,1,2
!ret || DECL_INITIAL (decl),1,1,2
!wtmp.zero_p (),1,1,2
sizetype == chrec_type (new_evol),1,1,2
"VEC_length (tree, build_v_must_defs) == 0",1,1,2
!in_p || class != reload_class || icode != CODE_FOR_nothing || t_icode != CODE_FOR_nothing,1,1,2
params,1,1,2
"_Base > 9, ""invalid digit""",1,1,2
attr[attr_len - 2] == '_',1,1,2
"DECL_NAME (TREE_OPERAND (init, 0)) == NULL_TREE, 151",1,1,2
dest_regno == current_frame_info.reg_save_ar_lc,1,1,2
(unsigned) memory_info.BaseAddress % g_regionsize == 0,1,1,2
DECL_RESULT (node->symbol.decl),1,1,2
Nkind (gnat_range) == N_Range,1,1,2
"buf, buf + strlen (buf) , NULL_PTR, kt",1,1,2
"TYPE_P (arg), 0",1,1,2
"VEC_length (constructor_elt, CONSTRUCTOR_ELTS (ctor)) == 1",1,1,2
!outer || old->outer != outer->outer,1,1,2
"vcall_index == NULL_TREE, 20000125",1,1,2
__p != 0 || __n == 0,1,1,2
s1var->var_part[0].offset == 0,1,1,2
!SSA_VAR_P (exp),1,1,2
n->symbol.decl == node->symbol.decl,1,1,2
pnote,1,1,2
ent != NULL,2,0,2
"phist->old_expr_vinsn == old_expr_vinsn || (phist->new_expr_vinsn != new_expr_vinsn && (vinsn_equal_p (phist->old_expr_vinsn, old_expr_vinsn)))",1,1,2
"TREE_CODE (last_expr) == TARGET_EXPR, 20030729",1,1,2
ad->base_reg_loc != NULL && ad->disp_loc != NULL,1,1,2
node->aux || !is_a <cgraph_node> (node),1,1,2
CPU_M88100 == 0,1,1,2
" std::distance(begin_seqs[i].first, begin_seqs[i].second) > 0",1,1,2
seqs_end - seqs_begin > 1,1,1,2
TREE_CODE (target) == METHOD_TYPE,1,1,2
!(double_op && op_type == binary_op),1,1,2
ctxp && !ctxp->current_label[0] && !ctxp->current_label[1],1,1,2
born_index >= 0,1,1,2
IS_AGGR_TYPE_CODE (TREE_CODE (xbasetype)),1,1,2
tmp.elt (l - 2) < 0,1,1,2
bb_vinfo != NULL,1,1,2
!bitmap_empty_p (weights),1,1,2
!in->remove_param,1,1,2
"TREE_PERMANENT (tinfo), 260.5",1,1,2
((unsigned long)(char *)stacktop & 0xF) == 0,1,1,2
t && TREE_CODE (t) == OMP_SECTIONS,1,1,2
ret != LDPR_UNKNOWN,1,1,2
u1 != u2,1,1,2
shift2_mask != NULL,1,1,2
QUEUE_INDEX (next) == QUEUE_NOWHERE,1,1,2
"!virtual_offset || wide_int::eq_p (virtual_offset, virtual_value)",1,1,2
"VEC_length (tree, expr_stack)",1,1,2
OMP_CLAUSE_MAP_KIND (c) != GOMP_MAP_FORCE_DEVICEPTR,2,0,2
"!TREE_ASM_WRITTEN (function), 20021025",1,1,2
unswitch_on->succ->succ_next->succ_next == NULL,1,1,2
symbol->ts.kind == 1,1,1,2
"rtx_equal_p (PATTERN (*rtx_slot), PATTERN (se_insn))",1,1,2
sym->formal->sym->attr.intent == INTENT_OUT,1,1,2
!defer_ok || !decl_function_context (d) || LAMBDA_TYPE_P (DECL_CONTEXT (d)),1,1,2
in_lto_p || context.maybe_derived_type,1,1,2
"is_empty_class (basetype), 20000321",1,1,2
parent_a != NULL,1,1,2
"DECL_EXTERNAL (*tp) || TREE_STATIC (*tp), 19991113",1,1,2
symtab_real_symbol_p (target_node),1,1,2
shift3_mask != NULL,1,1,2
arm_tune != arm_none,1,1,2
num_words < 20,1,1,2
n6 == e6,2,0,2
"TREE_CODE (xargs) == TREE_LIST, 291",1,1,2
type_decl && type_decl != error_mark_node && type_scope && type_scope != error_mark_node,1,1,2
hv >= 0,1,1,2
code != BIND_EXPR,1,1,2
TREE_CODE (ce->index) == FIELD_DECL || TREE_CODE (ce->index) == IDENTIFIER_NODE,1,1,2
!elt->replacement,1,1,2
*v == '.' || ISDIGIT (v[1]),1,1,2
num && malloc_stmt && new_type,1,1,2
r.a[1] == 0xffff,2,0,2
GC_active_count == 0,1,1,2
INSN_P (from),1,1,2
region_nr >= 0,1,1,2
!e->value.compcall.tbp->is_generic,2,0,2
"TREE_CODE (decl) == VAR_DECL && TREE_TYPE (decl) == EHS_type, 203",1,1,2
TYPE_OFFSET_BASETYPE (expr) == TYPE_OFFSET_BASETYPE (mv),1,1,2
last_basic_block == n_basic_blocks,1,1,2
version != EV_NONE,1,1,2
"TREE_CODE (value) == VAR_DECL || TREE_CODE (value) == PARM_DECL || TREE_CODE (value) == RESULT_DECL, 252",1,1,2
mlow_hi < mhigh_hi || (mlow_hi == mhigh_hi && mlow_lo < mhigh_lo),1,1,2
!crtl->stack_realign_needed,1,1,2
"pat, 20040620_2",1,1,2
"b, 20021227",1,1,2
"rval == error_mark_node || tree_int_cst_equal (rval, BINFO_OFFSET (binfo)), 999",1,1,2
broken_loop || (fin_bb == FALLTHRU_EDGE (cont_bb)->dest),2,0,2
(size_t) (s - retdata) == slen,1,1,2
"addr != error_mark_node, 222",1,1,2
!(adjust_object && attrs.size < 0),1,1,2
"__s > 0U && __r > __s && __w > 0U && __w <= static_cast<size_t>(numeric_limits<_UIntType>::digits), ""template arguments out of bounds"" "" in subtract_with_carry_engine""",1,1,2
!pending_sizes,1,1,2
"TREE_CODE (parm) == PARM_DECL, 269",1,1,2
fd > 0,1,1,2
n >= 0 && n < MAX_386_STACK_LOCALS,1,1,2
CONSTRUCTOR_NELTS (ctx->ctor) == 0,1,1,2
""""", """", 44, __PRETTY_FUNCTION__",1,1,2
ira_register_move_cost[mode][cl2][cl3] >= ira_register_move_cost[mode][cl1][cl3],1,1,2
overriding && overriding->typebound,1,1,2
dom_computed[1] == DOM_NONE,1,1,2
EDGE_COUNT (bb->preds) > 0,1,1,2
source->expr_type == EXPR_CONSTANT || source->expr_type == EXPR_STRUCTURE,1,1,2
!cgraph_node (decl)->local.finalized,1,1,2
GET_CODE (address) == MEM,1,1,2
DECL_EXTERNAL (*tp) || TREE_STATIC (*tp),1,1,2
BITS_PER_BITPACK_WORD >= bp->first_unused_bit + nbits,1,1,2
array->expr_type == EXPR_VARIABLE,2,0,2
st->typebound,1,1,2
lc2,1,1,2
perm3_mask != NULL,1,1,2
b->nested,1,1,2
gfc_current_state () == COMP_DERIVED,2,0,2
max0 == max1,1,1,2
phi && gimple_code (phi) == GIMPLE_PHI,2,0,2
arc_simd_builtin_desc_list [i].args_type == Va_Vb_u8,1,1,2
"bitmap_bit_p (blocks, DF_REF_BBNO (ref))",1,1,2
list->first == elem,1,1,2
__mf_object_dead_head [cls] >= 0 && __mf_object_dead_head [cls] < __mf_opts.persistent_count,1,1,2
GET_MODE_CLASS (GET_MODE (x)) == MODE_FLOAT,1,1,2
"!ctor_p::value, ""has virtual destructor""",1,1,2
"!pointer_map_contains (type_hash_cache, type) && !pointer_map_contains (sccstate, type)",1,1,2
CONST0_RTX (inner),1,1,2
count <= 2,1,1,2
ri = (int)ri,1,1,2
"!TYPE_BINFO (ref) || TYPE_SIZE (ref), 20040706",1,1,2
e->sort == setif_sort,1,1,2
t == NULL or t->_M_color != std::_S_red,1,1,2
ref->u.ar.type == AR_SECTION,1,1,2
len <= error_buffer.allocated,1,1,2
! pp_last_position_in_text (&graph_slim_pp),1,1,2
values_int.i8 == i8,2,0,2
setif_is_var(proj_var),1,1,2
type_build_ctor_call (type),1,1,2
ti_temp,2,0,2
"!bb_in_sese_p (bb, region->region)",2,0,2
sym->attr.referenced || sym->ns->proc_name->attr.if_source == IFSRC_IFBODY,1,1,2
t->expr.type == expr_term,1,1,2
"DECL_P (GIMPLE_STMT_OPERAND (s1, 0))",1,1,2
"""stumped by conversion from integer1!"" == NULL",1,1,2
bin,1,1,2
precision >= xprecision,1,1,2
REG_P (xreg) && CONST_INT_P (xval),1,1,2
gfc_option.coarray != GFC_FCOARRAY_SINGLE,1,1,2
((size_t) (p - &string[0])) < ARRAY_SIZE (string),1,1,2
"tag_set == get_alias_set (tag) || alias_set_subset_of (tag_set, get_alias_set (tag))",1,1,2
"VEC_index (eh_region, ifun->eh->region_array, i - eh_offset) == NULL",1,1,2
next2,1,1,2
offset == count,1,1,2
TREE_CODE (induction_phi) == PHI_NODE,1,1,2
TYPE_BEING_DEFINED (current_class_type),1,1,2
integer_zerop (BINFO_OFFSET (primary)),1,1,2
(node->analyzed || node->symbol.in_other_partition || DECL_EXTERNAL (node->symbol.decl)),1,1,2
ssa_name (save_version) == NULL,1,1,2
TREE_CODE (lhs) == SSA_NAME,2,0,2
!ix86_static_chain_on_stack,2,0,2
p->new_sp_equiv_reg && REG_P (p->new_sp_equiv_reg),1,1,2
loop.temp_ss->data.temp.dimen == loop.dimen,1,1,2
ffi_type_test(cif->rtype),1,1,2
expr1->ts.u.cl->backend_decl,1,1,2
cfun && fde && !fde->dw_fde_switched_sections,1,1,2
e->expr_type == EXPR_VARIABLE && e->symtree != NULL && e->symtree->n.sym == var,2,0,2
map,1,1,2
"EDGE_SUCC (bb, 0)->flags == (EDGE_SIBCALL | EDGE_ABNORMAL)",1,1,2
argp->type == ARG_INT,2,0,2
updated,1,1,2
((val * b) & mask) == a,1,1,2
!arg,1,1,2
TREE_CODE (TREE_TYPE (args[0])) == VECTOR_TYPE,1,1,2
mode == GET_MODE (val) || (GET_MODE (val) == VOIDmode && (CONST_INT_P (val) || GET_CODE (val) == CONST_FIXED || GET_CODE (val) == CONST_DOUBLE || GET_CODE (val) == LABEL_REF)),1,1,2
ad->base == ad->base_term && ad->disp == ad->disp_term,2,0,2
(!check_equal) || *p1 == *p2,1,1,2
GET_MODE (x) == BLKmode,1,1,2
GET_MODE_CLASS (GET_MODE (el)) == MODE_FLOAT,1,1,2
GET_MODE (op0) == Pmode || GET_CODE (op0) == CONST_INT || GET_CODE (op0) == CONST_DOUBLE,2,0,2
!reg_deaths[i],1,1,2
ret == pos,1,1,2
VECTOR_MODE_P (innermode),1,1,2
ref->refered_type == IPA_REF_CGRAPH,1,1,2
"!PROMOTES_TO_AGGR_TYPE (lhstype, REFERENCE_TYPE)",1,1,2
select_mask != NULL,1,1,2
offset == 0,1,1,2
*p == '*',2,0,2
IS_EMPTY_STMT (stmt),1,1,2
node == cgraph_get_node (node->symbol.decl),1,1,2
use == NULL || use->sub_id == 0,1,1,2
!streamer_handle_as_builtin_p (result),1,1,2
chunksize(next) >= MINSIZE,1,1,2
slot_num != (unsigned)-1,2,0,2
node->weakref,2,0,2
"TYPE_PTRMEMFUNC_P (type), 20010112",1,1,2
DECL_CONTEXT (param) == current_function_decl,1,1,2
"unemitted_tinfo_decls != 0, 20030312",1,1,2
!(trivial_p && expected_trivial && !*trivial_p) || (copy_arg_p && cxx_dialect >= cxx0x) || errorcount,1,1,2
GET_MODE (op0) == mode0 && GET_MODE (op1) == mode1,1,1,2
crtl->eh.call_site_record[cur_sec] == NULL,1,1,2
!BINFO_DEPENDENT_BASE_P (binfo),1,1,2
formal && formal->sym->attr.intent == INTENT_OUT,1,1,2
(TREE_CODE (record_type) == RECORD_TYPE || TREE_CODE (record_type) == UNION_TYPE || TREE_CODE (record_type) == QUAL_UNION_TYPE) && COMPLETE_TYPE_P (record_type) && (component == NULL_TREE) != (field == NULL_TREE),1,1,2
"__a <= (__detail::_Shift<_UIntType, __w>::__value - 1), ""template argument __a out of bound""",1,1,2
"VARRAY_INT (list->next, prev) == elem",1,1,2
nargs + 2 == insn_data[(int) icode].n_operands,1,1,2
"code == BIT_NOT_EXPR || code == OP_IDENTIFIER || code == SCOPE_REF, 264",1,1,2
new_right -> refcount >= 1,1,1,2
DECL_VIRTUAL_P (ref2->referred->decl) && (TREE_CODE (ref2->referred->decl) == FUNCTION_DECL || TREE_CODE (ref2->referred->decl) == VAR_DECL),1,1,2
b->sig_hi >= SREAL_MIN_SIG,1,1,2
"VEC_empty (expr_t, vec_av_set)",1,1,2
"VEC_length (tree, *args) == 1",1,1,2
unswitch_on->succ != NULL,1,1,2
cif->abi == FFI_PA32,1,1,2
type_quals == TYPE_UNQUALIFIED,2,0,2
"(VEC_index (cgraph_node_ptr, set->nodes, index) == node)",1,1,2
!p->clause[1],1,1,2
r.a[0] == 2,2,0,2
codimen + dimen >= 1 && codimen + dimen <= GFC_MAX_DIMENSIONS,1,1,2
"same_type_p (type_referred_to, TREE_TYPE (fn))",1,1,2
"DF_REF_ID (new_use) == (int) VEC_length (df_ref, use_def_ref)",1,1,2
"(i->parm_vec == NULL_TREE) == (i->bindings == NULL_TREE), 227",1,1,2
(unsigned long)&ms2.x == rsp+72,1,1,2
"VEC_length (tree, build_vdefs) == 0",1,1,2
(REGNO (target) & 1) == 0,1,1,2
ivtab,1,1,2
INTEGER_CST_P (rhs),1,1,2
analysis->font != NULL,1,1,2
GET_CODE (from) != BARRIER,1,1,2
TREE_CODE (rhs) == FLOAT_EXPR,1,1,2
close_phi == loop_phi,1,1,2
bb->il.rtl->global_live_at_start != 0 && bb->il.rtl->global_live_at_end != 0,1,1,2
open_scop.exit,1,1,2
PBB_IS_REDUCTION (pbb1) && number_of_write_pdrs (pbb1) == 1,1,1,2
!expr->base.ann || expr->base.ann->common.type != STMT_ANN,1,1,2
df_scan_get_bb_info (bb->index),2,0,2
! nested_in_vect_loop && !STMT_VINFO_GATHER_P (stmt_info),1,1,2
flag_ira_algorithm == IRA_ALGORITHM_PRIORITY || ira_class_translate[best] == common_classes[i],1,1,2
b->is_stmt,1,1,2
dst_rdesc->cs->caller->global.inlined_to,1,1,2
u >= 0,1,1,2
!DECL_WEAK (node->decl) || TREE_PUBLIC (node->decl) || DECL_EXTERNAL (node->decl),1,1,2
uninlined_call_time >= 0,1,1,2
phi_nodes (loop_header) == NULL_TREE,1,1,2
!TREE_ADDRESSABLE (TREE_TYPE (exp)),1,1,2
"!known_aggs || (VEC_length (tree, known_vals) == VEC_length (ipa_agg_jump_function_p, known_aggs))",1,1,2
stat->expr_type == EXPR_VARIABLE,1,1,2
TREE_CODE (s2) == MODIFY_EXPR,1,1,2
PBB_SAVED (pbb),1,1,2
!CASE_LOW (label) && !CASE_HIGH (label),2,0,2
(1U << cl_lang_count) < CL_MIN_OPTION_CLASS,1,1,2
web1->crosses_call == web2->crosses_call,1,1,2
name1 && name2,1,1,2
ffelex_token_type (t) == FFELEX_typeEQUALS,1,1,2
WORKER_USER != w->l->type,2,0,2
p->targ_die != NULL,1,1,2
COND_EXPR_ELSE (stmt) == NULL_TREE,1,1,2
r->n >= 1 && r->elts[0]->type == expr_term && r->elts[1]->type == expr_term,1,1,2
!ffelex_set_include_,1,1,2
!ip->removed_p && ip->can_remove_p,2,0,2
saw[1] != 0,2,0,2
VUSE_VECT_NUM_ELEM (*vp) == 1,1,1,2
P != B,2,0,2
ffe_file_pool_ != NULL,1,1,2
dv_onepart_p (dst->dv) ? k == 1 : k <= MAX_VAR_PARTS,1,1,2
ref->size == r.size,1,1,2
!is_ctrl_stmt (stmt),1,1,2
TREE_CODE (stmt) != WIDEN_SUM_EXPR && TREE_CODE (stmt) != DOT_PROD_EXPR,1,1,2
REG_P (dest_reg) || ((GET_CODE (dest_reg) == SUBREG) && REG_P (SUBREG_REG (dest_reg))),1,1,2
_M_size == __ia._M_sz,1,1,2
count <= map->numwords,1,1,2
"putback_char == -1, 223",1,1,2
"!pointer_map_contains (type_hash_cache, x)",1,1,2
wrapper_output,1,1,2
caf_decl,2,0,2
DECL_P (decl) && referenced_var_lookup (uid),1,1,2
"!count || VEC_empty (loc_exp_dep, VAR_LOC_DEP_VEC (var))",1,1,2
ALLOCNO_FREQ (another_allocno) != 0,1,1,2
!DECL_ABSTRACT (t),1,1,2
*loop_blocks == NULL,1,1,2
range_max,1,1,2
"POINTER_TYPE_P (TREE_TYPE (SSA_NAME_VAR (TREE_OPERAND (lhs, 0))))",1,1,2
n8 == e8,2,0,2
INSN_DEP_COUNT (insn) == 0 && deps_list_empty_p (INSN_BACK_DEPS (insn)),1,1,2
GET_MODE_PRECISION (from_mode) != GET_MODE_PRECISION (to_mode),1,1,2
GET_CODE (dest) != MEM || GET_CODE (src) != MEM,1,1,2
insn && new,1,1,2
!f->sym->ts.cl->backend_decl,1,1,2
table->kill_list[i] == NULL,1,1,2
exact_match || DEBUG_INSN_P (insn),1,1,2
_M_size == __sa._M_sz,1,1,2
!sibcall_p && !lazy_p,1,1,2
"TREE_CODE (fn) == OFFSET_REF, 20020725",1,1,2
!TARGET_64BIT_MS_ABI,1,1,2
ffestp_file.rewrite.rewrite_spec[FFESTP_rewriteixFMT].kw_or_val_present,1,1,2
" char *file, int line",1,1,2
TREE_CODE (cond) == NOP_EXPR || TREE_CODE (cond) == CONVERT_EXPR,1,1,2
"can_compare_p (comparison, CCmode, ccp_jump)",1,1,2
val == boolean_false_node,1,1,2
(unsigned long)&u1.f == rsp+8,1,1,2
bb->succ->dest == EXIT_BLOCK_PTR,1,1,2
r.a[5] == 14,2,0,2
desired_res == omega_simplify || pb->num_subs == 0,1,1,2
buffer_size >= size_character (length),1,1,2
"TREE_CODE (d) == FUNCTION_DECL || TREE_CODE (d) == VAR_DECL, 0",1,1,2
loc->dw_loc_oprnd1.val_class == dw_val_class_die_ref,2,0,2
LAMBDA_TYPE_P (DECL_CONTEXT (t)),1,1,2
obj != NULL && s != NULL,1,1,2
TREE_CODE (to) == SSA_NAME || is_gimple_min_invariant (to),1,1,2
TREE_CODE (ao) == FUNCTION_DECL,2,0,2
"!TEST_BIT (tmp, u)",1,1,2
s->h_next >= s->h_begin,2,0,2
code->resolved_isym->id == GFC_ISYM_CO_SUM,1,1,2
MEM_ATTRS (dstv) == MEM_ATTRS (uloc),2,0,2
alias || TREE_CODE (t) != FUNCTION_DECL || (cgraph_get_node (t) && cgraph_get_node (t)->symbol.definition),1,1,2
TYPE_UNSIGNED (type),1,1,2
"GET_CODE (XEXP (SET_SRC (XVECEXP (op, 0, 1)), 1)) == CONST_INT",2,0,2
cif->abi == FFI_O32 || cif->abi == FFI_O32_SOFT_FLOAT,1,1,2
var != alias,1,1,2
poc_die,1,1,2
gimple_try_kind (stmt) == GIMPLE_TRY_CATCH,2,0,2
!dead_zone->allocated,1,1,2
node->global.inlined_to || !gimple_has_body_p (decl) || node->symbol.in_other_partition || node->clones || DECL_ARTIFICIAL (decl) || DECL_EXTERNAL (decl),1,1,2
true_dependency_cache == 0 || present_p,1,1,2
!(*ts & HARD_DEP) || *ts == old_ts,1,1,2
nthreaded_edges < n_basic_blocks - NUM_FIXED_BLOCKS,1,1,2
! ALLOCNO_IN_GRAPH_P (a),1,1,2
"!strncmp (NAME, ""__builtin_"", strlen (""__builtin_""))",1,1,2
TYPE_P (expr) || DECL_P (expr),1,1,2
gimple_seq_last (seq) == NULL,1,1,2
DECL_BUILT_IN_CLASS (fndecl) == BUILT_IN_NORMAL,2,0,2
argbuf_index > 0,1,1,2
" __assignable::type::value, ""type is not assignable"" ",2,0,2
in_current_region_p (pred_bb),1,1,2
"expr2->value.function.isym || (gfc_is_proc_ptr_comp (expr2, &comp) && comp && comp->attr.dimension) || (!comp && gfc_return_by_reference (expr2->value.function.esym) && expr2->value.function.esym->result->attr.dimension)",1,1,2
last_action_insn == last_no_action_insn_before_switch,1,1,2
!l->next || cselib_preserve_constants,1,1,2
TARGET_FCFID && TARGET_LFIWAX,1,1,2
stree->typebound->target,1,1,2
GET_MODE_NUNITS (TYPE_MODE (vectype)) == vectorization_factor,1,1,2
"NULL, find_closest_string (""not like the others"", &candidates)",2,0,2
"__if_hash_code_not_cached<is_empty<_HCBase>>::value, ""Cache the hash code or make functors involved in hash code"" "" and bucket index computation empty""",1,1,2
(MALLOC_ALIGNMENT & (MALLOC_ALIGNMENT-1)) == 0,1,1,2
node->analyzed == node->local.finalized,1,1,2
"BINFO_INHERITANCE_CHAIN (last) == binfo_of_derived, 980827",1,1,2
vectorization_factor,1,1,2
"TREE_CHAIN (last_x) == 0, 175",1,1,2
this_decision->tests,1,1,2
"0, 20030617",1,1,2
"same_type_ignoring_top_level_qualifiers_p (TREE_TYPE (delta), ptrdiff_type_node), 20030727",1,1,2
corank > 0,2,0,2
!STMT_VINFO_PATTERN_DEF_SEQ (stmt_vinfo),1,1,2
*edge2,1,1,2
time >= INT_MIN / 2,1,1,2
TYPE_ARG_TYPES (type),1,1,2
i == loop->order[i],1,1,2
gfc_option.flag_f2c && proc_sym->ts.type == BT_COMPLEX,1,1,2
gfc_option.flag_f2c && ts.type == BT_COMPLEX,1,1,2
"rtx_equal_p (call_target, return_target) || TYPE_HAS_TRIVIAL_INIT_REF (type), 317",1,1,2
INTEGRAL_TYPE_P (index_type),1,1,2
!var_ann (root)->out_of_ssa_tag,1,1,2
GET_CODE (data->stack_parm) == MEM,1,1,2
resolution != NULL,1,1,2
NOTE_P (last_scheduled_insn) && BLOCK_FOR_INSN (last_scheduled_insn) == *target_bb,1,1,2
type < T_MAX,1,1,2
gimple_code (gsi_stmt (si)) == GIMPLE_OMP_SINGLE || gimple_code (gsi_stmt (si)) == GIMPLE_OMP_MASTER || gimple_code (gsi_stmt (si)) == GIMPLE_OMP_ORDERED || gimple_code (gsi_stmt (si)) == GIMPLE_OMP_CRITICAL,1,1,2
gimple_debug_bind_p (stmt),2,0,2
"TREE_CODE (fn) == FUNCTION_DECL || TREE_CODE (fn) == TEMPLATE_DECL || TREE_CODE (fn) == OVERLOAD || TREE_CODE (fn) == TEMPLATE_ID_EXPR, 20020712",1,1,2
current_sched_info->flags & DO_SPECULATION && (request & SPECULATIVE),1,1,2
GET_CODE (src) == REG && REGNO (src) == HARD_FRAME_POINTER_REGNUM,1,1,2
!ff->is_call_child,2,0,2
!owl,1,1,2
src->replacement,1,1,2
orig_var && new_type,1,1,2
sym->attr.pointer || sym->attr.allocatable || GFC_ARRAY_TYPE_P (TREE_TYPE (sym->backend_decl)),1,1,2
"rhs.var < VEC_length (varinfo_t, varmap)",1,1,2
!o->aka,1,1,2
Exception_Mechanism != Front_End_ZCX,1,1,2
"DECL_LANG_SPECIFIC (tmpl) != 0, 0",1,1,2
lane_width_bits != 0,1,1,2
"sext_hwi (TREE_INT_CST_ELT (t, len), small_prec) == cst.elt (len)",1,1,2
"VEC_last (vect_el_t, vect) != undefined_vect_el_value",1,1,2
component_type,1,1,2
state1->automaton == state2->automaton,2,0,2
outer != NULL,1,1,2
"TREE_CODE (thing) == IDENTIFIER_NODE, 197",1,1,2
GET_MODE (add1) == mode || GET_MODE (add1) == VOIDmode,1,1,2
wi::int_traits<T>::precision,2,0,2
base == error_mark_node || base == size_zero_node,1,1,2
DECL_CONTEXT (t) != expr,1,1,2
ix86_cmodel == CM_LARGE_PIC,1,1,2
cif->abi == FFI_N32 || cif->abi == FFI_N64,1,1,2
sym->as->type == AS_EXPLICIT || sym->as->cp_was_assumed,1,1,2
"useless_type_conversion_p (TREE_TYPE (sc), TREE_TYPE (vectype))",1,1,2
HAVE_conditional_trap,1,1,2
align_bytes > STACK_BOUNDARY / BITS_PER_UNIT,1,1,2
(r2val.lattice_val == CONSTANT && TREE_CODE (r2val.value) == INTEGER_CST) || r2val.mask.is_minus_one (),1,1,2
resolver_name,1,1,2
"!IS_AGGR_TYPE (fromtype) || !IS_AGGR_TYPE (totype) || !DERIVED_FROM_P (totype, fromtype), 20011226",1,1,2
"stmts_are_full_exprs_p == 1, 19990926",1,1,2
!(sa & (FFESYMBOL_attrsCOMMON | FFESYMBOL_attrsDUMMY)),1,1,2
nvars <= OMEGA_MAX_VARS,1,1,2
!more_latches,1,1,2
decoded_options[i].canonical_option_num_elements == 2,1,1,2
y != -1,1,1,2
REGNO (reg) != 0,1,1,2
edge->frequency <= CGRAPH_FREQ_MAX,1,1,2
TREE_CODE (target) == ARRAY_TYPE && nelts == NULL_TREE,1,1,2
tag_set == get_alias_set (tag),1,1,2
"fns != NULL_TREE, 0",1,1,2
!DECL_ANTICIPATED (old_fn),1,1,2
"buf, buf + strlen (buf) , NULL, kt",1,1,2
!(ts & ~BEGIN_SPEC) && ts,1,1,2
h->to != NULL,1,1,2
TREE_INT_CST_LOW (DECL_SIZE_UNIT (t)) == ffestorag_size (st),1,1,2
ARITHMETIC_TYPE_P (t2) || VECTOR_TYPE_P (t2) || UNSCOPED_ENUM_P (t2),2,0,2
!DECL_NO_STATIC_CHAIN (i->context),1,1,2
arrays[i] != NULL,1,1,2
else_vals[regno],1,1,2
tv_get_ecr(v) == e,1,1,2
!STMT_VINFO_RELEVANT_P (stmt_info),1,1,2
!cgraph_node (decl)->clone.combined_args_to_skip,1,1,2
lexer->next_token->type == CPP_PRAGMA,1,1,2
!WEBS(SELECT),1,1,2
(min_ovf == -1 && max_ovf == 0) || (max_ovf == 1 && min_ovf == 0),1,1,2
iv_loop == (bb_for_stmt (iv_phi))->loop_father,1,1,2
opctr == count * 2,1,1,2
ret == Z_VERSION_ERROR,2,0,2
old_rec == NULL,2,0,2
!node_info->global,1,1,2
DECL_P (key),1,1,2
regno_save_mem[regno][1],2,0,2
"""_token_use: null token"" == NULL",1,1,2
"__w <= std::numeric_limits<_UIntType>::digits, ""template argument __w out of bound""",1,1,2
"stmts_are_full_exprs_p, 19990831",1,1,2
p->bk == b || (unsigned long)chunksize(p->bk) >= (unsigned long)chunksize(p),1,1,2
"id->target_exprs->elements_used != 0, 20000430",1,1,2
__left == __result_left || 1 == __result_left->_M_refcount,1,1,2
"!DECL_SAVED_INSNS (fn), 20010903",1,1,2
"TREE_CODE (rval) == VAR_DECL, 217",1,1,2
!lvalue_p (rval),1,1,2
p->next->previous == p,1,1,2
TREE_CHAIN (args) == NULL,1,1,2
next_offset / BITS_PER_UNIT >= total_bytes,1,1,2
cfa.reg == dw_frame_pointer_regnum,1,1,2
!*dslot,1,1,2
(reg_inuse & (1 << (R))) == 0,2,0,2
 ((_RAIter1)__seq0 - __seqs_begin[0].first) + ((_RAIter1)__seq1 - __seqs_begin[1].first) + ((_RAIter1)__seq2 - __seqs_begin[2].first) == orig_length,1,1,2
sec_mem_p,1,1,2
(unsigned long)&u7.f == rsp+392,1,1,2
"cp_lexer_next_token_is (parser->lexer, CPP_EQ)",2,0,2
!df->regs[regno].defs,1,1,2
!new_node->same_comdat_group,1,1,2
name_space->attribute_hash.is_created (),1,1,2
ISDIGIT (*name),1,1,2
location != 0,1,1,2
!old->aka,1,1,2
TREE_CODE_CLASS (code) == tcc_unary || TREE_CODE_CLASS (code) == tcc_binary || TREE_CODE_CLASS (code) == tcc_comparison || TREE_CODE_CLASS (code) == tcc_reference || TREE_CODE_CLASS (code) == tcc_expression || TREE_CODE_CLASS (code) == tcc_vl_exp || TREE_CODE_CLASS (code) == tcc_exceptional || TREE_CODE_CLASS (code) == tcc_declaration,1,1,2
PHI_NUM_ARGS (phi) <= PHI_ARG_CAPACITY (phi),1,1,2
2 * ncodes == nposns,1,1,2
!node->analyzed && !vec_safe_length (node->ref_list.references),1,1,2
!processing_template_decl || SCALAR_TYPE_P (type),1,1,2
"__r <= __w, ""template argument __r out of bound""",1,1,2
nb_parameters == SESE_PARAMS (region).length (),1,1,2
codes != NULL,1,1,2
comp != NULL,2,0,2
GET_CODE (cond) == NE,1,1,2
_Alloc_traits::propagate_on_container_swap::value || _M_get_Tp_allocator() == __x._M_get_Tp_allocator(),2,0,2
(!pred_stop_p || n) && n <= 2 && (template0 != 9 || !n),1,1,2
TREE_CODE (class_type) == RECORD_TYPE,2,0,2
REG_P (first_push),2,0,2
TREE_CODE (TREE_TYPE (arg)) == BOOLEAN_TYPE,1,1,2
"gfc_compare_types (&a->ts, &b->ts)",1,1,2
adjusted,1,1,2
VN_INFO (val)->valnum == val,1,1,2
integer_zerop (DECL_FIELD_OFFSET (vfield)),1,1,2
"insn_data[icode].operand[0].predicate (target, GET_MODE (target))",1,1,2
TREE_CODE (retvar) == VAR_DECL && POINTER_TYPE_P (TREE_TYPE (retvar)),1,1,2
dst_mode == TImode || dst_mode == TFmode,1,1,2
"TREE_CODE (r) == PTRMEM_CST, 990811",1,1,2
!((long)newp & (RPAGESIZE - 1)),1,1,2
"t1 == NULL_TREE && t2 == NULL_TREE, 20001211",1,1,2
"VEC_length (tree, stmt_list) == 0",1,1,2
DECL_CHAIN (decl) == NULL_TREE,2,0,2
HAVE_split_stack_prologue,1,1,2
"info->fndecl == method, 238",1,1,2
inc,1,1,2
BINFO_SUBVTT_INDEX (binfo),1,1,2
"TREE_CODE (t1) == TEMPLATE_DECL, 279",1,1,2
n == nregs,1,1,2
gimple_transaction_body (stmt) == NULL,1,1,2
"!TEST_BIT (bb_in_list, bb->index)",1,1,2
INTVAL (pos) + len <= GET_MODE_BITSIZE (GET_MODE (inner)),1,1,2
"XEXP (link, 1) == 0",1,1,2
"pfile, answerp, type",1,1,2
coarray->expr_type == EXPR_VARIABLE,1,1,2
!reload_completed || !info->live_update,1,1,2
v_ann->mem_tag_kind == NOT_A_TAG || v_ann->mem_tag_kind == STRUCT_FIELD,1,1,2
TREE_CODE (rhs) == ADDR_EXPR || TREE_CODE (rhs) == COMPONENT_REF || really_overloaded_fn (rhs) || (flag_ms_extensions && TREE_CODE (rhs) == FUNCTION_DECL),1,1,2
values_float.f17 == f17,2,0,2
!(sa & (FFESYMBOL_attrsADJUSTS | FFESYMBOL_attrsCOMMON | FFESYMBOL_attrsDUMMY | FFESYMBOL_attrsEQUIV | FFESYMBOL_attrsINIT | FFESYMBOL_attrsNAMELIST | FFESYMBOL_attrsRESULT | FFESYMBOL_attrsSAVE)),1,1,2
unemitted_tinfo_decls != 0,1,1,2
!link->next || DF_REF_REGNO (link->next->ref) < FIRST_PSEUDO_REGISTER,1,1,2
TARGET_C99_FUNCTIONS,1,1,2
"new_decl != NULL_TREE, 19991203",1,1,2
flag_sel_sched_pipelining_outer_loops && current_loop_nest,2,0,2
poly1,2,0,2
record,1,1,2
"protect_list == NULL_TREE, 999",1,1,2
b == 1,1,1,2
ref_insn && se_insn,1,1,2
av->n_mmaps <= av->max_n_mmaps,1,1,2
"instance != NULL_TREE, 20020729",1,1,2
TREE_CODE (exp) == MEM_REF || TREE_CODE (exp) == TARGET_MEM_REF,1,1,2
!clone->in_other_partition,1,1,2
ref1 == ref2,1,1,2
trunc_optab->handlers[to_mode][full_mode].insn_code != CODE_FOR_nothing,1,1,2
!MEM_SCALAR_P (slot) && !MEM_IN_STRUCT_P (slot),1,1,2
t && (TREE_CODE (t) == OMP_SINGLE || TREE_CODE (t) == OMP_MASTER || TREE_CODE (t) == OMP_ORDERED || TREE_CODE (t) == OMP_CRITICAL),1,1,2
"(*insn_data[icode].operand[1].predicate) (targ1, mode)",1,1,2
"TREE_CODE (t) == FUNCTION_DECL || TREE_CODE (t) == TEMPLATE_DECL, 300",1,1,2
*cond,1,1,2
EXPR_P (target),1,1,2
STACK_BOUNDARY == PARM_BOUNDARY * 2,2,0,2
regno >= FIRST_STACK_REG,1,1,2
!TYPE_FIELDS (type) || TREE_CODE (TYPE_FIELDS (type)) != FIELD_DECL || !bitpos_of_field (TYPE_FIELDS (type)),1,1,2
"is_overloaded_fn (overload), 20030910",1,1,2
!name || TREE_CODE (name) == IDENTIFIER_NODE,1,1,2
(unsigned long)&ms8.x == rsp+456,1,1,2
"(char) gfc_wide_tolower (c) == ""*$omp""[i]",1,1,2
keep <= 1,1,1,2
"i != 0, 296",1,1,2
!TYPE_HAS_COMPLEX_DFLT (type),1,1,2
"mode != BLKmode, 205",1,1,2
"get_hard_regnum (regstack, *src) != -1",1,1,2
 flowrow_is_row(result) ,1,1,2
var->decl,1,1,2
"l != NULL, 19990904",1,1,2
newsize > a->nalloc,1,1,2
mask_perm_mask != NULL_TREE,1,1,2
!web->reg_rtx,1,1,2
GET_MODE_PRECISION (wider_mode) == GET_MODE_BITSIZE (wider_mode) && GET_MODE_PRECISION (mode) == GET_MODE_BITSIZE (mode),2,0,2
"timercmp (&stamps[0][1], &stamps[1][2], <)",1,1,2
values_long.i6 == i6,2,0,2
!glat_end[bb->index],1,1,2
deleting_dtor_node->same_comdat_group == NULL,1,1,2
barrier_args_size[INSN_UID (dest)] == cur_args_size,1,1,2
sf,2,0,2
gimple_assign_lhs (use->stmt) == cand->var_after,2,0,2
n->range == 64,2,0,2
"regrename_do_replace (this_head, old_reg)",1,1,2
attrs == FFESYMBOL_attrsetNONE,1,1,2
"VEC_length (basic_block, last_added_blocks) == 1 && VEC_index (basic_block, last_added_blocks, 0) == new_bb",1,1,2
GET_CODE (orig_x) == SUBREG && maybe_split_mode (GET_MODE (orig_x)) == VOIDmode,1,1,2
attr[attr_len - 1] == '_',1,1,2
rhs.offset == 0,1,1,2
!old_vec_stmt && !vec_stmt && !STMT_VINFO_VEC_STMT (stmt_info),1,1,2
SWITCH_LABELS (exp),1,1,2
parmnum == nargs,1,1,2
"IN (kind, N_SCIL_Node) || type_annotate_only",1,1,2
HOST_BITS_PER_WIDE_INT == 32,1,1,2
cgraph_state == CGRAPH_STATE_EXPANSION || cgraph_state == CGRAPH_STATE_FINISHED,1,1,2
src->profile_id == dst->profile_id,1,1,2
cfun->gimple_df->vop == NULL_TREE,1,1,2
"IS_AGGR_TYPE_CODE (TREE_CODE (arg)), 92",1,1,2
name && is_gimple_reg (name),1,1,2
elem_size && tree_fits_uhwi_p (elem_size),1,1,2
loop->temp_ss->data.info.dimen != 0,1,1,2
!dst->popcount && !a->popcount && !b->popcount && !c->popcount,1,1,2
ivs->upto >= use->id,1,1,2
length () <= len && len <= vecpfx_.alloc_,1,1,2
dmax.fits_uhwi (),1,1,2
!block_stack && !eh_stack,1,1,2
POINTER_TYPE_P (TREE_TYPE (base)),1,1,2
GET_MODE (dest) == GET_MODE (SA.partition_to_pseudo[src]),1,1,2
TREE_CODE (var) == SYMBOL_MEMORY_TAG || TREE_CODE (var) == NAME_MEMORY_TAG,1,1,2
DECL_EXTERNAL (n->symbol.decl),1,1,2
e->dest == EXIT_BLOCK_PTR && !e->succ_next && (e->flags & EDGE_FALLTHRU),1,1,2
main_odr_variant (t) == t,2,0,2
gimple_assign_rhs_code (stmt) == POINTER_PLUS_EXPR,1,1,2
opaque == Z_NULL,2,0,2
TREE_CODE (expr_type) == REFERENCE_TYPE,1,1,2
cnode->symbol.analyzed == cnode->symbol.definition,1,1,2
TREE_CODE (size_to) == INTEGER_CST && TREE_CODE (size_from) == INTEGER_CST,1,1,2
"decl == htab_find_with_hash (decl_for_uid_map, &key, key.uid)",1,1,2
TARGET_ABI_OPEN_VMS || this_is_asm_operands,2,0,2
var || uid == 0,1,1,2
"host_integerp (blen, 1) && host_integerp (bpos, 1) && host_integerp (flen, 1) && host_integerp (fpos, 1)",1,1,2
!is_mmapped(p),2,0,2
owl || other->type == PRECOLORED,1,1,2
opbuild_num_elems (&build_vuses) == VARRAY_ACTIVE_SIZE (clobbered_vuses),1,1,2
size_cost >= 0,1,1,2
av_p != NULL,1,1,2
ptr && pool->elts_free < pool->elts_allocated && pool->id == ALLOCATION_OBJECT_PTR_FROM_USER_PTR (ptr)->id,1,1,2
type->elements != NULL,1,1,2
nargs > 0,1,1,2
hi_index >= 0,1,1,2
TREE_CODE (tmp) == ARRAY_TYPE,1,1,2
!update_eh,1,1,2
opbuild_num_elems (&build_defs) == 0,1,1,2
current_basic_block == NULL,1,1,2
"TREE_CODE (t1) == TREE_VEC, 0",1,1,2
idx < map->n_elts,1,1,2
regbase != -1,2,0,2
r->type == ERT_MUST_NOT_THROW,2,0,2
old_val->lattice_val <= new_val.lattice_val || (old_val->lattice_val == new_val.lattice_val && old_val->value == new_val.value && old_val->mem_ref == new_val.mem_ref) || (do_store_ccp && old_val->lattice_val == CONSTANT && new_val.lattice_val == UNKNOWN_VAL),1,1,2
old_domain->NbColumns == new_domain->NbColumns && old_row < old_domain->NbRows && new_row < new_domain->NbRows,1,1,2
"TREE_CODE (name) == IDENTIFIER_NODE, 248",1,1,2
dst->n_var_parts == 1,1,1,2
SSA_VAR_P (base1) && SSA_VAR_P (base2),1,1,2
GET_MODE_SIZE (GET_MODE (op)) < 4,1,1,2
pex != NULL,1,1,2
TREE_CODE (ce->value) != TARGET_EXPR && TREE_CODE (ce->value) != AGGR_INIT_EXPR,1,1,2
TREE_CODE (TREE_TYPE (lhs)) == COMPLEX_TYPE,2,0,2
!TLS_SYMBOLIC_CONST (op1),1,1,2
LST_LOOP_P (loop1) && LST_LOOP_P (loop2),1,1,2
TARGET_Z10,1,1,2
gimple_code (gsi_stmt (gsi)) == GIMPLE_OMP_RETURN,2,0,2
"TREE_TYPE (arg) != NULL_TREE, 293",1,1,2
"buf, limit, answerp, type",1,1,2
"! TYPE_NEEDS_CONSTRUCTING (type), 317",1,1,2
int_registers_saved,2,0,2
0 == result || 1 == result -> refcount,1,1,2
r.a[0] == -5,2,0,2
DECL_VIRTUAL_P (ref1->referred->decl) && (TREE_CODE (ref1->referred->decl) == FUNCTION_DECL || TREE_CODE (ref1->referred->decl) == VAR_DECL),1,1,2
GET_CODE (real) == PARALLEL,1,1,2
!DECL_IS_BUILTIN (decl),1,1,2
"x == VEC_length (tree, build_v_may_defs)",1,1,2
str.t == t,2,0,2
VN_INFO (op)->visited || SSA_NAME_IS_DEFAULT_DEF (op),1,1,2
varpool_nodes_queue == node,1,1,2
jfunc->type == IPA_JF_CONST_MEMBER_PTR,1,1,2
"bytepos == 0 && XVECLEN (src, 0) && dest_size == tmp_size",1,1,2
web->old_web,1,1,2
"VEC_length (tree, *args) == 1 && !(flags & LOOKUP_ONLYCONVERTING)",1,1,2
ts->kind == 10 || ts->kind == 16,1,1,2
node->extra_name->extra_name == node,1,1,2
"orig_last, 20010611",1,1,2
unswitch_on->succ->succ_next != NULL,1,1,2
varpool_last_needed_node,1,1,2
!flag_guess_branch_prob,1,1,2
!of,1,1,2
single_pages,1,1,2
bmap->n_bits >= start + n,1,1,2
info->bb_to_remove == info->edge_to_remove->dest,1,1,2
r->u.cleanup.prev_try,1,1,2
p->ref->next,1,1,2
bb->succ->succ_next->flags & EDGE_FALLTHRU,1,1,2
GET_MODE_INNER (mode) == GET_MODE (trueop),1,1,2
frame_pointer_needed || !isr_p || !crtl->is_leaf,2,0,2
is_gimple_min_invariant (op->op0),1,1,2
(ffelab_type (ffestc_label_) == FFELAB_typeLOOPEND) || (ffelab_type (ffestc_label_) == FFELAB_typeANY),1,1,2
"!building_stmt_tree () == is_global, 20030726",1,1,2
"!REG_P (SA.partition_to_pseudo[dest]) || dest_mode == promote_decl_mode (var, &unsignedp)",1,1,2
arg0 != NULL_TREE && arg1 != NULL_TREE,2,0,2
(u->regno >= max_normal_pseudo) == (v->regno >= max_normal_pseudo),1,1,2
!TARGET_V32,2,0,2
GET_CODE (from_expand) == MEM,1,1,2
base != NULL_TREE && (pbitpos % BITS_PER_UNIT) == 0,1,1,2
"DECL_IMPLICIT_INSTANTIATION (decl) || DECL_VTABLE_OR_VTT_P (decl) || DECL_TINFO_P (decl), 20040725",1,1,2
values_float.f19 == f19,2,0,2
"!current_type_lookups, 20010301",1,1,2
((char*)p + sz) <= ((char*)(av->top)),1,1,2
m->owner == 0,2,0,2
alias (try)->type == PRECOLORED,1,1,2
sym->attr.flavor == FL_DERIVED && symtree->n.sym->attr.flavor == FL_PROCEDURE,1,1,2
label == NULL_TREE || TREE_CODE (label) == CASE_LABEL_EXPR,1,1,2
relevance == vect_unused_in_loop,1,1,2
!dest->symbol.definition || dest->symbol.address_taken || !id->src_node->symbol.definition || !id->dst_node->symbol.definition,1,1,2
obj->data.deallocated_p,1,1,2
!v || TREE_CODE (v) == POINTER_PLUS_EXPR,1,1,2
deps->reg_last == NULL,2,0,2
!(*split_p),1,1,2
!GC_help_wanted,1,1,2
info.shift1,2,0,2
"sese_contains_loop (region, loop)",1,1,2
ARITHMETIC_TYPE_P (t2) || TREE_CODE (t2) == COMPLEX_TYPE || TREE_CODE (t2) == VECTOR_TYPE || TREE_CODE (t2) == ENUMERAL_TYPE,1,1,2
exit,2,0,2
!seen (bb),1,1,2
!VAR_P (decl) || DECL_IN_AGGR_P (DECL_TEMPLATE_RESULT (tmpl)),1,1,2
"XVECLEN (sel, 0) == nelt",2,0,2
cfun_gpr_save_slot (gpr_regno) != -1,1,1,2
"same_type_ignoring_top_level_qualifiers_p (TREE_TYPE (t), TREE_TYPE (ctor))",1,1,2
t == ep->initial_offset,1,1,2
var_ann (var)->type_mem_tag == NOT_A_TAG,1,1,2
"XINT (unspec, 1) == UNSPEC_PCREL_SYM",2,0,2
"GIMPLE_RETURN, gimple_code (stmt_b)",2,0,2
!node->same_body,1,1,2
TREE_CODE (bind) == BIND_EXPR,1,1,2
GET_MODE_BITSIZE (mode) == 2 * HOST_BITS_PER_WIDE_INT,1,1,2
asm_noperands (PATTERN (insn)) >= 0,1,1,2
ops->code == VEC_RSHIFT_EXPR,1,1,2
ix86_cfun_abi () != MS_ABI || function_call_abi != SYSV_ABI,1,1,2
!(low & ~low_mask),1,1,2
"lhs.var < VEC_length (varinfo_t, varmap)",1,1,2
_M_size == __ma._M_sz,1,1,2
sub->color == omega_black,1,1,2
pmaphi,1,1,2
"""INQUIRE(IOLENGTH=<var>) not implemented yet! ~~~"" == NULL",1,1,2
"DECL_TEMPLATE_INFO (t) != NULL_TREE, 0",1,1,2
child->l->signal_node,2,0,2
TREE_CODE (stmt) != LABEL_EXPR,1,1,2
"same_type_p (TREE_TYPE (decl_parms), TREE_TYPE (clone_parms)), 20010424",1,1,2
"!(e=cgraph_edge (caller, call_stmt)) || e->speculative",1,1,2
i + 1 < argc && (args[i + 1] & PARAM_ARG) != 0,1,1,2
written = r,1,1,2
d1 && d2,2,0,2
parts.index != NULL_RTX,1,1,2
BRANCH_EDGE (iter_part_bb)->dest == FALLTHRU_EDGE (cont_bb)->dest,1,1,2
 EXPR_LOCATION (jump_func->value.constant) == UNKNOWN_LOCATION,1,1,2
GET_CODE (r1) == SYMBOL_REF,1,1,2
bitmap_empty_p (gimple_call_clobbered_vars (cfun)),1,1,2
!gnu_decl || (!associate_gnat_to_gnu[gnat_entity - First_Node_Id] && (no_check || DECL_P (gnu_decl))),1,1,2
 a && b ,1,1,2
"! current_binding_level->namespace_p, 980716",1,1,2
((unsigned)(char *)copy_space & 0xF) == 0,1,1,2
type == TYPE_MAIN_VARIANT (type),1,1,2
max_digits <= buf_size,2,0,2
"cfa_temp.reg == dwf_regno (XEXP (XEXP (dest, 0), 0))",1,1,2
"TREE_CODE (TREE_VALUE (t)) == TEMPLATE_DECL, 276",1,1,2
GET_CODE (cond) == REG && REGNO (cond) == AR_LC_REGNUM,1,1,2
rhs_code == EQ_EXPR || rhs_code == NE_EXPR || rhs_code == TRUTH_XOR_EXPR,1,1,2
"VEC_length (tree, build_uses) == 0",1,1,2
(*ts & SPECULATIVE) && !(*ts & ~SPECULATIVE),1,1,2
object2,1,1,2
glat_end[bb->index],1,1,2
"TYPE_NAME (value) != NULL_TREE, 261",1,1,2
parm->category == parameter_category,1,1,2
"(void *)(0, ZERO)",2,0,2
count >= 1,1,1,2
gsi_stmt (gsi_last_bb (bb)) == stmt,2,0,2
"(""Infinite loop detected"" != NULL) && (a != b)",1,1,2
GET_MODE (op0) == *inner_mode,1,1,2
"PHI_ARG_DEF_FROM_EDGE (phi, scop_exit) == NULL",1,1,2
bitmap_empty_p (build_loads),1,1,2
"field == TREE_OPERAND (mem_expr, 1)",1,1,2
TMPL_ARGS_HAVE_MULTIPLE_LEVELS (args) && missing_level > 1,1,1,2
VARRAY_ACTIVE_SIZE (access_fns) == 1,1,1,2
(TREE_CODE (var) == VAR_DECL && VAR_DECL_IS_VIRTUAL_OPERAND (var)) || !is_global_var (var),1,1,2
!ret || ((const struct expr_hash_elt *)p1)->hash == ((const struct expr_hash_elt *)p2)->hash,1,1,2
"""bad stmt->id"" == NULL",1,1,2
GET_MODE (result) == mode,1,1,2
(tcol + tofs >= scol + sofs + ssize) || (scol + sofs >= tcol + tofs + tsize),1,1,2
TREE_CODE (in_op) == TREE_LIST,1,1,2
!jump_p || ((current_sched_info->flags & SCHED_RGN) && IS_SPECULATION_BRANCHY_CHECK_P (insn)) || (current_sched_info->flags & SCHED_EBB),1,1,2
SYMBOL_REF_DECL (symbol),2,0,2
pointers != NULL,1,1,2
mode == SFmode,2,0,2
decl_ring[ring_counter] != current_function_decl,1,1,2
 gen_e_list_empty(split.matched2) ,1,1,2
!flag_unit_at_a_time || cgraph_global_info_ready,1,1,2
new_decl,2,0,2
(!cfun->machine->frame.saved_varargs_size || cfun->stdarg) && (cfun->stdarg || !cfun->machine->frame.saved_varargs_size),1,1,2
filename,2,0,2
bb_info->adef,1,1,2
n < MAX_INSNS_PER_PEEP2 + 1,1,1,2
di->nodes == (unsigned int) n_basic_blocks_for_fn (cfun) - 1,1,1,2
!POINTER_TYPE_P (t1) && !POINTER_TYPE_P (t2),1,1,2
mi->dimension_size[i],1,1,2
real,1,1,2
"register_operand (operands[1], mode)",1,1,2
!bd->vrp_variables || VARRAY_ACTIVE_SIZE (bd->vrp_variables) == 0,1,1,2
parm_die->die_parent->die_tag == DW_TAG_GNU_formal_parameter_pack,1,1,2
t->text[start] == '$',1,1,2
"TREE_CODE (t2) == TREE_VEC, 0",1,1,2
u == DECL_GET_RESTRICT_BASE (t),1,1,2
"j <= 999, 369",1,1,2
gimple_code (label) == GIMPLE_LABEL || is_gimple_debug (label),1,1,2
"p, r",1,1,2
t && ib_main.p <= ib_main.len,1,1,2
regno < ira_reg_equiv_len,2,0,2
cur_cd_chain->length () == cur_chain_len,2,0,2
"""REAL4/INTEGER bad source kind type"" == NULL",1,1,2
integer_zerop (op1) || integer_onep (op1),1,1,2
TREE_CODE (var) != ALIGN_INDIRECT_REF,1,1,2
dist.fits_uhwi (),1,1,2
REGNO (v->src_reg) < ivs->n_regs,1,1,2
flags & LOOP_TREE,1,1,2
"INTVAL (XEXP (link, 0)) == NOTE_INSN_LOOP_BEG || INTVAL (XEXP (link, 0)) == NOTE_INSN_LOOP_END",1,1,2
info->size > 0,1,1,2
"TREE_PURPOSE (vtbl) == rtti_binfo, 20010126",1,1,2
!dst->agg.items,2,0,2
!NOTE_P (from),1,1,2
VAR_LOC_1PAUX (var)->depth,1,1,2
r -> refcount >= 1,1,1,2
dfsnum == n_basic_blocks,1,1,2
TODO_SPEC (insn) == HARD_DEP || TODO_SPEC (insn) == DEP_POSTPONED,2,0,2
occ != t,2,0,2
! high || (TREE_TYPE (low) == TREE_TYPE (high)),1,1,2
!is_gimple_reg (old),1,1,2
TREE_CODE (t) == FUNCTION_DECL || TREE_CODE (t) == TYPE_DECL || TREE_CODE (t) == VAR_DECL,1,1,2
"!splay_tree_lookup (ctx->field_map, (splay_tree_key) var)",1,1,2
"TREE_CODE (intype) != REFERENCE_TYPE, 364",1,1,2
lv <= pbb_nb_local_vars (pbb),1,1,2
r1 != NULL,1,1,2
"TREE_CODE (old_init) == TREE_LIST, 20021202",1,1,2
expr->ts.cl->length,1,1,2
"register_operand (addr, DImode)",2,0,2
REG_P (other),1,1,2
GET_CODE (loc) == VALUE,2,0,2
c_reg,1,1,2
"immediate_size_expand == 0, 19990926",1,1,2
symtab_get_symbol_partitioning_class (node) == SYMBOL_DUPLICATE || DECL_COMDAT (node->decl) || !symbol_partitioned_p (node),1,1,2
node->refcount > 0 && node->index == NO_INDEX_ASSIGNED,1,1,2
CONVERT_EXPR_CODE_P (code) || code == FLOAT_EXPR || code == FIX_TRUNC_EXPR,1,1,2
(r1val.lattice_val == CONSTANT && TREE_CODE (r1val.value) == INTEGER_CST) || r1val.mask.is_minus_one (),1,1,2
"register_operand (operands[0], mode)",1,1,2
ptr->iter_type == ssa_op_iter_maymustdef,1,1,2
index < gs->gimple_asm.ni && TREE_CODE (in_op) == TREE_LIST,1,1,2
fsym->ts.u.derived == e->ts.u.derived,1,1,2
"DECL_P (decl), 20020812",1,1,2
new_reversed,1,1,2
INSN_UID (INSN) <= max_uid,1,1,2
"""item 3 of 7"", ""item %i of %i"", 3, 7",1,1,2
rcli->condition != const1_rtx,1,1,2
"locus < RESERVED_LOCATION_COUNT || locus >= LINE_MAP_MAX_LOCATION_WITH_COLS || locus >= LINEMAPS_MACRO_LOWEST_LOCATION (set) || pure_location_p (set, locus)",1,1,2
*p,2,0,2
context && TREE_CODE (context) == FUNCTION_DECL,1,1,2
text->locus,1,1,2
access->grp_to_be_replaced,1,1,2
"ix + len <= prefix_.num_, ""block_remove"", T, base",1,1,2
(flags & GOVD_LOCAL) == 0,1,1,2
num_ops >= 3,1,1,2
!(precision & (precision - 1)),1,1,2
"COMPLETE_TYPE_P (type), 20040620_3",1,1,2
(!refered_node) ^ (!refered_varpool_node),1,1,2
GET_CODE (SET_SRC (op1)) == COMPARE,2,0,2
slot && *slot == (void *) victim,1,1,2
z,1,1,2
size == ALLOCNO_NUM_OBJECTS (allocno),1,1,2
!m_reverse,2,0,2
!DECL_WEAK (vnode->symbol.decl) || vnode->symbol.weakref || TREE_PUBLIC (vnode->symbol.decl) || DECL_EXTERNAL (vnode->symbol.decl),1,1,2
!(e),2,0,2
(abi > FFI_FIRST_ABI) && (abi < FFI_LAST_ABI),1,1,2
pi->state == reentrant,1,1,2
dataflow->problem->dir,1,1,2
double_int_fits_in_uhwi_p (dist),1,1,2
!*DECL_VAR_ANN_PTR (var),1,1,2
fcode == BUILT_IN_MEMSET || fcode == BUILT_IN_BZERO,1,1,2
"r != NULL, 20020903",1,1,2
0 < i,1,1,2
current_mask_element >= 0 && current_mask_element < 2 * nunits,1,1,2
FREE_BIN_DELTA == MAX_ALIGNMENT,1,1,2
No (Name (gnat_node)) && Exception_Mechanism == Back_End_Exceptions,1,1,2
node->same_body_alias,1,1,2
tab->partition_dep_list[partition],1,1,2
node->clone_of || !cgraph_function_with_gimple_body_p (node) || in_lto_p || DECL_RESULT (node->decl),1,1,2
p_ann->symbol_mem_tag == NULL_TREE,1,1,2
for_stmt != NULL_TREE,1,1,2
use0 != use1,1,1,2
ss->data.info.dimen == loop->dimen,1,1,2
ref->refered_type == IPA_REF_VARPOOL,1,1,2
df_live,1,1,2
"current_class_ptr == NULL_TREE, 19990908",1,1,2
"mda_classify_address (&ai, SImode, XEXP (ops[iaddr], 0), true)",1,1,2
arg == NULL_TREE,1,1,2
TREE_CODE (attr) == STRING_CST,1,1,2
a && AT_class (a) == dw_val_class_loc_list,2,0,2
df->postorder,2,0,2
valx1->val_class == dw_val_class_loc && valy1->val_class == dw_val_class_loc && x->dw_loc_addr == y->dw_loc_addr,1,1,2
"!TYPE_IS_SIZETYPE (TREE_TYPE (value)), 20001021",1,1,2
vro->opcode == COMPONENT_REF,1,1,2
"cuStreamSynchronize, s->stream",2,0,2
!stream->is_compression,2,0,2
REG_P (dreg),2,0,2
"wi::les_p (minv, maxv)",0,2,2
nconds != 0,2,0,2
i >= vc,1,1,2
__cplusplus >= 201103L || __pos < size(),2,0,2
"!DECL_RESULT_THUNK_P (function) || this_adjusting, 20031123",1,1,2
callee->local.lto_file_data == file_data,1,1,2
"pfile, option, str",1,1,2
"cfa_store.reg == dwf_regno (XEXP (src, 0))",1,1,2
num_elements == 2,1,1,2
node->aux != part,1,1,2
TREE_CODE (sections_stmt) == OMP_SECTIONS,1,1,2
!resolution_guessed_p (node),1,1,2
"nelems >= 0, ""space"", T, base",1,1,2
"TYPE_ATTRIBUTES (t) == NULL_TREE, 20040113",1,1,2
"ssa_default_def (cfun, arg) == NULL",1,1,2
"t, comp_code, value, bb, NULL, si",1,1,2
targets,1,1,2
stream->is_compression,2,0,2
(unsigned long)(old_size) < (unsigned long)(nb + MINSIZE),1,1,2
rvalue < 0 || GET_MODE (x) != VOIDmode,1,1,2
"REGNO (XEXP (XEXP (dest, 0), 0)) == STACK_POINTER_REGNUM && cfa_store.reg == dw_stack_pointer_regnum",1,1,2
c != p->die_child,1,1,2
CONVERT_EXPR_P (result) || TREE_CODE (result) == VIEW_CONVERT_EXPR,1,1,2
"DECL_INITIAL (dtor) != void_type_node, 221",1,1,2
passes_,1,1,2
!cgraph_preserve_function_body_p (node),1,1,2
(step > 0 && start < end) || (step < 0 && start > end),2,0,2
regno < FIRST_PSEUDO_REGISTER || reg_renumber[regno] >= 0 || reg_equiv_constant (regno) == NULL_RTX,2,0,2
CONSTANT_ADDRESS_P (offset),1,1,2
! flowrow_is_alias(fv_get_alias((flow_var)r)) ,1,1,2
reg_info_p,2,0,2
sig <= SREAL_MAX_SIG && sig >= SREAL_MIN_SIG,2,0,2
"42, bitmap_first_set_bit (b)",2,0,2
CLASSOF (subclass)->super_class == CLASSOF (impostor),1,1,2
stack_alignment_needed <= PREFERRED_STACK_BOUNDARY / BITS_PER_UNIT,1,1,2
inlined_call_time >= 0,1,1,2
!is_reserved_key (key),2,0,2
TARGET_INLINE_ALL_STRINGOPS,1,1,2
insn_size <= sched_ib.filled,1,1,2
!no_rtl,2,0,2
code == BIT_AND_EXPR || code == BIT_IOR_EXPR,2,0,2
"operator_code != LAST_CPLUS_TREE_CODE, 20000526",1,1,2
operands[1] == CONST0_RTX (TFmode),1,1,2
!w->l->frame_ff,2,0,2
av->value,2,0,2
dflow->block_info,2,0,2
"get_alias_set (data_ref) == get_alias_set (gimple_assign_rhs1 (stmt)) || alias_set_subset_of (get_alias_set (data_ref), get_alias_set (gimple_assign_rhs1 (stmt)))",1,1,2
"r, sizeof ((foo ()).c) == 17",2,0,2
TREE_CODE (bsi_stmt (si)) == OMP_PARALLEL,1,1,2
TREE_CODE (s2) == GIMPLE_MODIFY_STMT,1,1,2
"VEC_length (T, this) + len <= prefix_.alloc_, ""splice"", T, base",1,1,2
"TREE_CODE_CLASS (TREE_CODE (decl)) == 't', 273",1,1,2
!in_prefix,1,1,2
"lst_perfectly_nested_p (loop1, loop2)",1,1,2
"TREE_CODE (expr) == ADDR_EXPR, 20000604",1,1,2
"TREE_CODE (decl) == VAR_DECL, 20000403",1,1,2
coloring < 0,2,0,2
option->flag_var,1,1,2
"TYPE_HAS_TRIVIAL_INIT_REF (type), 317",1,1,2
e && e->expr_type == EXPR_FUNCTION,1,1,2
"TREE_INT_CST_NUNITS (x) == 1 || (TREE_INT_CST_NUNITS (x) == 2 && TREE_INT_CST_ELT (x, 1) == 0)",1,1,2
"3, n_basic_blocks_for_fn (fun)",2,0,2
implicit_built_in_decls[BUILT_IN_STRCPY] != NULL_TREE,1,1,2
TREE_CODE (arg) == ADDR_EXPR,1,1,2
"""bad command"" == NULL",1,1,2
"EDGE_SUCC (bb, 1)->flags & EDGE_FALLTHRU",1,1,2
TREE_CODE (section_name) == STRING_CST,1,1,2
!(bitpos % BITS_PER_UNIT),1,1,2
TREE_CODE (name2) == IDENTIFIER_NODE,1,1,2
"VEC_length (tree, g->copy_block) == 0",1,1,2
r->decimal,1,1,2
ti->beg_row && ti->end_row,1,1,2
"TREE_CODE (type) == ENUMERAL_TYPE, 324",1,1,2
!node->thunk.thunk_p,1,1,2
"STORE_BY_PIECES_P (len, align)",1,1,2
"!PROMOTES_TO_AGGR_TYPE (lhstype, REFERENCE_TYPE), 978652",1,1,2
"!(TREE_CODE (d) == VAR_DECL && !DECL_IN_AGGR_P (DECL_TEMPLATE_RESULT (td))), 0",1,1,2
in_smallbin_range(nb),1,1,2
"DECL_LANG_SPECIFIC (r) != 0, 0",1,1,2
bit != 0,1,1,2
bsi_stmt (loop_exit_bsi) == orig_cond,1,1,2
!SWITCH_BODY (swtch),1,1,2
"TREE_CODE (BINDING_VALUE (binding)) == TYPE_DECL && DECL_ARTIFICIAL (BINDING_VALUE (binding)), 0",1,1,2
loop->exit_edges[0]->dest == new_loop->pre_header,1,1,2
test->type == DT_accept_insn,1,1,2
"__c <= (__detail::_Shift<_UIntType, __w>::__value - 1), ""template argument __c out of bound""",1,1,2
!is_invisiref_parm (OMP_CLAUSE_DECL (stmt)),1,1,2
"name, sym_length, hashcode",1,1,2
ctx->is_nested,1,1,2
FFESYMBOL_state == ARRAY_SIZE (ffesymbol_state_name_),1,1,2
region != NULL,2,0,2
"BINFO_INHERITANCE_CHAIN (binfo) == NULL_TREE, 980827",1,1,2
n >= 0 && n < 16,1,1,2
"IS_AGGR_TYPE (type), 220",1,1,2
!gimplify_ctxp,1,1,2
"TREE_CODE (type) != METHOD_TYPE, 20011231",1,1,2
TREE_CODE (*op) != ALIGN_INDIRECT_REF,1,1,2
"convert_optab_handler (trunc_optab, to_mode, full_mode)->insn_code != CODE_FOR_nothing",1,1,2
sub->related_cands == NULL,1,1,2
"!REAL_VALUES_LESS (bcv, dconst1)",1,1,2
page_size >= size,1,1,2
new_name_ptr,1,1,2
(*(struct int_tree_map **)loc) == NULL,1,1,2
_M_container.size() == n,2,0,2
!current_frame_info.reg_save_ar_unat,1,1,2
r.a[3] == 0xff,2,0,2
web->regno >= FIRST_PSEUDO_REGISTER,1,1,2
in_use == zone->allocated,1,1,2
!e->speculative && !e->indirect_unknown_callee,1,1,2
TREE_CODE (val) == INDIRECT_REF,1,1,2
ref->die_offset,2,0,2
"!DECL_DISCRIMINATOR_P (fdecl), 20030624",1,1,2
HARD_FRAME_POINTER_REGNUM == ARG_POINTER_REGNUM || rtl != arg_pointer_rtx,1,1,2
node != boolean_type_node && node != boolean_true_node && node != boolean_false_node && node != double_type_node,1,1,2
alias || TREE_CODE (t) != VAR_DECL || varpool_get_node (t)->definition,1,1,2
reg_size == 0 || reg_size == epiphany_stack_offset,1,1,2
!(code == GE || code == GEU || code == LE || code == LEU || code == NE),1,1,2
ret == Z_BUF_ERROR,2,0,2
next_stmt_exploc.file == body_exploc.file,1,1,2
TREE_TYPE (sc) == TREE_TYPE (vectype),1,1,2
loop_a < loop_b,1,1,2
r.a[7] == -1,2,0,2
handled,1,1,2
max_saved_tokens > toknum,1,1,2
"__c <= (__detail::_Shift<_UIntType, __w>::__value - 1), ""mersenne_twister_engine template arguments out of bounds""",1,1,2
"d == VEC_address (constructor_elt, data)",1,1,2
REGNO (base) < FIRST_PSEUDO_REGISTER,2,0,2
!oldreg || oldreg == DF_REF_REG (ref),1,1,2
values_int.i9 == i9,2,0,2
nimms < AARCH64_NUM_BITMASKS,1,1,2
"TREE_CODE (t) == COMPOUND_STMT, 42",1,1,2
new_symtree == root,2,0,2
(unsigned long)(av->sbrked_mem) <= (unsigned long)(av->max_sbrked_mem),1,1,2
ret == 1 && signal_count == 1,1,1,2
"TREE_CODE (TREE_OPERAND (addr, 0)) == FUNCTION_DECL",1,1,2
!vnode->finalized || prevailing_node->finalized,1,1,2
loop->num_nodes == 2,1,1,2
gdk_pixbuf_get_n_channels (buf) == total_channels,1,1,2
TREE_CODE (decl) == VAR_DECL ? DECL_HAS_INIT_PRIORITY_P (decl) : DECL_STATIC_CONSTRUCTOR (decl),1,1,2
base_object != NULL_TREE,1,1,2
find (i) == i || !(vi = get_varinfo (find (i)))->may_have_pointers,1,1,2
"rtx_equal_p (operands[0], operands[1])",2,0,2
"!TREE_PURPOSE (src), 20010529",1,1,2
worklist.is_empty (),2,0,2
"__builtin_memcmp (&a14, &n14, sizeof (a14)) == 0",2,0,2
slot && *slot,1,1,2
JUMP_TABLE_DATA_P (insn) || GET_CODE (PATTERN (insn)) == USE || GET_CODE (PATTERN (insn)) == CLOBBER || GET_CODE (PATTERN (insn)) == ASM_INPUT,1,1,2
"TREE_CHAIN (h->list) == 0, 304",1,1,2
"__w >= __s, ""mersenne_twister_engine template arguments out of bounds""",1,1,2
current_class_type && LOCAL_CLASS_P (current_class_type),1,1,2
TREE_CODE (t) != FUNCTION_DECL,1,1,2
chunksize(p) == small_index2size(idx),2,0,2
"VEC_empty (rtx, worklist)",1,1,2
var2 == 2,2,0,2
mode_no >= 0,2,0,2
"TREE_CODE (component) == TYPE_EXPR, 254",1,1,2
(sz & CHUNK_ALIGN_MASK) == 0,2,0,2
newss->dimen > 0 || newss->data.info.ref->u.ar.as->corank > 0,1,1,2
"DECL_INITIAL (decl) == error_mark_node || (TREE_CODE (DECL_INITIAL (decl)) == CONSTRUCTOR && CONSTRUCTOR_ELTS (DECL_INITIAL (decl)) == NULL_TREE), 199",1,1,2
bitsize == GET_MODE_BITSIZE (mode),1,1,2
ie->indirect_info->anc_offset == 0,1,1,2
speculation_valid,1,1,2
t <= 3,1,1,2
"to != from, 20010905",1,1,2
"TREE_CONSTANT (DECL_SIZE (tempvar)), 315",1,1,2
(mask.low & (aligni - 1)) == 0,1,1,2
num_ovr_objs == num_overlapping_objs,1,1,2
gimple_num_ops (gs) >= 3,2,0,2
dn_pool == NULL && dl_pool == NULL,1,1,2
"""`\33[01m\33[Kfoo\33[m\33[K' 12345678"", ""%qs %x"", ""foo"", 0x12345678",1,1,2
thread_gc_id->flags & FINISHED,1,1,2
alloc - num < (unsigned) reserve,1,1,2
"INTEGRAL_OR_ENUMERATION_TYPE_P (type), 20030703",1,1,2
"same_type_ignoring_top_level_qualifiers_p (TREE_TYPE (*t), TREE_TYPE (obj))",1,1,2
TREE_CODE (TREE_TYPE (t)) == POINTER_TYPE,1,1,2
entry->offset + offset_base == d + d_rounding,1,1,2
! saved_asm_out_file,2,0,2
npad > 0,1,1,2
!array_ptr_quals->type && !(apqbits & ~((1 << (int) RID_CONST) | (1 << (int) RID_VOLATILE) | (1 << (int) RID_RESTRICT))),1,1,2
GET_MODE_CLASS (mode) == MODE_INT || GET_MODE_CLASS (mode) == MODE_FLOAT,1,1,2
TREE_CODE (id) != TYPENAME_TYPE,1,1,2
"XVECLEN (PATTERN (insn), 0) == 2",2,0,2
processing_template_decl || expr == error_mark_node || TREE_CODE (expr) == DEFERRED_NOEXCEPT,1,1,2
"DECL_SAVED_INSNS (decl) == 0, 198",1,1,2
"is_overloaded_fn (method_name), 980519",1,1,2
is_valid != 0,2,0,2
r.a[7] == 16,2,0,2
"DECL_VIRTUAL_P (BINFO_VTABLE (TYPE_BINFO (t))), 20000116",1,1,2
REG_P (dest) && ((segment >= 0 && (REG_P (addr) || POST_INC == GET_CODE (addr))) || (GET_CODE (addr) == LO_SUM && segment == -1)),1,1,2
last_added_blocks != NULL,1,1,2
code == MULT_HIGHPART_EXPR,1,1,2
TYPE_MAIN_VARIANT (TREE_TYPE (texpr)) == TYPE_MAIN_VARIANT (TREE_TYPE (result)),1,1,2
NUM_V_MUST_DEFS (v_must_defs) == 1 || TREE_CODE (lhs) == SSA_NAME,1,1,2
"user_seq->kind == ck_user, 20030306",1,1,2
"VEC_length (int, epilogue) == 0",1,1,2
!note->processed,1,1,2
"IS_AGGR_TYPE (type), 20011113",1,1,2
0 <= split_pos && split_pos < (end - begin),1,1,2
INTEGRAL_TYPE_P (TREE_TYPE (decl)),1,1,2
(long)(sz) - (long)(s) >= 0,1,1,2
vlog2 >= 0 && vlog2 <= GET_MODE_UNIT_BITSIZE (mode) - 1,2,0,2
"VEC_empty (type_fixup, gimple_register_type_fixups)",1,1,2
"DECL_RTL (slot) != 0, 206",1,1,2
set1 && set2,1,1,2
"TREE_CODE (stmt) == MODIFY_EXPR && TREE_CODE (TREE_OPERAND (stmt, 1)) == ADDR_EXPR && TREE_OPERAND (TREE_OPERAND (stmt, 1), 0) == OMP_PARALLEL_DATA_ARG (entry_stmt)",1,1,2
!empty_var->in_changed_variables,2,0,2
"tree_int_cst_equal (delta, BINFO_VPTR_FIELD (vbase)), 20030202",1,1,2
loop->dimen != 0,1,1,2
code->ext.actual->next->next->expr->expr_type == EXPR_VARIABLE,2,0,2
p->previous->head->next->op == EXEC_DO || p->previous->head->next->op == EXEC_DO_WHILE,1,1,2
"!VEC_length (queued_reg_save, queued_reg_saves)",1,1,2
branch_code != NULL_RTX,2,0,2
map->__element_count == (size_t) (int) map->__element_count,1,1,2
"current_binding_level->parm_flag == 3, 166",1,1,2
fi->is_fn_info,1,1,2
!DECL_LOOP_PARM_P (decl) && DECL_RENAMED_OBJECT (decl),1,1,2
"NULL, stmt_b->next",2,0,2
MEM_ATTRS (dstv) == MEM_ATTRS (dst),2,0,2
code1 == BIT_AND_EXPR || code1 == BIT_IOR_EXPR,1,1,2
st->n.tb->u.generic,1,1,2
ffelex_token_->type == FFELEX_typeNONE,1,1,2
arc_simd_builtin_desc_list [i].args_type == Da_u3_rlimm,1,1,2
ffelex_card_size_ >= card_length,1,1,2
"!template_id, 20011228",1,1,2
!grouped_load && !STMT_VINFO_GATHER_P (stmt_info),1,1,2
old_name != new_name,1,1,2
next2->type == ERT_CATCH,1,1,2
curr_static_id->operand[0].type == OP_OUT && curr_static_id->operand[1].type == OP_IN,1,1,2
!GFC_DESCRIPTOR_TYPE_P (TREE_TYPE (from_data)),1,1,2
!is_negative_overflow_infinity (anti_min),1,1,2
tree_contains_struct[TRANSLATION_UNIT_DECL][TS_DECL_WITH_VIS],1,1,2
"compare_values (vr0.min, zero) == 1",1,1,2
"__builtin_memcmp (&a10, &n10, sizeof (a10)) == 0",2,0,2
!CASE_LOW (elt),1,1,2
i + j < nelt,2,0,2
""" "", 0",2,0,2
"legitimate_indirect_address_p (addr_op1, false)",1,1,2
"sym->ts.cl->length && sym->ts.cl->length->expr_type == EXPR_CONSTANT && mpz_cmp_si (sym->ts.cl->length->value.integer, 1)",1,1,2
!node->alias || !node->extra_name,1,1,2
newivs && newivs_index,1,1,2
a->type > FFI_TYPE_VOID ? a->alignment > 0 : 1,1,1,2
"SA.partition_to_pseudo[part] || defer_stack_allocation (name, true)",1,1,2
!node->symbol.alias && !node->symbol.weakref,1,1,2
GET_MODE_CLASS (mode) == MODE_INT || SCALAR_FLOAT_MODE_P (mode),1,1,2
"""Unexpected kind of format item in V020 TYPE"" == NULL",1,1,2
CONVERT_EXPR_CODE_P (gimple_assign_rhs_code (t)) || gimple_assign_rhs_code (t) == VIEW_CONVERT_EXPR,1,1,2
"in_fake_std > 0, 980421",1,1,2
"GET_CODE (XEXP (address, 1)) == CONST_INT",1,1,2
size <= gimple_ssa_operands (cfun)->ssa_operand_mem_size,1,1,2
cum->fregno == FP_ARG_MAX_REG && fmode == TFmode,1,1,2
is_ptr_ref || is_array_ref || is_addr_expr,1,1,2
gimple_code (reduc_def_stmt) == GIMPLE_PHI,1,1,2
! DEBUG_INSN_P (chain->insn),1,1,2
reg_equiv_constant[r],1,1,2
start_ix == BUILT_IN_GOMP_TARGET || start_ix == BUILT_IN_GOMP_TARGET_DATA || start_ix == BUILT_IN_GOMP_TARGET_UPDATE,1,1,2
!(vnode = varpool_get_node (decl)) || vnode->alias || !vnode->finalized,1,1,2
val->lattice_val != UNDEFINED,1,1,2
inuse(p),1,1,2
pvar->n_var_parts == 1,1,1,2
TREE_CODE (fn) == FUNCTION_DECL || is_gimple_call_addr (fn),2,0,2
!ti_desc_type_node,1,1,2
"complain & tf_error, 20011214",1,1,2
"TREE_VALUE (void_list_node) == void_type_node, 160",1,1,2
operand_memory == NULL,1,1,2
new_shift < sizeof (uintptr_t)*8,1,1,2
ds == -1,1,1,2
op2->expr_type == EXPR_CONSTANT && op2->ts.type == BT_INTEGER,1,1,2
!((size_t) p->page & (G.pagesize - 1)),1,1,2
sizeof (CUMULATIVE_ARGS) % sizeof (int) == 0,1,1,2
index < defs->num_defs,1,1,2
NUM_V_MAY_DEFS (STMT_V_MAY_DEF_OPS (stmt)) == 0,1,1,2
dvar->var_part[0].offset == 0,1,1,2
seq != gimple_seq_cache || gimple_seq_cache == NULL,1,1,2
n_basic_blocks == n_blocks,1,1,2
asm_p,1,1,2
base_dtor_node->same_comdat_group == NULL,1,1,2
TREE_CODE (TREE_PURPOSE (list)) == IDENTIFIER_NODE,1,1,2
"!TREE_ADDRESSABLE (type) && !ignore && TREE_TYPE (TREE_OPERAND (exp, 1)) != void_type_node && TREE_TYPE (TREE_OPERAND (exp, 2)) != void_type_node",1,1,2
(curr_properties & pass->properties_required) == pass->properties_required,1,1,2
"virtual_value, 20021026",1,1,2
length () <= len && len <= pfx_.alloc_,1,1,2
quals == orig_quals || TREE_CODE (argtype) == FUNCTION_TYPE,1,1,2
bb == 1,2,0,2
change,1,1,2
"flow_bb_inside_loop_p (loop, unswitch_on->succ->succ_next->dest)",1,1,2
GET_CODE (dest) == MEM,1,1,2
token->value,1,1,2
barrier_args_size[INSN_UID (insn)] < 0 || barrier_args_size[INSN_UID (insn)] == cur_args_size,1,1,2
gimple_body (decl),1,1,2
"x == VEC_length (tree, build_defs)",1,1,2
!TYPE_UNSIGNED (TREE_TYPE (decl)),1,1,2
zero_p (iv1->step),1,1,2
r.a[2] == 7,2,0,2
dig_no > int_no && exponent <= 0,1,1,2
"TREE_PUBLIC (decl), 0",1,1,2
"memory_address_p (mode, x)",1,1,2
tmpword != 0,1,1,2
"XEXP (x, 0) == pc_rtx",1,1,2
!bb->dom[dir],1,1,2
"(mask & 1) == 0 || !splay_tree_lookup (ctx->field_map, (splay_tree_key) var)",1,1,2
"TREE_CODE (type) == REFERENCE_TYPE, 187",1,1,2
"VEC_length (tree, build_vuses) == VEC_length (tree, clobbered_vuses)",1,1,2
"(REGNO (XEXP (XEXP (dest, 0), 0)) == STACK_POINTER_REGNUM) && cfa_store.reg == DW_STACK_POINTER_REGNUM",1,1,2
"bitmap_equal_p (saved_def, bb_info->def)",1,1,2
TREE_CODE (out_op) == TREE_LIST,1,1,2
TREE_PUBLIC (decl) && !DECL_ABSTRACT (decl),1,1,2
offset < le->bytes,1,1,2
!(edge_in->flags & EDGE_ABNORMAL),2,0,2
nlp->region == olp->region,1,1,2
"GIMPLE_ASSIGN, gimple_code (stmt_a)",2,0,2
w->l->frame_ff,2,0,2
QUEUE_INDEX (insn) != QUEUE_SCHEDULED,2,0,2
GET_CODE (NEXT_INSN (insn)) != JUMP_INSN,1,1,2
capacity,1,1,2
TREE_CODE (ret_stmt) == RETURN_EXPR,1,1,2
gimple_code (stmt) != GIMPLE_CALL || gimple_call_lhs (stmt) != NULL_TREE,1,1,2
"n == VEC_length (tree, fnb)",1,1,2
INTEGRAL_TYPE_P (lhs_type),2,0,2
"REG_P (XEXP (SET_SRC (set), 1)) && (REGNO (XEXP (SET_SRC (set), 1)) < FIRST_PSEUDO_REGISTER) && p->const_equiv[REGNO (XEXP (SET_SRC (set), 1))]",1,1,2
first_ei && second_ei,1,1,2
IS_EXPR_CODE_CLASS (class),1,1,2
m != 0,1,1,2
regno < SP_REGNUM,1,1,2
bb == bb_for_stmt (phi),1,1,2
ffesta_is_entry_valid,1,1,2
"_Base > 4, ""invalid digit""",1,1,2
LTM_ROWSIZE (transform) == LTM_COLSIZE (transform),1,1,2
size || !gmask,1,1,2
__mf_state == reentrant,1,1,2
!defattrs->offset,1,1,2
"""Serious error!"" == NULL",1,1,2
pid >= 0,1,1,2
entry && exit,1,1,2
TREE_CODE (*tp) != MISALIGNED_INDIRECT_REF,1,1,2
DF_REF_NEXT_REG (this_ref) == NULL,1,1,2
bv_ix <= GCOV_HISTOGRAM_BITVECTOR_SIZE,1,1,2
old->top == new->top,1,1,2
frame_pointer_needed ? stack_realign_fp != m->fs.fp_valid : !m->fs.fp_valid,1,1,2
n_threads != 0,2,0,2
node->symbol.aux || !symtab_function_p (node),1,1,2
alloc - num < reserve,1,1,2
TREE_CODE (var) != MISALIGNED_INDIRECT_REF,1,1,2
parent_die && parm_pack && DECL_NAME (parm_pack),1,1,2
handled == bndargs.length (),1,1,2
LOG_LINKS (jump),1,1,2
mi->malloc_for_level,1,1,2
!stree->typebound->is_generic,1,1,2
is_gimple_assign (use_stmt) && gimple_assign_rhs_code (use_stmt) == INDIRECT_REF,1,1,2
parser->tokens == &parser->tokens_buf[0],2,0,2
mark_count <= 3,1,1,2
"GET_CODE (XEXP (op, 0)) == REG",1,1,2
fnc == BUILT_IN_POW,1,1,2
TREE_CODE (vuse) == SSA_NAME,1,1,2
opnd1,1,1,2
CONVERT_EXPR_P (cond),1,1,2
TREE_CODE (t) == OMP_RETURN_EXPR,1,1,2
"get_alias_set (data_ref) == get_alias_set (gimple_assign_lhs (stmt)) || alias_set_subset_of (get_alias_set (data_ref), get_alias_set (gimple_assign_lhs (stmt)))",1,1,2
all_compares == NULL,1,1,2
(ffelex_token_type (first) == FFELEX_typeNAME) || (ffelex_token_type (first) == FFELEX_typeNAMES),1,1,2
"type != 0, 277",1,1,2
orig_insns,1,1,2
"for_type != basetype, 369",1,1,2
epilogue_p || abs (*first_offset <= 127),1,1,2
"targetm.calls.arg_partial_bytes (&args_so_far, Pmode, NULL_TREE, 1) == 0",1,1,2
"flow_bb_inside_loop_p (loop, EDGE_SUCC (unswitch_on, 0)->dest)",1,1,2
"queued_args_size == INTVAL (XEXP (insn, 1))",1,1,2
"1, bb_c->succs->length ()",2,0,2
GET_MODE_SIZE (inner_mode) <= 4,1,1,2
code->op == EXEC_ASSIGN,2,0,2
VLA_HWINT_LENGTH (tab->comb_vect) >= (size_t) (comb_vect_index + real_vect_length),1,1,2
!df->n_bbs || df->n_bbs == (unsigned int) last_basic_block,1,1,2
"(C), unsigned long long int",2,0,2
TYPE_PRECISION (type) <= TYPE_PRECISION (comb_type),1,1,2
linkage.dw_attr == DW_AT_MIPS_linkage_name,1,1,2
"TREE_CODE (ctor) == CALL_EXPR, 322",1,1,2
!field->collapsed_to,1,1,2
!node->externally_visible || define == (next->resolution == LDPR_PREVAILING_DEF_IRONLY || next->resolution == LDPR_PREVAILING_DEF || next->resolution == LDPR_UNDEF || next->resolution == LDPR_PREVAILING_DEF_IRONLY_EXP),1,1,2
u.s == c,2,0,2
grab_widget,1,1,2
arc_simd_builtin_desc_list [i].args_type == void_Va_Ib_u8,1,1,2
TREE_CODE (template) == TEMPLATE_DECL,1,1,2
"!vfield || DECL_FIELD_CONTEXT (vfield) == t, 20010726",1,1,2
"GET_CODE (SET_DEST (real)) == MEM && GET_CODE (XEXP (SET_DEST (real), 0)) == PLUS && GET_CODE (SET_SRC (real)) == REG",1,1,2
"__f <= (__detail::_Shift<_UIntType, __w>::__value - 1), ""mersenne_twister_engine template arguments out of bounds""",1,1,2
set_nomacro > 0,1,1,2
"strstr (fname, "".o"")",1,1,2
"flow_bb_inside_loop_p (loop, EDGE_SUCC (unswitch_on, 1)->dest)",1,1,2
"IDENTIFIER_GLOBAL_VALUE (name) == decl, 20000517",1,1,2
"!DECL_NAME (thunk) && DECL_THUNK_P (thunk), 20021127",1,1,2
TYPE_SIZE (expr) == TYPE_SIZE (mv),1,1,2
ffelex_eos_handler_ != NULL,1,1,2
e->speculative && !e->indirect_unknown_callee,2,0,2
TREE_ADDRESSABLE (t) == TREE_ADDRESSABLE (new_type),1,1,2
proc_sym->ts.cl->backend_decl != NULL,1,1,2
values_ldouble.f17 == f17,2,0,2
extend_insn != NULL,1,1,2
REG_NOTE_KIND (note) == REG_LABEL_OPERAND,2,0,2
"! TYPE_READONLY (TREE_TYPE (TREE_VALUE (parmtypes))), 241",1,1,2
p_ann->type_mem_tag == NULL_TREE,1,1,2
c == ' ',1,1,2
ffebld_op (item) == FFEBLD_opSYMTER,1,1,2
"TREE_CODE (decl) == VAR_DECL || TREE_CODE (decl) == FUNCTION_DECL, 20040805",1,1,2
"VEC_empty (same_succ, worklist)",1,1,2
"buf, buf + strlen ((char *) buf) , NULL_PTR, kt",1,1,2
"!type, 20040628",1,1,2
SCALAR_TYPE_P (type),1,1,2
"auto_delete == sfk_base_destructor, 20000411",1,1,2
e->call_stmt != call_stmt,1,1,2
!current_frame_info.reg_save_ar_lc,1,1,2
"path != NULL_TREE, 368",1,1,2
TREE_CODE (t) == OVERLOAD,1,1,2
!RECOVERY_BLOCK (check) && !ORIG_PAT (check) && QUEUE_INDEX (check) == QUEUE_NOWHERE,1,1,2
TREE_CODE (type) == POINTER_TYPE,1,1,2
i,2,0,2
"insn_operand_matches (icode, 1, x)",2,0,2
TREE_CODE (tsi_stmt (bsi.tsi)) == LABEL_EXPR,1,1,2
tmp != NULL,1,1,2
b->desc->current >= 0,1,1,2
!TARGET_SHMEDIA && epilogue_p,1,1,2
!alias_node->local.finalized,1,1,2
TREE_CODE (expr) == TARGET_EXPR,1,1,2
TREE_CODE (adj->base) == PARM_DECL,2,0,2
t == exp,1,1,2
"(BINDING_VALUE (bindings) == NULL_TREE) || BINDING_VALUE (bindings) == x, 378",1,1,2
"""COMPLEX4/COMPLEX bad source kind type"" == NULL",1,1,2
0 <= source && source < k,1,1,2
!(slot < m_entries || slot >= m_entries + size () || *slot == HTAB_EMPTY_ENTRY || *slot == HTAB_DELETED_ENTRY),1,1,2
lo != NULL && lo->section != NULL,2,0,2
"TREE_CODE (function) == TREE_LIST, 999",1,1,2
smove != NULL_RTX,2,0,2
"GET_CODE (SET_SRC (XVECEXP (op, 0, 1))) == PLUS",2,0,2
"TYPE_PRECISION (type) >= TYPE_PRECISION (ctype) && integer_zerop (lower_bound_in_type (ctype, ctype))",1,1,2
(allocate & (HOST_WIDE_INT) 0xffffffff) == allocate,1,1,2
!cs->next_caller,1,1,2
cif->rtype,2,0,2
TYPE_REF_IS_RVALUE (ref_type) && real_lvalue_p (expr),1,1,2
collapse >= 1 && ordered >= 0,2,0,2
before_p,1,1,2
n_ranges < 5,1,1,2
"TREE_CODE (type) == OFFSET_TYPE, 214",1,1,2
ffelex_token_type (t) != FFELEX_typeNAMES,1,1,2
b->state_ == FFESTV_stateNIL,1,1,2
reload_completed || failure,1,1,2
TYPE_PTRMEMFUNC_P (type),1,1,2
"found == bk_not_base, 20010723",1,1,2
"!DECL_THIS_THUNK_P (function), 20021127",1,1,2
"!DEFARG_POINTER (TREE_PURPOSE (parms)), 20010107",1,1,2
!epath->count,1,1,2
!DECL_NO_STATIC_CHAIN (decl),1,1,2
my_first_nonempty >= GC_mark_stack && my_first_nonempty <= GC_mark_stack_top + 1,2,0,2
GET_CODE (x) == SUBREG && SUBREG_REG (x) == s,1,1,2
!distribute,1,1,2
"TREE_CODE (parm) == TREE_LIST, 260",1,1,2
TREE_CODE_CLASS (TREE_CODE (containing_scope)) == 't',1,1,2
ptrofftype_p (chrec_type (poly1)),1,1,2
extra_levels >= 0,2,0,2
m->fs.sp_offset == frame.hard_frame_pointer_offset,1,1,2
!MEM_P (out) || GET_MODE_SIZE (GET_MODE (out)) <= GET_MODE_SIZE (outmode),1,1,2
opbuild_num_elems (&build_uses) == 0,1,1,2
gimple_bb (swtch) == new_bb,2,0,2
integer_zerop (fd->loop.n1),2,0,2
i >= 0 && i <= args->argument_count,1,1,2
!def || gimple_bb (def) != info->bb_to_remove || !is_gimple_reg (use),1,1,2
gimplify_ctxp == NULL,2,0,2
IPA_NODE_REF (new_node)->params,1,1,2
dest->needed || !dest->analyzed || dest->symbol.address_taken || !id->src_node->analyzed || !id->dst_node->analyzed,1,1,2
"TREE_CODE (from) == CONSTRUCTOR && VEC_empty (constructor_elt, CONSTRUCTOR_ELTS (from))",1,1,2
vect [vect_index] >= 0,1,1,2
df_rd,1,1,2
type == BINFO_TYPE (binfo),1,1,2
lhs == continue_value,1,1,2
SSA_VAR_P (t) || DECL_P (t),1,1,2
"TYPE_FIELDS (t) == fields, 981117",1,1,2
!slp_perm,1,1,2
"""the quick brown fox jumps over the lazy dog"", ""the %s %s %s jumps over the %s %s"", ""quick"", ""brown"", ""fox"", ""lazy"", ""dog""",1,1,2
values_long.i10 == i10,2,0,2
 true == atomic_flag_test_and_set(&f) ,1,1,2
GET_CODE (trueop0) != CONST_VECTOR,1,1,2
dest != src,2,0,2
"same_type_ignoring_top_level_qualifiers_p (TREE_TYPE (type), TREE_TYPE (next1)), 981123",1,1,2
(vcall_offset & 0x7) == 0,1,1,2
n7 == e7,2,0,2
ffelex_token_type (next->first) == FFELEX_typeNAME,1,1,2
TARGET_SHMEDIA,1,1,2
TREE_CODE (type) != TEMPLATE_TYPE_PARM,1,1,2
nelts == TYPE_VECTOR_SUBPARTS (TREE_TYPE (arg2)),1,1,2
"bitmap_bit_p (RVUSE_OUT (bprime), id) || IS_EMPTY_STMT (SSA_NAME_DEF_STMT (vuse))",1,1,2
action != NULL,2,0,2
n == ira_reg_class_max_nregs[ALLOCNO_CLASS (a)][ALLOCNO_MODE (a)],2,0,2
!cur_reg || (params->dest && REG_P (params->dest)),1,1,2
DECL_P (gimple_assign_lhs (s2)),1,1,2
dfsnum == n_basic_blocks - NUM_FIXED_BLOCKS,1,1,2
GET_MODE (retval) == SFmode || GET_MODE (retval) == DFmode,1,1,2
n == n_insns,1,1,2
gcov_var.offset == 1,1,1,2
"method_vec, 19991215",1,1,2
!TLS_SYMBOLIC_CONST (op0),1,1,2
def_blocks == NULL,1,1,2
idx == GET_MODE_SIZE (mode),2,0,2
profile_status != PROFILE_GUESSED,1,1,2
UNLIMITED_POLY (e->symtree->n.sym),1,1,2
"beforelength + 1 == VEC_length (ce_s, *results)",1,1,2
unswitch_on->succ->succ_next,1,1,2
"XEXP (reg_equiv[regno].init_insns, 1) == NULL_RTX",1,1,2
cfun->machine->fs.fp_valid,2,0,2
"dwf_regno (XEXP (src, 1)) == cfa_temp.reg",1,1,2
htab != NULL,1,1,2
root->outer == NULL,1,1,2
CPU_M88000 == 2,1,1,2
"BINFO_INHERITANCE_CHAIN (binfo_of_derived) == NULL_TREE, 980827",1,1,2
opbuild_num_elems (&build_vuses) == 0,1,1,2
"GET_CODE (op) == MEM && GET_CODE (XEXP (op, 0)) == SYMBOL_REF && TARGET_PCREL",1,1,2
web->type != PRECOLORED,1,1,2
len > PHI_ARG_CAPACITY (*phi),1,1,2
SSA_NAME_IN_FREE_LIST (t),2,0,2
"TYPE_MAIN_VARIANT (TREE_TYPE (type)) == TYPE_MAIN_VARIANT (TREE_TYPE (next1)), 981123",1,1,2
mhigh.high <= 1 && mlow.high <= 1,1,1,2
pfx_.num_ > 0,1,1,2
ix == (int) ix,1,1,2
gimple_seq_first (seq) == NULL,1,1,2
GET_MODE_CLASS (GET_MODE (op0)) != MODE_FLOAT,1,1,2
prev_ref->u.c.component->attr.codimension,1,1,2
!(sa & ~(FFESYMBOL_attrsADJUSTABLE | FFESYMBOL_attrsANYLEN | FFESYMBOL_attrsANYSIZE | FFESYMBOL_attrsARRAY | FFESYMBOL_attrsDUMMY | FFESYMBOL_attrsRESULT | FFESYMBOL_attrsTYPE)),1,1,2
"TREE_CODE (function) == FUNCTION_DECL, 20021025",1,1,2
"BINFO_SUBVTT_INDEX (binfo), 20010110",1,1,2
(reg != PR_REG && !SPECIAL_REGISTER_P (reg)) || mem_rtx == post_inc,1,1,2
GET_CODE (op) == REG,1,1,2
cond,2,0,2
INDIRECT_REF_P (ref),1,1,2
new_option->alias_target == N_OPTS || (new_option->flags & CL_SEPARATE_ALIAS),1,1,2
POINTER_TYPE_P (otype),1,1,2
"__builtin_memcmp (&a16, &n16, sizeof (a16)) == 0",2,0,2
"VEC_length (tree, oparms) + 1 == VEC_length (tree, otypes)",1,1,2
ix < m_vecpfx.m_num,2,0,2
"level > 1, 0",1,1,2
"IS_AGGR_TYPE_CODE (TREE_CODE (xbasetype)), 20030624",1,1,2
"pfile, name, sym_length, tokens_specified, tokens",1,1,2
(!DECL_WEAK (vnode->decl) && !DECL_COMMON (vnode->decl)) || TREE_PUBLIC (vnode->decl) || DECL_EXTERNAL (vnode->decl),1,1,2
typ->__code == GO_CHAN,1,1,2
next_chunk(prv) == p,1,1,2
arc_simd_builtin_desc_list [0].args_type == Va_Vb_Vc,1,1,2
"gfc_extract_int (n, &ncop) == NULL",1,1,2
"TREE_CODE (offset) == INTEGER_CST, 19990727",1,1,2
!TREE_ADDRESSABLE (TREE_TYPE (args[i].tree_value)),1,1,2
"TREE_CODE (fns) == TEMPLATE_DECL || TREE_CODE (fns) == OVERLOAD || BASELINK_P (fns) || TREE_CODE (fns) == IDENTIFIER_NODE || TREE_CODE (fns) == LOOKUP_EXPR, 20020730",1,1,2
"BINFO_VIRTUALS (TYPE_BINFO (t)) == NULL_TREE, 20000116",1,1,2
r.a[3] == -44,2,0,2
vloc == uloc || VAL_NEEDS_RESOLUTION (loc),2,0,2
se->loop && info,2,0,2
"TREE_CODE (context) == NAMESPACE_DECL, 980422",1,1,2
!new_node->global.inlined_to,1,1,2
av->n_mmaps >= 0,1,1,2
SECTION_NO_ANCHOR > SECTION_MACH_DEP,1,1,2
REG_P (op[0]) && CONST_INT_P (op[1]),1,1,2
infid != 0,2,0,2
m_richloc,2,0,2
in_lto_p || whole_program || !TREE_PUBLIC (vnode->symbol.decl),1,1,2
"GET_CODE (XVECEXP (x, 0, 0)) == SYMBOL_REF",1,1,2
TARGET_INLINE_ALL_STRINGOPS || !rep_prefix_usable,1,1,2
rp != NULL,1,1,2
!init || !(flag_new_for_scope > 0),2,0,2
result_type,2,0,2
SMALL_INT (frame_size),1,1,2
var_name_len == 0,1,1,2
GET_CODE (result) == MEM,1,1,2
"VEC_length (tree, g->const_copies) == 0",1,1,2
"CAN_HAVE_FULL_LANG_DECL_P (t), 19990816",1,1,2
edge->caller->symbol.definition,1,1,2
dummy == 0,1,1,2
"TREE_CODE_CLASS (TREE_CODE (d)) == 'd', 980629",1,1,2
"!clone_parms, 20010424",1,1,2
mode == BLKmode,2,0,2
"sym->ts.cl->length && sym->ts.cl->length->expr_type == EXPR_CONSTANT && mpz_cmp_si (sym->ts.cl->length->value.integer, 1) == 0",1,1,2
ipa_node_params_vector.exists () && (ipa_node_params_vector.length () > (unsigned) cgraph_max_uid),1,1,2
"double_int_scmp (dmin, dmax) <= 0",1,1,2
info->ref->u.ar.dimen_type[n] == DIMEN_THIS_IMAGE,1,1,2
i == htss->size,1,1,2
MEM_P (cplx) && ibitsize < BITS_PER_WORD,2,0,2
ctx->region_type == ORT_TASK,1,1,2
base == 10,1,1,2
TREE_CODE (entry) == COND_EXPR,1,1,2
cif != NULL,2,0,2
REG_P (base) && REG_OK_FOR_BASE_STRICT_P (base),1,1,2
info_ptr->altivec_size == 0 || info_ptr->altivec_save_offset % 16 == 0,1,1,2
zero_imm_uses_p (name),1,1,2
TREE_CODE (designated_index) == INTEGER_CST,1,1,2
"LANG_DECL_PERMANENT ((struct lang_decl *) pi) == TREE_PERMANENT (t), 234",1,1,2
(op0mode == mode0 || op0mode == VOIDmode) && (op1mode == mode1 || op1mode == VOIDmode) && (op2mode == mode2 || op2mode == VOIDmode),1,1,2
"""not a valid NAMES character"" == NULL",1,1,2
"TREE_CODE (otype) == ARRAY_TYPE && POINTER_TYPE_P (ptype) && cpt_same_type (dtype, TREE_TYPE (otype))",1,1,2
"VEC_length (constructor_elt, v) <= len",1,1,2
"INTEGRAL_OR_ENUMERATION_TYPE_P (type), 20040318",1,1,2
"TYPE_P (destructor), 20010905",1,1,2
"kiss_size <= KISS_MAX_SIZE, ""kiss_size must <= KISS_MAX_SIZE""",1,1,2
"!bitmap_bit_p (tab->replaceable, version)",1,1,2
opmode == mode || opmode == VOIDmode,2,0,2
style,1,1,2
"VEC_index (ipa_ref_ptr, list->refering, ref->refered_index) == ref",1,1,2
type_die != NULL,1,1,2
"!TEST_BIT (cse_visited_basic_blocks, bb2->index)",1,1,2
TREE_CODE (atype) == ARRAY_TYPE,1,1,2
r.a[5] == 30,2,0,2
"!(reload_completed && info_save.reload_completed) || memcmp (&info_save, &stack_info, sizeof stack_info) == 0",1,1,2
arc_simd_builtin_desc_list [i].args_type == Va_rlimm_u8,1,1,2
(fndecl != NULL_TREE) && (args != NULL_TREE),2,0,2
get_alias_set (TREE_TYPE (TREE_TYPE (new_sym))) == get_alias_set (TREE_TYPE (TREE_TYPE (orig_sym))),1,1,2
ORIG_PAT (insn) && (!mutate_p || (RECOVERY_BLOCK (insn) == EXIT_BLOCK_PTR && !(TODO_SPEC (insn) & SPECULATIVE))),1,1,2
!DEFERRED_NOEXCEPT_SPEC_P (list) && !DEFERRED_NOEXCEPT_SPEC_P (add),1,1,2
IS_AGGR_TYPE (type) || TREE_CODE (type) == ENUMERAL_TYPE,1,1,2
"_Base > 5, ""invalid digit""",1,1,2
cand->first_arg == NULL_TREE || integer_zerop (cand->first_arg),1,1,2
dwf_regno (addr) == cur_row->cfa.reg,1,1,2
errorcount != 0,1,1,2
a12 == n12,2,0,2
"possible_polymorphic_call_target_p (callee, cgraph_get_node (fndecl))",1,1,2
regsize_ymode * nregs_ymode == GET_MODE_SIZE (ymode),1,1,2
code2 == VECTOR_TYPE || code2 == COMPLEX_TYPE || code2 == REAL_TYPE || code2 == INTEGER_TYPE,1,1,2
!DECL_THUNKS (thunk),2,0,2
TREE_INT_CST_HIGH (t) == hi,1,1,2
bb->pred,1,1,2
"integer_zerop (BINFO_OFFSET (primary)), 20010726",1,1,2
"TREE_CODE (type) == REFERENCE_TYPE, 20030306",1,1,2
"dwf_regno (XEXP (src, 0)) == loc.reg",1,1,2
dvar->refcount == 1 && dvar->n_var_parts == 1 && dvar->var_part[0].offset == 0,1,1,2
pbb && single_succ_p (pbb),1,1,2
DECL_DECLARED_INLINE_P (node->decl),1,1,2
r.a[6] == 0x00,2,0,2
CONST_INT_P (el),2,0,2
!alias_node->symbol.definition,1,1,2
TREE_CODE (b->decl) == PARM_DECL,1,1,2
"return_type != NULL_TREE, 20000227",1,1,2
i >= 0 && i <= ipa_get_param_count (info),1,1,2
"(strlen (""operator "") + strlen (NAME) + 1 <= 256), 20000526",1,1,2
"!decl || (DECL_P (decl) || TREE_CODE (decl) == IDENTIFIER_NODE), 20040620_1",1,1,2
"TREE_CODE (t) == ADDR_EXPR, 20000521",1,1,2
argp->value.pvalue == pvalue,2,0,2
reg_info_size == max_reg_num (),1,1,2
ancestor && ancestor->attr.abstract && !sub->attr.abstract,1,1,2
num_direct_reads >= 0 && num_direct_writes >= 0,1,1,2
"cand->conversion_path != NULL_TREE, 20020730",1,1,2
lst1 && lst2 && father && dewey >= 0,1,1,2
index < vuses->num_vuses,1,1,2
gimple_code (stmt) == GIMPLE_OMP_ATOMIC_LOAD,2,0,2
new_ts == HARD_DEP && new_ts == old_ts && QUEUE_INDEX (next) == QUEUE_NOWHERE,1,1,2
ret_val || PROPERTY_IVAR_NAME (property),1,1,2
TREE_TYPE (parts.base) == sizetype,1,1,2
(DEP_LINK_STATUS (link) & BEGIN_SPEC) == 0 && (DEP_LINK_STATUS (link) & BE_IN_SPEC) != 0 && (DEP_LINK_STATUS (link) & DEP_TYPES) == DEP_TRUE,1,1,2
vec2 != NULL,1,1,2
"VEC_length (gimple, norm_cond1->conds) == 1",1,1,2
!context.outer_type || TYPE_MAIN_VARIANT (context.outer_type) == context.outer_type,2,0,2
single_use_p,2,0,2
ff->fiber_self,2,0,2
"VEC_index (locstr, *vp, ix) == 0",1,1,2
before_4 && before_16,2,0,2
in_current_region_p (merge_bb),1,1,2
e->src->next_bb == EXIT_BLOCK_PTR,1,1,2
dt0 == vect_loop_def,1,1,2
!unsignedp,1,1,2
"TREE_CODE (name) == IDENTIFIER_NODE, 20030707",1,1,2
gimple_code (gsi_stmt (si)) == GIMPLE_OMP_ATOMIC_STORE,2,0,2
"GET_CODE (XEXP (set, 1)) == IF_THEN_ELSE",1,1,2
bestd,1,1,2
offset < 65535 * 4,1,1,2
!cgraph_global_info_ready,1,1,2
m_kind != GCC_JIT_FUNCTION_IMPORTED,2,0,2
born_index < dead_index,1,1,2
set && loc >= RESERVED_LOCATION_COUNT,1,1,2
TREE_CODE (clobber_op) == TREE_LIST,1,1,2
!WEBS(SIMPLIFY),1,1,2
"XEXP (x, 1) == const0_rtx",1,1,2
operand_count >= 2,2,0,2
CLASS_TYPE_P (scope) || TREE_CODE (scope) == NAMESPACE_DECL,1,1,2
gpr_base <= stacktop - ASM_NEEDS_REGISTERS,1,1,2
arc_simd_builtin_desc_list [i].args_type == Va_Ib_u8,1,1,2
"insn_data[icode].operand[1].predicate (targ1, mode)",1,1,2
"TREE_CODE (decl) != PARM_DECL, 19990828",1,1,2
fsym->backend_decl,1,1,2
p->context_depth == depth,1,1,2
"mep_expand_setcc_1 (LTU, tmp, op0, op1)",1,1,2
"!(GET_CODE (oldval) == ZERO_EXTEND && GET_CODE (XEXP (oldval, 0)) == CONST_INT)",1,1,2
TREE_CODE (target_expr) == TARGET_EXPR,1,1,2
chars[length] == 0,1,1,2
"full_args != tmpl_args, 0",1,1,2
TYPE_MAIN_VARIANT (TREE_TYPE (current_class_ref)) == TREE_TYPE (lambda),1,1,2
"TYPE_P (t1) && TYPE_P (t2), 20030623",1,1,2
TREE_INT_CST_LOW (size_tree) == ffestorag_size (eqst),1,1,2
"group_size == VEC_length (gimple, SLP_TREE_SCALAR_STMTS (node))",1,1,2
ffebad_inhibit (),1,1,2
!(old_ts & ~(SPECULATIVE | HARD_DEP | DEP_CONTROL)) && ((old_ts & HARD_DEP) || (old_ts & SPECULATIVE) || (old_ts & DEP_CONTROL)),1,1,2
DECL_EXTERNAL (decl) && TREE_PUBLIC (decl),1,1,2
"-1 != parameter_index_in_region_1 (e, s->region) || !invariant_in_sese_p_rec (e, s->region)",1,1,2
is_gimple_reg (name),1,1,2
TREE_CODE (orig_stmt) == GIMPLE_MODIFY_STMT,1,1,2
born_index >= 0 && born_index <= dead_index,1,1,2
info->decl == decl,1,1,2
"virtuals, 20010612",1,1,2
TREE_CODE (op) == GIMPLE_MODIFY_STMT,1,1,2
(INSN_DEP_COUNT (next) == 0) == deps_list_empty_p (INSN_BACK_DEPS (next)),1,1,2
BB_END (bb) == head,1,1,2
(stmt && gimple_code (stmt) != GIMPLE_ASSIGN) || num <= 1,1,1,2
(DWARF_FRAME_REGNUM (ranges[n_ranges].end) - DWARF_FRAME_REGNUM (ranges[n_ranges].beg)) == ranges[n_ranges].end - ranges[n_ranges].beg,1,1,2
"BINFO_INHERITANCE_CHAIN (binfo) == binfo_of_derived, 980827",1,1,2
*pidx == 0,2,0,2
TYPE_VECTOR_SUBPARTS (TREE_TYPE (arg0)) == nelts * 2 && TYPE_VECTOR_SUBPARTS (TREE_TYPE (arg1)) == nelts * 2,1,1,2
!reg->resume,1,1,2
_M_min <= _M_max,2,0,2
"1, bb_b->preds->length ()",2,0,2
"(strlen (""operator "") + strlen (NAME) + 1 + ISALPHA (NAME[0]) <= 256), 20000526",1,1,2
!var->common.ann || var->common.ann->common.type == FUNCTION_ANN,1,1,2
"type == BINFO_TYPE (binfo), 20040714",1,1,2
!rws_insn[regno].write_count,1,1,2
!jump_p || ((current_sched_info->flags & SCHED_RGN) && RECOVERY_BLOCK (insn) && RECOVERY_BLOCK (insn) != EXIT_BLOCK_PTR) || (current_sched_info->flags & SCHED_EBB),1,1,2
RECORD_OR_UNION_TYPE_P (record_type) && COMPLETE_TYPE_P (record_type) && (component == NULL_TREE) != (field == NULL_TREE),1,1,2
"parms == NULL_TREE || TREE_CODE (parms) == TREE_LIST, 290",1,1,2
code == TREE_LIST,1,1,2
preferred_alignment <= PREFERRED_STACK_BOUNDARY / BITS_PER_UNIT,1,1,2
MEM_P (operands[2]) && MEM_P (operands[3]),1,1,2
(curr_bb_num < last_bb) && (curr_bb_num >= 0),1,1,2
"useless_type_conversion_p (dst->type, src->type)",1,1,2
"!TYPE_HAS_TRIVIAL_DESTRUCTOR (type), 20030106",1,1,2
"type_binding_p, 19990401",1,1,2
cfa.reg != DW_FRAME_POINTER_REGNUM,1,1,2
t->expr.type == clast_expr_term,1,1,2
!is_gimple_reg (var),1,1,2
(unsigned) l->dw_loc_frame_offset == frame_offset_,1,1,2
"!TREE_PURPOSE (add) || errorcount || cp_tree_equal (noex, TREE_PURPOSE (add))",1,1,2
TREE_CODE (decl) != VAR_DECL || !DECL_WEAK (decl) || !DECL_COMMON (decl),1,1,2
"GET_CODE (XEXP (inside, 1)) != REG",1,1,2
ctx->quiet && !ctx->object,1,1,2
webnum == num_webs,1,1,2
c->ts.cl->length->expr_type == EXPR_CONSTANT,1,1,2
"is_overloaded_fn (TREE_OPERAND (name, 0)), 980519",1,1,2
ff->join_counter > 0,2,0,2
bitmap_empty_p (vi->solution),1,1,2
sf && !sf->call_parent,2,0,2
"control_flow_insn_p (prev_non_location_insn (head, BB_HEAD (bb))) || has_edge_p (bb->succs, EDGE_COMPLEX)",1,1,2
(!DECL_WEAK (node->symbol.decl) && !DECL_COMDAT (node->symbol.decl)) || TREE_PUBLIC (node->symbol.decl) || node->symbol.weakref || DECL_EXTERNAL (node->symbol.decl),1,1,2
correction >= 0,1,1,2
in_output,1,1,2
pinuse(p),2,0,2
flags & FLAG_4_GPR_ARGUMENTS || (next_arg >= gpr_base && next_arg <= gpr_base + 4),1,1,2
VARRAY_ACTIVE_SIZE (aliases) != 0,1,1,2
X == 0,2,0,2
BASELINK_P (rhs),1,1,2
TREE_CODE (cond) == SSA_NAME || TREE_CODE_CLASS (TREE_CODE (cond)) == tcc_comparison,1,1,2
 retCache->mask ,1,1,2
i_bound == tree_to_double_int (bound),1,1,2
!flag_guess_branch_prob || optimize == 0 || seen_error (),2,0,2
!linemap_macro_expansion_map_p (map),2,0,2
init,2,0,2
!first->pred->pred_next->pred_next,1,1,2
parm_in_stack_slot_p (parm),1,1,2
HAS_DECL_ASSEMBLER_NAME_P (class_type_decl),2,0,2
"TREE_CODE (args) == TREE_LIST, 291",1,1,2
"df_regno_bb (df, regno1) == bb && df_regno_bb (df, regno2) == bb",1,1,2
scop_entry,1,1,2
"is_proc_ptr_comp (e, &comp)",1,1,2
align <= 16,2,0,2
"res && stride_of_unit_type_p (DR_STEP (dr), TREE_TYPE (op0))",1,1,2
"""g_223"", ""t.c"", 59, __PRETTY_FUNCTION__",1,1,2
"!vbase_offsets_in_vtable_p (), 20000516",1,1,2
size <= ssa_operand_mem_size,1,1,2
!proc->typebound->is_generic,1,1,2
!stmt_references_memory_p (stmt),1,1,2
deps_list_empty_p (to),1,1,2
"!conflict_graph_conflict_p (graph, x, y)",1,1,2
!cnode->local.finalized || cnode->thunk.thunk_p || cnode->alias || gimple_has_body_p (decl),1,1,2
reg == (frame_pointer_needed ? hard_frame_pointer_rtx : stack_pointer_rtx),1,1,2
"5, v[0]",2,0,2
kind < (int) sizeof (*(base_type->kinds_)),1,1,2
EDGE_COUNT (src->succs) == 1,1,1,2
insns,1,1,2
"pfile, &new_answer",1,1,2
abi > FFI_FIRST_ABI && abi <= FFI_DEFAULT_ABI || abi == FFI_THISCALL,1,1,2
(unsigned long)&u5.d == rsp+264,1,1,2
"8, 6",2,0,2
"global_bindings_p (), 267",1,1,2
DECL_P (gimple_assign_lhs (s1)),1,1,2
"VEC_length (tree, self_refs) > 0",1,1,2
insn_size <= sched_ib_filled,1,1,2
!vfield || DECL_FIELD_CONTEXT (vfield) == t,1,1,2
!decl || DECL_P (decl),1,1,2
"!reg_overlap_mentioned_p (reg, y)",1,1,2
!CALL_CANNOT_INLINE_P (edge->call_stmt),1,1,2
!web->old_web || compare == subweb,1,1,2
"TYPE_SIZE (DECL_CONTEXT (function)) && TYPE_BEING_DEFINED (DECL_CONTEXT (function)), 20031211",1,1,2
 overrideFunctionAddress ,1,1,2
"b->parm_flag != 2, 180",1,1,2
t == TREE_PURPOSE (args),1,1,2
TYPE_NEEDS_CONSTRUCTING (type),1,1,2
!pnode->next,1,1,2
i >= 0 && i < max_allocno,1,1,2
"a->type != FFI_TYPE_STRUCT || a->elements != NULL, file, line",1,1,2
loop->num_nodes == (unsigned) n_basic_blocks + 2,1,1,2
insertee -> depth <= r -> depth + 1,1,1,2
TREE_CODE (TREE_TYPE (args[2])) == VECTOR_TYPE,1,1,2
TREE_CODE (val) == COMPLEX_CST,1,1,2
"!DECL_CLONED_FUNCTION_P (decl), 20040804",1,1,2
live->livein[p1] && live->livein[p2],1,1,2
"TREE_CODE (offset) == INTEGER_CST, 20000313",1,1,2
cif->abi == FFI_GCC_SYSV || cif->abi == FFI_SYSV,1,1,2
"! IS_AGGR_TYPE (argtype), 362",1,1,2
"!failure, 78",1,1,2
live->livein && bb != ENTRY_BLOCK_PTR && bb != EXIT_BLOCK_PTR,1,1,2
1 == __result->_M_refcount && 1 == __balanced->_M_refcount,1,1,2
CALL_P (call_insn),2,0,2
!*slot || cfun->eh->built_landing_pads,1,1,2
i->line_num <= line_num,2,0,2
sym->attr.referenced || sym->attr.use_assoc || sym->ns->proc_name->attr.if_source == IFSRC_IFBODY || (sym->module && sym->attr.if_source != IFSRC_DECL && sym->backend_decl),1,1,2
GET_CODE (lowpart) == CONST_INT,1,1,2
"same_type_p (BINFO_TYPE (BINFO_INHERITANCE_CHAIN (binfo)), t), 20011113",1,1,2
old_init_value,1,1,2
"__builtin_memcmp (&a8, &n8, sizeof (a8)) == 0",2,0,2
!ffesta_confirmed_other_,1,1,2
scratch_constraint[0] == '=' && scratch_constraint[1] == '&',1,1,2
REG_P (what),1,1,2
!strict,1,1,2
DECL_STRUCT_FUNCTION (fn->decl),1,1,2
in_approximate_mode,1,1,2
nregs > 0,2,0,2
"TREE_CODE (tmp_addr) == ADDR_EXPR, 146",1,1,2
root->offset.les_p (ref->offset),1,1,2
arr[i] == ((i % 2) == 0 ? i : i * 2),2,0,2
"POINTER_TYPE_P (t_expr) && cpt_same_type (TREE_CODE (t_op0) == ARRAY_TYPE ? TREE_TYPE (t_op0) : t_op0, TREE_TYPE (t_expr)) && POINTER_TYPE_P (t_op00) && cpt_same_type (t_op0, TREE_TYPE (t_op00))",1,1,2
"sse_comparison_operator (tmp, VOIDmode)",1,1,2
"TREE_OPERAND (use->stmt, 0) == cand->var_after",1,1,2
!vec_safe_length (CONSTRUCTOR_ELTS (t1)) && !vec_safe_length (CONSTRUCTOR_ELTS (t2)),1,1,2
"operand_equal_p (c->base_name, basis->base_name, 0)",1,1,2
"vr, expr",1,1,2
!vnode->alias || vnode->alias_of,1,1,2
EDGE_COUNT (bb->preds) == 2,1,1,2
scattering_dimensions >= used_scattering_dimensions,1,1,2
b->uses_ > 0,1,1,2
"TREE_CODE (name) != COMPONENT_REF, 348",1,1,2
trap_count <= 1,1,1,2
 ((RandomAccessIterator1)seq0 - seqs_begin[0].first) + ((RandomAccessIterator1)seq1 - seqs_begin[1].first) + ((RandomAccessIterator1)seq2 - seqs_begin[2].first) == orig_length,1,1,2
is_gimple_min_invariant (var),1,1,2
"insn_data[icode].operand[0].predicate (test, VOIDmode)",1,1,2
(ptrval.lattice_val == CONSTANT && TREE_CODE (ptrval.value) == INTEGER_CST) || ptrval.mask.minus_one_p (),1,1,2
"comptypes (type_referred_to, TREE_TYPE (fn), 1), 0",1,1,2
!(new_ts & ~SPECULATIVE),1,1,2
sym->ts.cl->backend_decl != NULL_TREE,1,1,2
"building_stmt_tree (), 20021010",1,1,2
"has_array != 0, 216",1,1,2
!unsuitable_loc (loc),2,0,2
!DR_BASE_OBJECT (dra) && !DR_BASE_OBJECT (drb),1,1,2
"__s > 0U && __r > __s && __w > 0U && __w <= static_cast<size_t> (std::numeric_limits<_UIntType>::digits), ""template arguments out of bounds"" "" in subtract_with_carry_engine""",1,1,2
pt1->vars && pt2->vars,1,1,2
r1->type != ERT_CATCH,1,1,2
fsym->attr.optional || e != NULL,1,1,2
(rval.lattice_val == CONSTANT && TREE_CODE (rval.value) == INTEGER_CST) || rval.mask.is_minus_one (),1,1,2
text->abstract_origin != NULL,1,1,2
ref->next->type == REF_COMPONENT,1,1,2
TREE_CODE (TYPE_MIN_VALUE (TYPE_DOMAIN (type))) == INTEGER_CST,1,1,2
primary->expr_type == EXPR_VARIABLE || (primary->expr_type == EXPR_STRUCTURE && primary->symtree && primary->symtree->n.sym && primary->symtree->n.sym->attr.flavor),1,1,2
length () <= len && len <= pfx_PRIVATE_.alloc_PRIVATE_,1,1,2
pbb->saved,1,1,2
"tree_ssa_useless_type_conversion_1 (sizetype, TREE_TYPE (parts.base))",1,1,2
old_var->n_var_parts == 1 && new_var->n_var_parts == 1,1,1,2
(unsigned long)&u6.d == rsp+328,1,1,2
"init == TREE_VEC_ELT (declv, i)",1,1,2
pi != -1,1,1,2
*inits == NULL_TREE,1,1,2
"TREE_CODE (t) == CALL_EXPR, 237",1,1,2
TREE_CODE (s1) == MODIFY_EXPR,1,1,2
excess == 1,1,1,2
"""bad ENTITY where"" == NULL",1,1,2
!wp->sub_conflicts,1,1,2
(cfun->curr_properties & props) == props,1,1,2
offset < 65535 * 1,1,1,2
scatter_decl,1,1,2
subclass->super_class == impostor,1,1,2
TREE_CODE (to) != SSA_NAME || TREE_CODE (SSA_VAL (to)) != SSA_NAME || SSA_VAL (to) == to || to == from,1,1,2
scope > 0,1,1,2
field != NULL_TREE,2,0,2
"TREE_CODE (def) == SSA_NAME && bb_in_sese_p (gimple_bb (SSA_NAME_DEF_STMT (def)), region)",1,1,2
parms.nregs == nregs,1,1,2
new_incr < (1 << INCREASE_BITS),2,0,2
REG_P (mws->mw_reg),2,0,2
"TREE_VALUE (t) != NULL_TREE, 275",1,1,2
"DECL_P (GIMPLE_STMT_OPERAND (s2, 0))",1,1,2
"offsetof (vec_t<T>, vec_) == sizeof (struct vec_prefix)",1,1,2
"TREE_CODE (fntype) == METHOD_TYPE, 171",1,1,2
TREE_CHAIN (current_file_list) == NULL,1,1,2
dvar->n_var_parts == 1,1,1,2
"TREE_CODE (link) != FUNCTION_DECL, 163",1,1,2
ptrdiff_type_node == integer_type_node,1,1,2
expr2->value.function.isym || (gfc_return_by_reference (expr2->value.function.esym) && expr2->value.function.esym->result->attr.dimension),1,1,2
! ALLOCNO_ASSIGNED_P (allocno),1,1,2
reg2 == context->reg,1,1,2
subroutine_type == RECOG,1,1,2
kind == E_Subprogram_Type || !TYPE_IS_DUMMY_P (gnu_param_type),1,1,2
"(code == MINUS_EXPR && SAME_BINFO_TYPE_P (BINFO_TYPE (binfo), probe)) || (code == PLUS_EXPR && SAME_BINFO_TYPE_P (BINFO_TYPE (d_binfo), probe))",1,1,2
aweb->color >= web2->color + nregs2 || web2->color >= aweb->color + nregs,1,1,2
kind == E_Subprogram_Type || !TYPE_IS_DUMMY_P (gnu_param_type) || type_annotate_only,1,1,2
"REG_Z == REGNO (XEXP (addr, 0))",1,1,2
badness >= INT_MIN,1,1,2
TREE_CODE (t1) == STATEMENT_LIST,1,1,2
token->type < ARRAY_SIZE(token_names),1,1,2
loc->dw_loc_oprnd1.val_entry->index != NO_INDEX_ASSIGNED,2,0,2
inherited->typebound,1,1,2
!(sa & ~(FFESYMBOL_attrsADJUSTABLE | FFESYMBOL_attrsADJUSTS | FFESYMBOL_attrsANYLEN | FFESYMBOL_attrsANYSIZE | FFESYMBOL_attrsARRAY | FFESYMBOL_attrsDUMMY | FFESYMBOL_attrsEXTERNAL | FFESYMBOL_attrsSFARG | FFESYMBOL_attrsTYPE)),1,1,2
call_stmt_time,1,1,2
offloaded,2,0,2
symbol->ts.cl->length->expr_type == EXPR_CONSTANT,1,1,2
update,1,1,2
single_pred (l2_bb) == l0_bb,1,1,2
mode == SFmode || mode == DFmode || mode == SImode || mode == DImode || (TARGET_NEON && VALID_NEON_DREG_MODE (mode)),1,1,2
GET_CODE (tmp) == SYMBOL_REF,2,0,2
"TREE_CODE (cp->function) == TEMPLATE_DECL, 240",1,1,2
+0,2,0,2
TARGET_AVX512BW,2,0,2
"register_operand (vtarget, VOIDmode)",1,1,2
alias || TREE_CODE (t) != FUNCTION_DECL || (cgraph_get_node (t) && cgraph_get_node (t)->definition),1,1,2
inlining_p (id) || !id->eh_region_offset,1,1,2
values_double.f17 == f17,2,0,2
"lang_hooks.types_compatible_p (TREE_TYPE (sc), TREE_TYPE (vectype))",1,1,2
!early_die || early_die == die,1,1,2
*scratch_constraint == '=',2,0,2
"REGNO (XEXP (src, 0)) == STACK_POINTER_REGNUM",1,1,2
!stree,1,1,2
ds & DEP_TRUE,2,0,2
spec->value_is_label == 2,1,1,2
DDR_LOOP_NEST (ddr) == NULL || DDR_LOOP_NEST (ddr) == loop_nest,1,1,2
(argz && argz_len) || (!argz && !argz_len),2,0,2
!insn_invalid_p (insn),1,1,2
 (((char *)element - (char *)root) % sizeof (struct phi_arg_d)) == 0,1,1,2
"!parser->scope, 20010821",1,1,2
token->type == CPP_PRAGMA,1,1,2
web->type == PRECOLORED || new_conf == web->num_conflicts,1,1,2
info->gp_save_offset == -220 && info->fp_save_offset == -144 && info->lr_save_offset == 8 && info->cr_save_offset == 4 && info->push_p && info->lr_save_p && (!current_function_calls_eh_return || info->ehrd_offset == -432) && info->vrsave_save_offset == -224 && info->altivec_save_offset == -416,1,1,2
use == lv_assign || use == lv_increment || use == lv_decrement,1,1,2
barrier_args_size[INSN_UID (insn)] == cur_args_size,1,1,2
ENTRY_BLOCK_PTR_FOR_FUNCTION (DECL_STRUCT_FUNCTION (fndecl)),1,1,2
"init != NULL_TREE, 0",1,1,2
WORKER_FREE == w->l->type,2,0,2
"old_val->lattice_val < new_val.lattice_val || (old_val->lattice_val == new_val.lattice_val && ((!old_val->value && !new_val.value) || operand_equal_p (old_val->value, new_val.value, 0)))",1,1,2
(flags & SSA_OP_ALL_USES) == 0,1,1,2
!COMPLETE_TYPE_P (DECL_CONTEXT (real_decl)),1,1,2
"TREE_CHAIN (decl) == NULL_TREE, 0",1,1,2
TREE_CODE (fn) == ADDR_EXPR || TREE_CODE (fn) == FDESC_EXPR,1,1,2
PDDR_KIND (pddr) != unknown_dependence,1,1,2
"TREE_CODE (TREE_OPERAND (node, 0)) == ADDR_EXPR, 20031215",1,1,2
TREE_CODE (TREE_TYPE (value)) == METHOD_TYPE,1,1,2
gimple_seq_cache != seq,1,1,2
"TYPE_MAIN_VARIANT (t1) == t1 && TYPE_MAIN_VARIANT (t2) == t2, 306",1,1,2
((unsigned) stacktop.c & 0xF) == 0,1,1,2
"timercmp (&stamps[0][0], &stamps[0][1], <)",1,1,2
!CONSTANT_P (operands[1]),2,0,2
"! sparseset_bit_p (allocnos_live, ALLOCNO_NUM (a))",1,1,2
SMT_USED_ALONE (var),1,1,2
mode0 == SImode,1,1,2
TREE_CODE (value) == POINTER_PLUS_EXPR,1,1,2
TREE_CODE (TYPE_MAX_VALUE (TYPE_DOMAIN (type))) == INTEGER_CST,1,1,2
!may_be_aliased (t) && !is_global_var (t),1,1,2
t->uses > 0,1,1,2
(unsigned long)(av->max_total_mem) >= (unsigned long)(av->mmapped_mem) + (unsigned long)(av->sbrked_mem),1,1,2
no_fixup_p (BINFO_OFFSET (t)),1,1,2
lc1,1,1,2
!jfunc->alignment.known,2,0,2
candidates,2,0,2
new_rgn_number >= 0,2,0,2
!info->cur.x_start == !info->cur.y_start,1,1,2
ts.type == BT_COMPLEX && gfc_option.flag_f2c,1,1,2
! this->empty(),1,1,2
sbitmap_last_set_bit (data->ready_try_change) < n_ready,1,1,2
(vectorization_factor & (vectorization_factor - 1)) == 0,1,1,2
"VEC_length (basic_block, bbs) >= 2",1,1,2
iter == 0,1,1,2
TREE_CODE_CLASS (TREE_CODE (genop)) == '1' || TREE_CODE_CLASS (TREE_CODE (genop)) == '2' || TREE_CODE_CLASS (TREE_CODE (genop)) == 'r',1,1,2
item_name,2,0,2
GET_CODE (trueop1) == CONST_VECTOR,1,1,2
ok && a_step == comp->comp_step,1,1,2
"n >= 0, 20000603",1,1,2
TREE_CODE (rhs) == SSA_NAME,1,1,2
"MEM_P (xops[0]) && symbolic_operand (XEXP (xops[0], 0), VOIDmode)",1,1,2
sym->as->type != AS_IMPLIED_SHAPE,1,1,2
use,2,0,2
"form != OFFSET_TYPE, 189",1,1,2
!(sa & ~(FFESYMBOL_attrsADJUSTABLE | FFESYMBOL_attrsANYLEN | FFESYMBOL_attrsANYSIZE | FFESYMBOL_attrsARRAY | FFESYMBOL_attrsCOMMON | FFESYMBOL_attrsDUMMY | FFESYMBOL_attrsEQUIV | FFESYMBOL_attrsINIT | FFESYMBOL_attrsNAMELIST | FFESYMBOL_attrsSAVE | FFESYMBOL_attrsTYPE)),1,1,2
HOST_BITS_PER_WIDEST_INT >= 64,1,1,2
kind == DK_UNSPECIFIED,2,0,2
TYPE_CANONICAL (p) == p,1,1,2
use->type == USE_NONLINEAR_EXPR,1,1,2
regno < VARRAY_SIZE (reg_base_value),1,1,2
var_readonly->id == readonly_id,1,1,2
!data->len,1,1,2
gs == GS_ALL_DONE,1,1,2
NOTE_LINE_NUMBER (insn) > 0,1,1,2
NOTE_BLOCK (insn),1,1,2
"""weird token"" == NULL",1,1,2
old_resolution == LDPR_PREVAILING_DEF || old_resolution == LDPR_PREVAILING_DEF_IRONLY || old_resolution == LDPR_PREEMPTED_IR || old_resolution == LDPR_RESOLVED_IR,1,1,2
"__w > 0U && __w <= static_cast<size_t> (std::numeric_limits<_UIntType>::digits), ""template arguments out of bounds "" ""in independent_bits_engine""",1,1,2
!ann->out_of_ssa_tag,1,1,2
CONVERT_EXPR_P (rhs) || TREE_CODE (rhs) == VIEW_CONVERT_EXPR,1,1,2
call_expr_nargs (exp) + 2 == insn_data[icode].n_operands,1,1,2
"code == MINUS_EXPR ? same_type_p (BINFO_TYPE (binfo), probe) : code == PLUS_EXPR ? same_type_p (BINFO_TYPE (d_binfo), probe) : false",1,1,2
peer_objGlobPtr,1,1,2
REG_P (reg1) && REG_P (reg2),1,1,2
edge.src == edge.dest,1,1,2
PROCESSOR_M88000 == 2,1,1,2
n_elts <= 8,1,1,2
varpool (node)->analyzed,1,1,2
"!index && GET_CODE (XEXP (base, 0)) == REG",1,1,2
TREE_CODE (arg) != SCOPE_REF,1,1,2
TREE_STATIC (arg),1,1,2
TREE_CODE (expression) == OVERLOAD,1,1,2
attrs != 0,1,1,2
total <= (unsigned long)(av->max_total_mem),1,1,2
y != NO_PARTITION,1,1,2
"!refers_to_regno_p (R0_REG, R0_REG+1, mem_rtx, (rtx *) 0)",1,1,2
r->u.cleanup.prev_try || !prev_try_map,1,1,2
"GET_CODE (XEXP (tmp, 0)) == REG",1,1,2
m1_size <= UNITS_PER_WORD,1,1,2
arc_simd_builtin_desc_list [i].args_type == void_rlimm,1,1,2
size != 0,1,1,2
nb_added_dims >= 0,1,1,2
"""machine=d30v""",1,1,2
op0 == v,1,1,2
p->previous->next == p,1,1,2
"DECL_P (TREE_OPERAND (ref, 1))",1,1,2
!node->symbol.analyzed && !vec_safe_length (node->symbol.ref_list.references),1,1,2
entry->common.large_p,1,1,2
(n == SLOT_VIRTUAL) == !virtuals_instantiated,1,1,2
TYPE_HAS_TRIVIAL_INIT_REF (type) || TREE_CODE (init) == CONSTRUCTOR,1,1,2
"""system=vsta""",1,1,2
!inuse(p),1,1,2
"TREE_CODE (from) == TREE_LIST, 9",1,1,2
is_gimple_operand (dest),1,1,2
TREE_INT_CST_LOW (t) == low,1,1,2
TREE_CODE (link) != FUNCTION_DECL,1,1,2
argpos > 1,1,1,2
"""Serious error!!"" == NULL",1,1,2
"is_proc_ptr_comp (c->expr1, &comp)",1,1,2
!cur || cur->prev,2,0,2
TREE_CODE (*to_p) == SSA_NAME,1,1,2
s1var->var_part[0].loc_chain,1,1,2
prec != 0,1,1,2
"ctor_p::value, ""default ctor not trivial""",1,1,2
r -> tag == RopeBase::concat,1,1,2
htab,1,1,2
__u < _M_exists.size(),1,1,2
"DECL_INITIAL (decl) == error_mark_node, 201",1,1,2
"!ARRAY[check_regno] || !loc_mentioned_in_p (r->where, ARRAY[check_regno])",1,1,2
gfc_current_locus.nextc - gfc_current_locus.lb->line >= 0,1,1,2
code != GIMPLE_MODIFY_STMT,1,1,2
"same_type_p (DECL_FIELD_CONTEXT (vfield), BINFO_TYPE (primary)), 20010726",1,1,2
(TYPE_P (parm) || TREE_CODE (parm) == TEMPLATE_DECL) == (TYPE_P (arg) || TREE_CODE (arg) == TEMPLATE_DECL),1,1,2
reject > 0,2,0,2
!INSN_DELETED_P (from),1,1,2
"TREE_CODE (type) == PARM_DECL, 242",1,1,2
addresses_taken,1,1,2
TREE_CODE (scope) == BIND_EXPR,1,1,2
stack_pointer >= 2 && (type1 = stack_type_map[stack_pointer - 1]) != TYPE_UNKNOWN && (type2 = stack_type_map[stack_pointer - 2]) != TYPE_UNKNOWN && (type1 != TYPE_SECOND && type2 != TYPE_SECOND) && (! TYPE_IS_WIDE (type1) && ! TYPE_IS_WIDE (type2)),1,1,2
SSA_NAME_DEF_STMT (comp) == NULL,1,1,2
TREE_CODE (decl) == VAR_DECL || TREE_CODE (decl) == RESULT_DECL,1,1,2
VUSE_VECT_NUM_ELEM (*vv) == 1,1,1,2
insert_insn,1,1,2
"rtx_equal_p (web1->orig_x, web2->orig_x)",1,1,2
args == NULL,2,0,2
"TREE_CODE (fns) == TEMPLATE_DECL || TREE_CODE (fns) == OVERLOAD || BASELINK_P (fns) || TREE_CODE (fns) == IDENTIFIER_NODE, 20020730",1,1,2
"REAL_VALUES_EQUAL (*r, value_fp0)",1,1,2
TREE_CODE (cond) == COND_EXPR,1,1,2
"TREE_CODE (fn) != OFFSET_REF, 20020725",1,1,2
exact_log2 (count) != -1,2,0,2
!WEBS(SIMPLIFY_SPILL),1,1,2
argv[0][1] == '\0',1,1,2
GET_CODE (operands[1]) != CONST_DOUBLE,1,1,2
min && max,2,0,2
"same_type_p (BINFO_TYPE (binfo), BINFO_TYPE (orig_binfo))",1,1,2
IS_AGGR_TYPE (t),1,1,2
"TREE_STATIC (decl), 20021010",1,1,2
i == base_type::_M_impl._M_node_count,1,1,2
type2 == MO_USE || type2 == MO_USE_NO_VAR || type2 == MO_CLOBBER,2,0,2
"TREE_CODE (virtual_offset) == INTEGER_CST, 20021127",1,1,2
PHI_NUM_ARGS (*phi) <= PHI_ARG_CAPACITY (*phi),1,1,2
"is_sorted(seqs[s].first, seqs[s].second, comp)",1,1,2
head->first->insn != head->last->insn,1,1,2
aligned_OK(chunk2mem(newp)),1,1,2
end <= len,1,1,2
TYPE_METHODS (expr) == TYPE_METHODS (mv),1,1,2
TYPE_REF_IS_RVALUE (ref_type),1,1,2
_M_start_state != _S_invalid_state_id,1,1,2
ret_expr == result,1,1,2
"defer_stack_allocation (var, true)",1,1,2
PBB_NB_SCATTERING_TRANSFORM (pbb) % 2,1,1,2
stack_vars[j].offset <= stack_vars[i].size,1,1,2
vr->type != VR_UNDEFINED && vr->type != VR_VARYING && !symbolic_range_p (vr),1,1,2
TREE_CODE (stmt) == PHI_NODE || TREE_CODE (stmt) == GIMPLE_MODIFY_STMT,1,1,2
sym->attr.dummy || sym->as->cp_was_assumed,1,1,2
new != old && is_gimple_reg (old),1,1,2
"DECL_INITIAL (decl) == NULL_TREE, 19990826",1,1,2
DECL_ASSEMBLER_NAME_SET_P (new_decl),1,1,2
str.e == e,2,0,2
phi_ssa_name_p (tmp),1,1,2
this->tests,1,1,2
shift >= 0 && shift <= size,1,1,2
"!cselib_lookup (node->loc, GET_MODE (node->loc), 0)",1,1,2
CSELIB_VAL_PTR (dv_as_value (v->dv)) != CSELIB_VAL_PTR (dv_as_value (dv)),1,1,2
ref >= 0,1,1,2
slink && slink->ref,1,1,2
ix86_cmodel == CM_LARGE_PIC && DEFAULT_ABI != MS_ABI,1,1,2
_First != _Last,1,1,2
"!same_type_p (BINFO_TYPE (binfo), t)",1,1,2
!type_in_anonymous_namespace_p (t1),1,1,2
!stmt || refering_node,1,1,2
(unsigned long)&u3.f == rsp+136,1,1,2
in_ipa_mode,2,0,2
result->ts.kind == gfc_default_character_kind,1,1,2
num < 65536,1,1,2
"*binfo2_ptr == binfo2, 999",1,1,2
"JUMP_LABEL (insn) == XEXP (SET_SRC (label_set), 0)",1,1,2
cvt != unknown_optab,1,1,2
ici->param_index >= 0,1,1,2
"VEC_index (ipa_ref_ptr, list->referring, ref->referred_index) == ref",1,1,2
nclears >= 3,1,1,2
DECL_DEFAULTED_FN (current_function_decl),1,1,2
parts.base != NULL_RTX,1,1,2
chunk->type && !chunk->mark,1,1,2
st && st->n.sym->attr.use_assoc,1,1,2
"VEC_index (lto_encoder_entry, encoder->nodes, index).node == node",1,1,2
TREE_CODE (bsi_stmt (si)) == OMP_SINGLE,1,1,2
reg_size == 0,1,1,2
i.index != ~0u,1,1,2
!is_gimple_reg (new_sym),1,1,2
funcn,2,0,2
old_resolution == LDPR_PREEMPTED_REG || old_resolution == LDPR_RESOLVED_EXEC || old_resolution == LDPR_RESOLVED_DYN,1,1,2
id1 != id2,1,1,2
to->rank != -1 || from->corank == 0,1,1,2
"""cherry"", find_closest_string (""berry"", &candidates)",2,0,2
"trapping_target_operand (x, VOIDmode)",1,1,2
r.a[1] == -18,2,0,2
"VEC_index (varpool_node_ptr, set->nodes, index) == node",1,1,2
(DEP_LINK_STATUS (link) & DEP_TYPES) == DEP_TRUE,1,1,2
regs_available_for_popping == (1 << stack_frame_pointer),1,1,2
chunksize(v) == rsize + nb,2,0,2
sparc_compare_emitted == NULL_RTX,1,1,2
g->vertices[e->src].component >= g->vertices[e->dest].component,1,1,2
 retCache->numberOfMaskBits ,1,1,2
CALL_WITH_BOUNDS_P (exp),2,0,2
"promote_mode (tfom, outmode, &unsignedp, 0) == GET_MODE (valreg)",1,1,2
elist->class_object->ts.type == BT_CLASS,1,1,2
"VEC_length (int, sibcall_epilogue) == 0",1,1,2
"pfile, str, type",1,1,2
all && has_zero_uses (lhs),1,1,2
live->liveout,1,1,2
TREE_CODE (retval) != RESULT_DECL,1,1,2
"TREE_CODE (parmlist) == TREE_VEC, 990228",1,1,2
lss->shape != NULL,1,1,2
as == ADDR_SPACE_PGMX,1,1,2
(!DECL_WEAK (vnode->decl) || DECL_COMMON (vnode->decl)) || TREE_PUBLIC (vnode->decl) || DECL_EXTERNAL (node->decl),1,1,2
is_a <loop_vec_info> (vinfo),2,0,2
overflow == 0,1,1,2
PHI_NUM_ARGS (phi) == 2,1,1,2
bitpos == 0,1,1,2
!cl->add_mode,1,1,2
resolution != LDPR_UNKNOWN,2,0,2
"__b <= __detail::_ShiftMin1<_UIntType, __w>::__value, ""mersenne_twister_engine template arguments out of bounds""",1,1,2
! debug_variable_p (decl),1,1,2
loop_num >= AM_LOOP_NEST_NUM (access_matrix),1,1,2
DECL_DECLARED_CONSTEXPR_P (fun) && !DECL_DEFERRED_CONSTEXPR_CHECK (fun),1,1,2
DDR_A (ddr) == olddr && DDR_B (ddr) == olddr,1,1,2
limbo_die_count == 1,1,1,2
REG_P (pnode->loc),1,1,2
bitnum % BITS_PER_UNIT == 0,2,0,2
oldiv_def != NULL_TREE,1,1,2
__zone_len >= ZONE_LEN,1,1,2
gv != NULL,1,1,2
PBB_TRANSFORMED (pbb),1,1,2
"(C), C99_SUFul_TYPE((C))",2,0,2
"TREE_CODE (decl) == TYPE_DECL, 215",1,1,2
"!btr_referenced_p (src, NULL)",1,1,2
"at_eof <= 1, 990323",1,1,2
redirected && last_added_blocks == NULL,1,1,2
!option->cl_negative_alias,2,0,2
TREE_CODE (function) == FUNCTION_DECL || DECL_FUNCTION_TEMPLATE_P (function),1,1,2
b->uses_ != 0,1,1,2
MPT_SYMBOLS (mpt) == NULL,1,1,2
TREE_CODE (t) == VAR_DECL || TREE_CODE (t) == PARM_DECL || TREE_CODE (t) == RESULT_DECL,1,1,2
loop->num_nodes == (unsigned) n_basic_blocks,1,1,2
src->succ && !src->succ->succ_next,1,1,2
gimple_seq_empty_p (phi_nodes (bb)),1,1,2
"option, str",1,1,2
TREE_CODE_CLASS (comp_code) == tcc_comparison,2,0,2
t || is_global_var (decl),1,1,2
TREE_CODE (expr) == POINTER_PLUS_EXPR,1,1,2
integer_zerop (arg0) || integer_zerop (arg1),1,1,2
gr->javabuf_copy != NULL,1,1,2
TREE_CODE (alt->block) == LOOP_EXPR,1,1,2
code == MULT_EXPR || code == TRUNC_DIV_EXPR || code == FLOOR_DIV_EXPR || code == CEIL_DIV_EXPR || code == EXACT_DIV_EXPR || code == ROUND_DIV_EXPR || code == RSHIFT_EXPR,1,1,2
"POINTER_TYPE_P (tt) && POINTER_TYPE_P (TREE_TYPE (arg0)) && TREE_CODE (TREE_TYPE (arg1)) == INTEGER_TYPE && tree_ssa_useless_type_conversion_1 (sizetype, TREE_TYPE (arg1))",1,1,2
INSN_P (q),1,1,2
!node->callers->next_caller,1,1,2
i >= 0 && i < MAX_BIGNUMS,1,1,2
GET_CODE (x) != CONST_INT && GET_CODE (x) != CONST_FIXED && (mode != VOIDmode || GET_CODE (x) != CONST_DOUBLE),1,1,2
"!walk_tree (&inner, sra_find_candidate_decl, NULL, NULL)",1,1,2
expr->symtree->n.sym->attr.codimension,1,1,2
s2var->n_var_parts == 1,1,1,2
ffelex_token_->length < ffelex_token_->size,1,1,2
"wi::ltu_p (cookie_size, max_size)",1,1,2
POINTER_TYPE_P (TREE_TYPE (orig_name)),1,1,2
num < sizeof (opts) / sizeof (opts[0]),1,1,2
RECOVERY_BLOCK (jump) || RECOVERY_BLOCK (BB_END (jump_bb_next)),1,1,2
"TREE_TYPE (h->list) == TREE_TYPE (list), 299",1,1,2
MEM_P (DECL_RTL (var)),1,1,2
TREE_CODE (val->value) != TREE_BINFO,2,0,2
"BINFO_TYPE (here) == BINFO_TYPE (binfo), 20030202",1,1,2
"codel != REFERENCE_TYPE, 317",1,1,2
TREE_CODE (parm) == POINTER_TYPE,1,1,2
(IS_EXPR_CODE_CLASS (kind) || IS_GIMPLE_STMT_CODE_CLASS (kind)) && TREE_CODE_LENGTH (code) == 2 && op0 != NULL_TREE && op1 != NULL_TREE,1,1,2
array_ind_value && (array_ind_value != error_mark_node),1,1,2
s->type == FFI_TYPE_STRUCT,2,0,2
"df_get_bb_info (dflow, old_index) == NULL",1,1,2
local.can_change_signature || !args_to_skip,2,0,2
!rtl || GET_CODE (rtl) == CONCAT,1,1,2
!(sa & (FFESYMBOL_attrsADJUSTS | FFESYMBOL_attrsCOMMON | FFESYMBOL_attrsEQUIV | FFESYMBOL_attrsSAVE)),1,1,2
"__w <= static_cast<size_t>(std::numeric_limits<_UIntType>::digits), ""mersenne_twister_engine template arguments out of bounds""",1,1,2
"sdata_symbolic_operand (x, Pmode)",2,0,2
"INTVAL (x.first) == sext_hwi (INTVAL (x.first), precision) || (precision == 1 && INTVAL (x.first) == 1)",1,1,2
!fieldsize || !TREE_CHAIN (local->field),1,1,2
ptr_phi && gimple_code (ptr_phi) == GIMPLE_PHI,1,1,2
"reducer_is_cache_aligned() && ""Reducer should be cache aligned. Please see comments following this assertion for explanation and fixes.""",1,1,2
object1,1,1,2
(unsigned) reason < CIF_N_REASONS,2,0,2
old->lattice_val != UNKNOWN_VAL,1,1,2
TREE_CODE (t1) == IDENTIFIER_NODE,1,1,2
length > 0 && ALLOCNO_NREFS (a) >= 0,1,1,2
SUBREG_BYTE (x) == 0 && GET_CODE (SUBREG_REG (x)) == REG,1,1,2
TREE_CODE_CLASS (code) == tcc_unary || TREE_CODE_CLASS (code) == tcc_binary || TREE_CODE_CLASS (code) == tcc_comparison || TREE_CODE_CLASS (code) == tcc_reference,1,1,2
type == chrec_type (poly),1,1,2
file && file->writable && !file->scn,1,1,2
"IN_RANGE (icode, 0, LAST_INSN_CODE)",1,1,2
bounds_phi && gimple_code (bounds_phi) == GIMPLE_PHI,1,1,2
DECL_ONE_ONLY (old->decl),1,1,2
dest_mode == GET_MODE (SA.partition_to_pseudo[dest]),1,1,2
r.a[2] == -33,2,0,2
e->resolution == LDPR_UNKNOWN,1,1,2
0 <= index && index < num_threads,1,1,2
SMALL_INT (size - restored),1,1,2
CP_TYPE_CONST_P (TREE_TYPE (decl)),1,1,2
TREE_CODE (d) == FUNCTION_DECL || TREE_CODE (d) == VAR_DECL,1,1,2
"TREE_CODE (qualified_id) == SCOPE_REF, 20030706",1,1,2
var1->n_var_parts == 1 && var2->n_var_parts == 1,2,0,2
class != NO_REGS || (optional != 0 && type == RELOAD_FOR_OUTPUT),1,1,2
"DECL_MAYBE_IN_CHARGE_DESTRUCTOR_P (fn), 20000411",1,1,2
str.l == l,2,0,2
i->index < EDGE_COUNT (i->container),1,1,2
hardreg2web[web->regno] == web,1,1,2
REGNO (dest) == cfa_temp_reg,1,1,2
find (get_varinfo_fc (rhs.var)->id) == get_varinfo_fc (rhs.var)->id,1,1,2
GET_MODE_BITSIZE (mode) > GET_MODE_BITSIZE (orig_mode),1,1,2
 this->m_value.get_allocator() == right->m_value.get_allocator(),2,0,2
GET_MODE (DECL_RTL (exp)) == pmode,1,1,2
NULL == ::gcc::jit::active_playback_ctxt,1,1,2
t1 && TREE_CODE (t1) == TEMPLATE_TYPE_PARM && t2 && TREE_CODE (t2) == TEMPLATE_TYPE_PARM,1,1,2
!mhigh.high || val.high - d < d,1,1,2
insn_data[CODE_FOR_atomic_test_and_set].operand[1].mode == QImode,1,1,2
"BINFO_PRIMARY_BASE_OF (primary_base) == b, 20010127",1,1,2
stabstr_last_contin_point == 0,2,0,2
sizeof (HOST_WIDE_INT) == 8,2,0,2
ix <= cache->nodes.length (),1,1,2
cmptf_libfunc && GET_MODE (op1) == TFmode,1,1,2
"TREE_CODE (TREE_TYPE (newrhs)) != REFERENCE_TYPE, 20011220",1,1,2
pbb && pbb->succ && !pbb->succ->succ_next,1,1,2
!cselib_current_insn,2,0,2
num > 0 && NUM_VOP_FREE_BUCKETS > 16,1,1,2
TREE_CODE (TREE_TYPE (ob_arg)) == POINTER_TYPE && CLASS_TYPE_P (TREE_TYPE (TREE_TYPE (ob_arg))),1,1,2
cached_badness == current_badness,1,1,2
"IN_RANGE (ix86_fpmath, 0, 255)",1,1,2
!any_numbered,2,0,2
ml->move != move,1,1,2
*call_ptr == call,1,1,2
INTEGRAL_TYPE_P (type) || SCALAR_FLOAT_TYPE_P (type),1,1,2
"strncmp (debugnames[i], ""__DWARF,"", 8) == 0",1,1,2
n >= last_known_line_number,1,1,2
simple_p,1,1,2
"is_overloaded_fn (from), 9",1,1,2
lp->common.large_p,1,1,2
ENTRY_BLOCK_PTR_FOR_FUNCTION (DECL_STRUCT_FUNCTION (callee_fndecl)),1,1,2
*inner_mode != *outer_mode || *extend == UNKNOWN,1,1,2
(TARGET_SSSE3 || TARGET_AVX) && GET_MODE_BITSIZE (mode) == 128,1,1,2
rb_verify_tree(t),1,1,2
acc_dev->target_id == ord,1,1,2
alt >= 0,1,1,2
!*result,1,1,2
lo_index < bit_size,1,1,2
"TREE_CODE (TREE_OPERAND (init, 0)) == VAR_DECL, 150",1,1,2
"__l <= __w, ""template argument __l out of bound""",1,1,2
!(sa & ~(FFESYMBOL_attrsADJUSTS | FFESYMBOL_attrsARRAY | FFESYMBOL_attrsCOMMON | FFESYMBOL_attrsEQUIV | FFESYMBOL_attrsINIT | FFESYMBOL_attrsNAMELIST | FFESYMBOL_attrsSFARG | FFESYMBOL_attrsTYPE)),1,1,2
GET_CODE (val) == VALUE,1,1,2
ffesta_confirmed_current_,1,1,2
"VEC_empty (dep_t, next_cycle_replace_deps)",1,1,2
size_to_move % piece_size == 0,2,0,2
(sizeof (struct tree_exp) + 5 * sizeof (tree) <= sizeof (struct tree_decl_non_common)) && sizeof (struct tree_type) <= sizeof (struct tree_decl_non_common),1,1,2
TYPE_BINFO (expr) == TYPE_BINFO (mv),1,1,2
"example_a.contains_point (2, 39)",2,0,2
values_double.f19 == f19,2,0,2
"VEC_length (tree, stack)",1,1,2
x_change * y_nominal_nregs == y_change * x_nominal_nregs,1,1,2
t == error_mark_node,2,0,2
WORKER_SYSTEM == w->l->type,2,0,2
"TREE_CODE (id) == IDENTIFIER_NODE, 284",1,1,2
"(char) gfc_wide_tolower (c) == ""$omp""[i]",1,1,2
"is_sorted((*rii).first, (*rii).second, comp)",1,1,2
ar->dimen_type[n] == DIMEN_THIS_IMAGE,1,1,2
i == n_basic_blocks_for_fn (cfun),2,0,2
extra >= 0,1,1,2
TREE_CODE (member) == ADDR_EXPR,1,1,2
"""Unexpected kind of format item in R910 WRITE"" == NULL",1,1,2
e->dest_idx < (unsigned int) PHI_NUM_ARGS (phi),1,1,2
count != 0,1,1,2
c->members.length (),1,1,2
r -> c_string == r -> data,1,1,2
(unsigned char *) ptr >= state->chunk->data && (unsigned char *) ptr + i <= state->chunk->data + state->chunk->size,1,1,2
"e == VEC_address (constructor_elt, v)",1,1,2
badness <=0 && badness >= INT_MIN / 16,1,1,2
AVAIL_OUT (block),1,1,2
"fn != NULL, 20030927",1,1,2
str_field_name,1,1,2
!ctype || IS_AGGR_TYPE (ctype),1,1,2
k <= MAX_VAR_PARTS,1,1,2
!type_preserved || (TREE_CODE (type) == RECORD_TYPE && TYPE_BINFO (type) && BINFO_VTABLE (TYPE_BINFO (type))),1,1,2
"XINT (RTVEC_ELT (vec, len), 1) == UNSPEC_CALL_NEEDS_VZEROUPPER",1,1,2
ad->index_loc == NULL,1,1,2
lexer->last_token == lexer->buffer_end,1,1,2
gf,1,1,2
"hard_reg_set_equal_p (old->reg_set, new->reg_set)",1,1,2
!VL_EXP_CLASS_P (chrec),1,1,2
!p->equiv_reg_src && REG_P (p->new_sp_equiv_reg) && REG_P (SET_DEST (set)) && (GET_MODE_BITSIZE (GET_MODE (SET_DEST (set))) <= BITS_PER_WORD) && REGNO (p->new_sp_equiv_reg) == REGNO (SET_DEST (set)),1,1,2
DECL_NAME (param_decl) && DECL_NAME (pack),1,1,2
"mep_expand_setcc_1 (GTU, tmp, op0, op1) || mep_expand_setcc_1 (LTU, tmp, op1, op0)",1,1,2
" uses_allocator<_Tp, _Alloc>::value, ""uses allocator"" ",1,1,2
ss->string_length,1,1,2
"new_abi_rtti_p (), 20000118",1,1,2
DDR_B (ddr) == olddr,1,1,2
*numerator >= 0,1,1,2
TREE_CODE (n->high) == INTEGER_CST,1,1,2
"timercmp (&stamps[1][0], &stamps[0][1], <)",1,1,2
"first_s == edoubleprime || !operand_equal_p (first_s, edoubleprime, 0)",1,1,2
!stmt || EXPR_P (stmt) || TREE_CODE (stmt) == PHI_NODE,1,1,2
!(sa & FFESYMBOL_attrsCOMMON),1,1,2
"DECL_VIRTUAL_P (TYPE_BINFO_VTABLE (t)), 20000116",1,1,2
DF_REF_TYPE(ref) == DF_REF_REG_DEF,1,1,2
jump_set,1,1,2
"TREE_CODE (t) == RECORD_TYPE || TREE_CODE (t) == UNION_TYPE || TREE_CODE (t) == UNINSTANTIATED_P_TYPE, 286",1,1,2
seeking_return || arc_ccfsm_state == 2,1,1,2
code == POINTER_PLUS_EXPR,1,1,2
"nargs == DECL_NTPARMS (maintmpl), 0",1,1,2
!new_->same_comdat_group,1,1,2
this_parm,1,1,2
"VEC_length (rtx, scheduled_insns) == 0",1,1,2
ffesta_is_inhibited_,1,1,2
TREE_CODE_CLASS (TREE_CODE (new_type)) == tcc_type,1,1,2
BUILTIN_VALID_P (fncode) && builtin_info.decl[uns_fncode] != NULL_TREE,1,1,2
"uid1 <= VEC_length (vec_void_p, stmt_vec_info_vec) && uid2 <= VEC_length (vec_void_p, stmt_vec_info_vec)",1,1,2
linkage.dw_attr == AT_linkage_name,1,1,2
"DECL_RTL (exp) != NULL_RTX, 20000115",1,1,2
"!IS_AGGR_TYPE (fromtype) || !IS_AGGR_TYPE (totype) || !DERIVED_FROM_P (totype, fromtype)",1,1,2
depth || result_first_child == last_child,1,1,2
"TREE_CODE (TREE_TYPE (conv)) != REFERENCE_TYPE, 20030306",1,1,2
is_simple_use0,1,1,2
!is_gimple_reg (orig),1,1,2
new_ann->type_mem_tag == orig_ann->type_mem_tag,1,1,2
!arm_dllexport_name_p (oldname),1,1,2
parm_depth == TMPL_ARGS_DEPTH (targs),1,1,2
gimple_code (octx->stmt) == GIMPLE_OMP_TARGET && (gimple_omp_target_kind (octx->stmt) == GF_OMP_TARGET_KIND_OACC_PARALLEL),1,1,2
lhs || PROPERTY_IVAR_NAME (property),1,1,2
"!(TREE_CODE (decl) == VAR_DECL && !DECL_IN_AGGR_P (DECL_TEMPLATE_RESULT (tmpl))), 0",1,1,2
a->type == FFI_TYPE_STRUCT ? a->elements != NULL : 1,1,1,2
"gfc_is_proc_ptr_comp (e, &comp)",1,1,2
"VEC_empty (loc_exp_dep, VAR_LOC_DEP_VEC (var))",1,1,2
decl_in_symtab_p (decl),1,1,2
decl_scope_depth > 0,1,1,2
repetition_num > 0,2,0,2
COMPARISON_CLASS_P (op0),1,1,2
"TREE_CODE (initialized_field) == FIELD_DECL, 20000516",1,1,2
var->var_part[0].loc_chain,1,1,2
"parms == NULL_TREE, 210",1,1,2
"init == NULL_TREE, 193",1,1,2
!BLOCK_CHAIN (*t),1,1,2
(av->pagesize & (av->pagesize-1)) == 0,1,1,2
"TREE_CODE (function) == FUNCTION_DECL, 185",1,1,2
BINFO_VIRTUAL_P (binfo),1,1,2
onstack,1,1,2
VARRAY_ACTIVE_SIZE(unprocessed_instructions) == 0,1,1,2
"op0, e, bsi, rhs, invert",1,1,2
TREE_CHAIN (typelist),1,1,2
node->symbol.aux || !is_a <cgraph_node> (node),1,1,2
"GET_CODE (RTVEC_ELT (vec, len)) == UNSPEC",1,1,2
!(thread_gc_id->flags & DETACHED),1,1,2
arc_simd_builtin_desc_list [i].args_type == Va_Vb,1,1,2
"PHI_ARG_DEF_FROM_EDGE (phi1, update_e) == PHI_ARG_DEF_FROM_EDGE (phi, single_succ_edge (loop->latch))",1,1,2
TREE_CODE (t) == INTEGER_TYPE || TREE_CODE (t) == VOID_TYPE || TREE_CODE (t) == COMPLEX_TYPE || TREE_CODE (t) == REAL_TYPE || TREE_CODE (t) == POINTER_TYPE,1,1,2
"is_proc_ptr_comp (c->expr, &comp)",1,1,2
threshold < BB_FREQ_MAX,1,1,2
"std::is_floating_point<_DInputType>::value, ""template argument not a floating point type""",1,1,2
REG_P (op1),2,0,2
!node || node->symbol.type == SYMTAB_FUNCTION,1,1,2
!type_has_nontrivial_copy_init (type) || TREE_CODE (init) == CONSTRUCTOR,1,1,2
"code == MINUS_EXPR ? same_type_p (BINFO_TYPE (binfo), probe) : code == PLUS_EXPR ? same_type_p (BINFO_TYPE (d_binfo), probe) : false, 20010723",1,1,2
class != NO_REGS,1,1,2
info->self_size > 0,1,1,2
nidx != NULL,1,1,2
a11 == n11,2,0,2
"TREE_CODE (TREE_OPERAND (exp, 1)) == FUNCTION_DECL, 308",1,1,2
!original_copy_bb_pool,1,1,2
TREE_CODE (ref) == POINTER_TYPE,2,0,2
reg_info != NULL && uses != NULL,1,1,2
symse.ss == gfc_ss_terminator && outerse.ss == gfc_ss_terminator,1,1,2
offset < 65535 * 2,1,1,2
old_ops == NULL || old_ops->next == NULL,1,1,2
"""machine=mep""",1,1,2
"POINTER_TYPE_P (t_expr) && (cpt_same_type (TREE_TYPE (t_expr), t_op0) || (TREE_CODE (t_op0) == ARRAY_TYPE && cpt_same_type (TREE_TYPE (t_expr), TREE_TYPE (t_op0)))) && POINTER_TYPE_P (t_op00) && cpt_same_type (t_op0, TREE_TYPE (t_op00))",1,1,2
"TOLOWER (c) == ""!$omp""[i]",1,1,2
TYPE_DOMAIN (expr) == TYPE_DOMAIN (mv),1,1,2
cairographics != NULL,1,1,2
alias || TREE_CODE (t) != VAR_DECL || varpool_get_node (t)->symbol.definition,1,1,2
EDGE_COUNT (bb->succs) == 0,2,0,2
truth,1,1,2
"insn_operand_matches (icode, 2, y)",2,0,2
"auto_delete == integer_zero_node, 20000411",1,1,2
bucket < FRAME_MALLOC_NBUCKETS,2,0,2
(unsigned long)&ls.l3 == rsp+24,2,0,2
ref->refering_type == IPA_REF_CGRAPH,1,1,2
new_var,1,1,2
a1->dimen == a2->dimen,2,0,2
NOTE_LINE_NUMBER (insn) >= 0,1,1,2
"strcmp (a->name, ((char *) (a->where)) + s) == 0",1,1,2
imm->m_brig_repr_size <= 8,1,1,2
"score7_classify_address (&ai, SImode, XEXP (ops[iaddr], 0), true)",1,1,2
comp_unit_die != 0,1,1,2
!fieldsize || !TREE_CHAIN (field),1,1,2
!t->base.ann || t->base.ann->common.type == TREE_ANN_COMMON,1,1,2
*call_ptr == call && call_ptr != stmtp,1,1,2
loop_node->bb == NULL,2,0,2
TREE_CODE (cond) == EQ_EXPR || TREE_CODE (cond) == NE_EXPR,1,1,2
"TREE_CODE (stmt) == MODIFY_EXPR && TREE_CODE (TREE_OPERAND (stmt, 1)) == ADDR_EXPR && TREE_OPERAND (TREE_OPERAND (stmt, 1), 0) == OMP_PARALLEL_DATA_ARG (region->entry)",1,1,2
EDGE_COUNT (first->preds) <= 2,1,1,2
"timercmp (&stamps[0][1], &stamps[2][2], <)",1,1,2
"splay_tree_lookup (octx->variables, (splay_tree_key) decl) == NULL",1,1,2
sel_rtx != NULL,1,1,2
mhigh_hi <= 1 && mlow_hi <= 1,1,1,2
!strided_load && !STMT_VINFO_GATHER_P (stmt_info),1,1,2
"TYPE_VFIELD (BINFO_TYPE (B)), 20000517",1,1,2
TREE_NOTHROW (node->decl),1,1,2
"TREE_CODE (decl) == TYPE_DECL, 0",1,1,2
"_Base > 7, ""invalid digit""",1,1,2
"DECL_P (decl), 980702",1,1,2
lra_live_max_point > 0,1,1,2
"keep == 0 || keep == 1, 0",1,1,2
web1->regno == web2->regno,1,1,2
"GET_CODE (from_expand) == MEM && GET_MODE (from_expand) == BLKmode && XEXP (from_expand, 0) == NULL_RTX",1,1,2
cfun && fde,1,1,2
"type, 20030626",1,1,2
"binfo == TYPE_BINFO (t), 20030204",1,1,2
GET_CODE (call_insn) == CALL_INSN,1,1,2
uid < death_insns_max_uid,1,1,2
mem_ref_stats->num_vuses == 0 && mem_ref_stats->num_vdefs == 0,1,1,2
cfa.reg == DW_STACK_POINTER_REGNUM,1,1,2
"get_binfo (DECL_CLASS_CONTEXT (cp->function), TREE_TYPE (TREE_TYPE (TREE_VALUE (parmtypes))), 1) == error_mark_node, 241",1,1,2
"CLASS_TYPE_P (qualifying_class), 20020808",1,1,2
sizeof (u_int) == sizeof (void*),1,1,2
t->kind == TYPE_STRUCT || t->kind == TYPE_UNION || t->kind == TYPE_LANG_STRUCT,1,1,2
type == USE_EXTENSION,1,1,2
nparms == TREE_VEC_LENGTH (arglist),1,1,2
converted != p,1,1,2
"offset != NULL_TREE, 999",1,1,2
GFC_TYPE_ARRAY_CORANK (type) > 0,2,0,2
non_primary_binfo == vid->vbase,1,1,2
GET_MODE_SIZE (GET_MODE (mem_pseudo)) >= GET_MODE_SIZE (GET_MODE (val)),1,1,2
opno + call_expr_nargs (exp) <= insn_data[icode].n_operands,1,1,2
sym->attr.allocatable,1,1,2
HOST_BITS_PER_WIDEST_INT >= HOST_BITS_PER_DOUBLE_INT,1,1,2
"GIMPLE_STMT_OPERAND (init_stmt, 0) == init",1,1,2
"!vtbls_set_up_p, 20011220",1,1,2
ready_count > 0,1,1,2
"info->fndecl == fndecl, 239",1,1,2
REGNO (*DF_REF_REAL_LOC (use)) == uregno,1,1,2
targetm.calls.promote_function_return (tfom),1,1,2
(sizeof (struct tree_exp) + 5 * sizeof (tree) <= sizeof (struct tree_decl)) && sizeof (struct tree_type) <= sizeof (struct tree_decl),1,1,2
"VEC_length (constructor_elt, elts) == 2",1,1,2
"TREE_PERMANENT (decl), 363",1,1,2
GET_MODE (reg) == SFmode || GET_MODE (reg) == DFmode || GET_MODE (reg) == SImode || GET_MODE (reg) == DImode,1,1,2
!TREE_PUBLIC (node->symbol.decl) && !DECL_EXTERNAL (node->symbol.decl),1,1,2
TYPE_VECTOR_SUBPARTS (STMT_VINFO_VECTYPE (stmt_info)) == (unsigned HOST_WIDE_INT) vectorization_factor,1,1,2
u != v,1,1,2
block->index != INVALID_BLOCK,1,1,2
def != NULL_TREE,1,1,2
pi != NULL,1,1,2
units <= MAX_SCHED_UNITS,2,0,2
selected_channel == NULL,1,1,2
MEM_P (ref),2,0,2
TREE_CODE (mi->free_stmts[i].stmt) == CALL_EXPR,1,1,2
"same_type_p (type_referred_to, TREE_TYPE (fn)), 0",1,1,2
field->collapsed_to == 0,1,1,2
TYPE_METHOD_BASETYPE (expr) == TYPE_METHOD_BASETYPE (mv),1,1,2
TREE_CODE (parm) == PARM_DECL,1,1,2
ff->join_counter == 1,2,0,2
"prefix_.num_ >= size, ""truncate"", T, base",1,1,2
"""cpu=i860""",1,1,2
TREE_VALUE (hidden_typelist) == void_type_node,1,1,2
next_ps_i,1,1,2
!(sa & ~(FFESYMBOL_attrsADJUSTABLE | FFESYMBOL_attrsANYLEN | FFESYMBOL_attrsANYSIZE | FFESYMBOL_attrsARRAY | FFESYMBOL_attrsTYPE)),1,1,2
((unsigned) copy_space.c & 0xF) == 0,1,1,2
NULL == ff->fiber_self,2,0,2
cif->rtype->type != FFI_TYPE_STRUCT,1,1,2
memory_access_type != VMAT_LOAD_STORE_LANES || alignment_support_scheme == dr_aligned || alignment_support_scheme == dr_unaligned_supported,2,0,2
"DEFAULT_CONSTRAINT_LEN (*p, p) == 1",1,1,2
vec_stmt || *strided_store,1,1,2
ORDINARY_MAP_STARTING_LINE_NUMBER (map) <= line,1,1,2
map->ref_count,1,1,2
modifier == EXPAND_NORMAL,1,1,2
"__m == 0u || (__a < __m && __c < __m), ""template argument __m out of bounds""",1,1,2
"VEC_length (gimple, norm_cond->conds) == 1 || is_and_or_or (norm_cond->cond_code, NULL)",1,1,2
POINTER_TYPE_P (TREE_TYPE (orig_name)) && POINTER_TYPE_P (TREE_TYPE (new_name)),1,1,2
"TYPE_P (t) && TYPE_P (base), 20011127",1,1,2
i < 3,1,1,2
 IS_UNKNOWN_LOCATION (EXPR_LOCATION (jump_func->value.constant)),1,1,2
class == NO_REGS,1,1,2
pend[i].arg,1,1,2
strlen (code) + 3 + 1 < sizeof (buf),2,0,2
xmode == DImode || xmode == SImode,1,1,2
"""cpu=ns32k""",1,1,2
"TREE_OPERAND (cond, 1) == nit",1,1,2
code != GT && code != GE && code != LE && code != LT,1,1,2
"__m % __a < __m / __a, ""sorry, not implemented yet: try a smaller 'a' constant""",1,1,2
UNION_OR_STRUCT_P (hty),1,1,2
row == m_finish.m_line,2,0,2
errmsg == NULL,1,1,2
"REG_P (XEXP (src, 0)) && (unsigned) REGNO (XEXP (src, 0)) == cfa_temp.reg && GET_CODE (XEXP (src, 1)) == CONST_INT",1,1,2
"*(VARRAY_TREE_PTR (build_uses, x)) != stmt",1,1,2
first_ei->source_mode_unsigned != MAX_MACHINE_MODE,1,1,2
"score_classify_address (&ai, SImode, XEXP (ops[iaddr], 0), true)",1,1,2
"easy_vector_constant (vec, mode)",1,1,2
values_long.i8 == i8,2,0,2
parcopy_stmt != NULL_TREE,1,1,2
!complete,1,1,2
G.dev_zero_fd != -1,1,1,2
!create_alias,2,0,2
!alias,2,0,2
hw_after == 2 || !TARGET_CPU_ZARCH,1,1,2
df_ru,1,1,2
Is_Type (gnat_entity) && From_With_Type (gnat_entity),1,1,2
"t == error_mark_node, 274",1,1,2
t->kind == TYPE_PARAM_STRUCT,1,1,2
esize * nunits == GET_MODE_BITSIZE (mask_mode),1,1,2
"""Unexpected kind of format item in R909 READ"" == NULL",1,1,2
ffesymbol_storage (s) == NULL,1,1,2
cost < 0,2,0,2
"DECL_P (member) || BASELINK_P (member), 20020801",1,1,2
"same_type_ignoring_top_level_qualifiers_p (type, TREE_TYPE (obj))",1,1,2
a5 == n5,2,0,2
GET_MODE_SIZE (outermode) <= GET_MODE_SIZE (innermode),1,1,2
"global_namespace == NULL_TREE, 375",1,1,2
sym->formal->next->sym->attr.intent = INTENT_IN,1,1,2
x.precision == y.precision,1,1,2
!uses_template_parms (t),2,0,2
fd->ordered == 0,2,0,2
GET_CODE (vloc) == MEM,2,0,2
GET_MODE (src) == Pmode,2,0,2
TREE_CODE (retval) == ADDR_EXPR,1,1,2
wtmp != 0,1,1,2
"VOID_TYPE_P (TREE_TYPE (value)) || TREE_TYPE (decl) == TREE_TYPE (value) || (TREE_CODE (TREE_TYPE (value)) == POINTER_TYPE && TREE_CODE (value) == CALL_EXPR) || useless_type_conversion_p (TREE_TYPE (decl), TREE_TYPE (value))",1,1,2
is_gimple_assign (s2),1,1,2
frame_reg_rtx == frame_ptr_rtx || frame_reg_rtx == sp_reg_rtx,1,1,2
!DECLTYPE_FOR_LAMBDA_CAPTURE (type) && !DECLTYPE_FOR_LAMBDA_RETURN (type),1,1,2
current_file->up,1,1,2
"DECL_RTL_IF_SET (SSA_NAME_VAR (var)) == x || ssa_default_def (cfun, SSA_NAME_VAR (var))",1,1,2
TREE_INT_CST (cookie_size).ult (max_size),1,1,2
cp_unevaluated_operand || TREE_STATIC (r) || errorcount || sorrycount,2,0,2
!stmt || EXPR_P (stmt) || GIMPLE_STMT_P (stmt) || TREE_CODE (stmt) == PHI_NODE,1,1,2
!is_gimple_omp_oacc (stmt),1,1,2
i <= nargs,1,1,2
dt1 == vect_reduction_def,1,1,2
"TEST_BIT (enabled, i) == (bool) get_attr_enabled (insn)",1,1,2
val != srcv,2,0,2
mcore_current_function_name,2,0,2
BINFO_VTABLE (TYPE_BINFO (component_type)),1,1,2
REGNO (x) != ARG_POINTER_REGNUM && REGNO (x) != FRAME_POINTER_REGNUM && REGNO (x) != FLAGS_REG && REGNO (x) != FPSR_REG && REGNO (x) != FPCR_REG,1,1,2
target == IGNORE_TARGET,1,1,2
scope_die == comp_unit_die,1,1,2
"(unsigned) rgn < VEC_length (loop_p, loop_nests)",1,1,2
"strchr (debugnames[i] + 8, ',')",1,1,2
"!bitmap_bit_p (names_in_freelists, SSA_NAME_VERSION (t))",2,0,2
"cost <= cost_neighbors[newcol] || nregs != 1 || TEST_HARD_REG_BIT (wide_seen, newcol)",1,1,2
is_gimple_reg (PHI_RESULT (phi)),1,1,2
s->kind == TYPE_USER_STRUCT,2,0,2
GET_MODE (from_expand) == GET_MODE (data->entry_parm),1,1,2
"same_type_p (BINFO_TYPE (binfo), BINFO_TYPE (orig_binfo)), 20000517",1,1,2
"binfo && binfo != error_mark_node, 20010730",1,1,2
use_debug_types || AT_ref (a)->die_id.die_symbol,1,1,2
"__if_hash_code_not_cached<__detail::__is_noexcept_hash<_Key, _H1>>::value, ""Cache the hash code or qualify your hash functor with noexcept""",1,1,2
"x == VEC_length (tree, build_uses)",1,1,2
mod_type_die,1,1,2
constrain_operands (1),1,1,2
(max_size & (max_size - 1)) == 0,2,0,2
"static_field_count == VEC_length (constructor_elt, static_fields)",1,1,2
rclass != NO_REGS,2,0,2
((struct cgraph_edge *)*slot)->speculative,1,1,2
END_PREDICTORS <= GF_PREDICT_TAKEN,1,1,2
"node == element->node && (VEC_index (varpool_node_ptr, set->nodes, element->index) == node)",1,1,2
"rtx_equal_p (PAT_VAR_LOCATION_LOC (pnote), PAT_VAR_LOCATION_LOC (note_vl))",1,1,2
tree_to_uhwi (DECL_SIZE_UNIT (decl)) != 0,2,0,2
"DECL_RESULT_THUNK_P (fn), 20031211",1,1,2
"x_dest1 == XEXP (x, 0)",1,1,2
unregistered,1,1,2
OMP_CLAUSE_CODE (clause) == OMP_CLAUSE_PRIVATE || OMP_CLAUSE_CODE (clause) == OMP_CLAUSE_LASTPRIVATE,1,1,2
option,2,0,2
"!DECL_FUNCTION_MEMBER_P (t), 20020913",1,1,2
(bit_offset % BITS_PER_UNIT) == 0,1,1,2
"value_range_t *vr_p, tree expr",1,1,2
TREE_CODE (ptr) == SSA_NAME && DECL_P (decl),1,1,2
is_gimple_min_invariant (expr),1,1,2
SCALAR_FLOAT_MODE_P (class),1,1,2
pbb_changed,1,1,2
__alignof__(_t) == (_align) && (((unsigned long)&(_t)) & ((_align) - 1) ) == 0,2,0,2
vec_stmt && (TREE_CODE (vec_stmt) == PHI_NODE),1,1,2
*ref,1,1,2
"t1 != error_mark_node, 307",1,1,2
"REG_P (XEXP (src, 0)) && dwf_regno (XEXP (src, 0)) == cfa.reg && CONST_INT_P (XEXP (src, 1))",1,1,2
ipcp_lat_is_const (lat1) && ipcp_lat_is_const (lat2),1,1,2
str.i == i,2,0,2
prev_inuse(next),1,1,2
!cgraph_preserve_function_body_p (decl),1,1,2
__new_right->_M_refcount == 2,1,1,2
!p2->clause[1],1,1,2
"TREE_CODE (expression) == SCOPE_REF, 20030714",1,1,2
result.insn != NULL && result.set_rtx != NULL,1,1,2
mopt == MO_VAL_LOC || (mopt == MO_VAL_SET && cui->store_p),1,1,2
DECL_P (decl) && (!optimize || referenced_var_lookup (DECL_UID (decl))),1,1,2
"GET_CODE (tmp) == PLUS && GET_CODE (XEXP (tmp, 1)) == REG",1,1,2
CP_AGGREGATE_TYPE_P (type),1,1,2
div >= 1 && div <= (1<<19),1,1,2
"conv->kind == ck_ref_bind, 20030302",1,1,2
CLASS_TYPE_P (context_class),1,1,2
"legitimate_indirect_address_p (scratch_or_premodify, false)",1,1,2
DEBUG_INSN_P (insn) || GET_CODE (PATTERN (insn)) == USE || GET_CODE (PATTERN (insn)) == CLOBBER || GET_CODE (PATTERN (insn)) == ASM_INPUT,2,0,2
field != NULL_TREE && TREE_TYPE (field) == prvoid_type_node,1,1,2
layoutIterator != NULL,1,1,2
!VAR_LOC_1PAUX (empty_var),2,0,2
"""Unexpected kind of format item in V019 ACCEPT"" == NULL",1,1,2
is_gimple_assign (use->stmt),2,0,2
__v.size() == __w.size(),1,1,2
"r0, sizeof ((d ? b : c).c) == 17",2,0,2
found && caf_decl,2,0,2
"VEC_length (tree, referenced_vars_dup_list) == 0",1,1,2
*num_uses_p >= *num_derefs_p,1,1,2
ord < 0 || ord == thr->dev->target_id,1,1,2
"alloc_fn != NULL_TREE, 20020327",1,1,2
GET_CODE (temp) == EXPR_LIST,2,0,2
"instance_field_count == (int) VEC_length (constructor_elt, instance_fields)",1,1,2
"TREE_CODE (name) == FIELD_DECL, 348",1,1,2
current_class_ptr == NULL_TREE,1,1,2
"op1, e, bsi, rhs, invert",1,1,2
(unsigned long)&ls.l2 == rsp+16,2,0,2
TREE_CODE (elt) == INTEGER_CST,2,0,2
ann->out_of_ssa_tag == 1,1,1,2
(unsigned long)&u3.d == rsp+136,1,1,2
is_gimple_min_invariant (op0) || TREE_CODE (op0) == VALUE_HANDLE,1,1,2
gimple_code (scope) == GIMPLE_BIND,1,1,2
r.a[0] == 10,2,0,2
pow != HOST_BITS_PER_DOUBLE_INT,1,1,2
skip_evaluation && DECL_CONTEXT (t) == NULL_TREE,1,1,2
"*binfo2_ptr == binfo, 999",1,1,2
!ret || ((struct expr_hash_elt *)p1)->hash == ((struct expr_hash_elt *)p2)->hash,1,1,2
cst.zero_p (),1,1,2
code == OMP_DISTRIBUTE,1,1,2
def_set,2,0,2
symbol_mem_tag (ptr) == NULL_TREE,1,1,2
loop < gbb_nb_loops (gb) && new_loop_pos < gbb_nb_loops (gb),1,1,2
!id.debug_stmts.exists (),2,0,2
pnode,1,1,2
flag_non_call_exceptions,1,1,2
"merge_primary_and_secondary_vtables_p (), 20000220",1,1,2
GET_CODE (SET_SRC (body)) == ASM_OPERANDS,1,1,2
TREE_CODE (value) == COND_EXPR,1,1,2
!toplevel,1,1,2
r != normalize_false,1,1,2
str[0] != 'S',1,1,2
"same_type_ignoring_top_level_qualifiers_p (TREE_TYPE (expr_type), TREE_TYPE (TREE_TYPE (addr)))",1,1,2
"TREE_CODE (user_seq) == USER_CONV, 20030306",1,1,2
"!check_mode || HARD_REGNO_MODE_OK (base_regno, GET_MODE (reg))",1,1,2
GC_free_bytes[index] >= 0,1,1,2
pre_extension && pre_extension->se_insn && INSN_P (pre_extension->se_insn),1,1,2
gsi_stmt (gsi) == def_stmt,1,1,2
!thread_jumps (),1,1,2
get_symbols,1,1,2
!auto_pop || (ffecom_pending_calls_ > 0),1,1,2
ptr[1] == (struct localvar_info *) (~0),1,1,2
TREE_CODE (result) == CALL_EXPR || TREE_CODE (result) == TARGET_EXPR || TREE_CODE (fn) == PSEUDO_DTOR_EXPR || errorcount,1,1,2
gimple_code (gsi_stmt (si)) == GIMPLE_OMP_ATOMIC_LOAD,2,0,2
!rtl.emit.x_last_insn,1,1,2
"VEC_length (constructor_elt, CONSTRUCTOR_ELTS (init)) == 1",1,1,2
seq != *i->seq,2,0,2
!section || TREE_CODE (section) == STRING_CST,1,1,2
"GET_CODE (XEXP (x, 0)) == PLUS",1,1,2
SUPPORTS_WEAK,1,1,2
TREE_CODE (rhs0) == SSA_NAME,1,1,2
"TREE_CODE (t) == RECORD_TYPE || TREE_CODE (t) == UNION_TYPE, 280",1,1,2
"strcmp (XSTR (XEXP (DECL_RTL (decl), 0), 0), name) == 0",1,1,2
group->type == USE_COMPARE,2,0,2
gimple_seq_empty_p (*seq),1,1,2
v,2,0,2
t == reg_eliminate[0].initial_offset,1,1,2
*fd < FD_SETSIZE,2,0,2
TREE_CODE (then_exp) == GOTO_EXPR && TREE_CODE (else_exp) == GOTO_EXPR,1,1,2
"TYPE_UNSIGNED (TREE_TYPE (e)) || operand_equal_p (e, base, 0)",1,1,2
!cfun || cfun->machine->in_nsubspa == 2,1,1,2
block != NULL,1,1,2
new_class,1,1,2
!var->cur_loc_changed && !var->in_changed_variables,1,1,2
TYPE_BINFO (type2) || !polymorphic_type_binfo_p (TYPE_BINFO (type1)) || build_bases || val->odr_violated,1,1,2
"index < VEC_length (ld_plugin_symbol_resolution_t, data_in->globals_resolution)",1,1,2
"TREE_OPERAND (rhs, 1), code, e, bsi",1,1,2
lst && loop && LST_LOOP_P (loop) && nb_loops > 0,1,1,2
"norm_cond->conds.length () == 1 || is_and_or_or (norm_cond->cond_code, NULL)",1,1,2
!(sa & ~(FFESYMBOL_attrsADJUSTS | FFESYMBOL_attrsCOMMON | FFESYMBOL_attrsDUMMY | FFESYMBOL_attrsEQUIV | FFESYMBOL_attrsINIT | FFESYMBOL_attrsNAMELIST | FFESYMBOL_attrsSFARG | FFESYMBOL_attrsTYPE)),1,1,2
"1 <= __r && __r <= __p, ""template argument __r out of bounds""",1,1,2
"buf, limit, &answer, T_IF",1,1,2
sym->attr.extension,1,1,2
bb == loop->single_exit->dest,1,1,2
pos >= total_bytes,1,1,2
!rfe || (mask & (1 << PC_REGNUM)),1,1,2
TYPE_UNSIGNED (bound_type) && TYPE_UNSIGNED (nit_type) && is_gimple_min_invariant (bound),1,1,2
DECL_COMDAT_GROUP (old_node->decl),1,1,2
*nconds,1,1,2
rev0 == rev1,1,1,2
!e->dest->pred->pred_next,1,1,2
TREE_CODE (unit_size) == INTEGER_CST,2,0,2
"register_is_ok_for_epilogue (SET_DEST (vector_element), SImode)",2,0,2
var_name_len > 0,1,1,2
ann->common.type == VAR_ANN,1,1,2
!any_unnumbered,2,0,2
ffelex_permit_include_,1,1,2
TREE_CODE (global) == VAR_DECL,1,1,2
insn != NULL_RTX && GET_CODE (insn) == NOTE && NOTE_LINE_NUMBER (insn) == NOTE_INSN_EH_REGION_BEG && NOTE_BLOCK_NUMBER (insn) == n && delete_outer != NULL,1,1,2
"op1, code, val, NULL, e, bsi",1,1,2
*len >= 0,1,1,2
"integer_zerop (DECL_FIELD_OFFSET (vfield)), 20010726",1,1,2
pool->elts_free < pool->elts_allocated,1,1,2
"TREE_CODE (id) == IDENTIFIER_NODE, 20030203",1,1,2
!crtl->emit.x_last_insn,1,1,2
edge->indirect_unknown_callee,1,1,2
addr_wide_int (cookie_size).ltu_p(max_size),1,1,2
"!DECL_THUNK_P (fn), 20021231",1,1,2
check_no,1,1,2
TREE_CODE (a->stmt) == PHI_NODE,1,1,2
s0 || s1,1,1,2
TREE_CODE (t) != RESX_EXPR,1,1,2
di->dfs_order[b2->index] == 0,1,1,2
"(*insn_data[icode].operand[3].predicate) (targ1, mode)",1,1,2
call_stmt_size,1,1,2
!gimple_vuse (stmt),1,1,2
"TREE_CHAIN (last_x) == NULL_TREE, 175",1,1,2
!flag_wrapv && !flag_trapv,1,1,2
acc->ref,1,1,2
"TREE_TYPE (h->list) == 0, 303",1,1,2
obj->left == NULL,1,1,2
"TREE_CODE (name) == TYPE_DECL, 140",1,1,2
node->stmt->base.ann == NULL,1,1,2
GET_MODE_SIZE (mode) <= size,2,0,2
__alignof__(_t) == (_align),2,0,2
"level == LIM_DATA (stmt)->max_loop || flow_loop_nested_p (LIM_DATA (stmt)->max_loop, level)",1,1,2
"""REAL4/COMPLEX bad source kind type"" == NULL",1,1,2
set_noat > 0,1,1,2
overriding && overriding->n.tb,1,1,2
TREE_CODE (DECL_SIZE_UNIT (decl)) == INTEGER_CST,1,1,2
add_symbols,1,1,2
GET_MODE (target) == GET_MODE (then),1,1,2
DECL_P (new_var),2,0,2
get_gimple_rhs_class (code) == GIMPLE_UNARY_RHS || get_gimple_rhs_class (code) == GIMPLE_BINARY_RHS,1,1,2
"node == element->node && (VEC_index (cgraph_node_ptr, set->nodes, element->index) == node)",1,1,2
!(sub_offset & (BITS_PER_UNIT - 1)),1,1,2
num_entries,1,1,2
!TREE_PURPOSE (src),1,1,2
diagonal != 0,1,1,2
register_claim_file,1,1,2
TREE_CODE (*op) != MISALIGNED_INDIRECT_REF,1,1,2
cif->abi == FFI_UNIX64,2,0,2
pre->type == PRECOLORED,1,1,2
!e->dest->rbi->visited,1,1,2
root->offset.sle (ref->offset),1,1,2
addr_op == 0 || addr_op == 1,1,1,2
TREE_CODE (type_orig) == ARRAY_TYPE,1,1,2
"TREE_CHAIN (parm_list) == NULL, 20000523",1,1,2
chunksize(p) == small_index2size(i),2,0,2
TREE_TYPE (maxindex),1,1,2
gimple_in_ssa_p (cfun),1,1,2
len >= 1,2,0,2
label == ctxp->current_bc_label,1,1,2
"""Why are we here again?"" == NULL",1,1,2
n || id->remapping_type_depth != 0,1,1,2
 mode == SFmode || mode == V2SFmode || mode == V4SFmode || mode == DFmode || mode == V2DFmode,1,1,2
is_global_var (OMP_CLAUSE_DECL (c)),1,1,2
REGNO < 32,2,0,2
undef == 0,1,1,2
x == reg || (GET_CODE (x) == SUBREG && SUBREG_REG (x) == reg),1,1,2
gsi_end_p (psi) && i == head->length (),1,1,2
*p == '$',2,0,2
"__d <= (__detail::_Shift<_UIntType, __w>::__value - 1), ""template argument __d out of bound""",1,1,2
eltype != NULL,2,0,2
P != F,2,0,2
"!NEED_TEMPORARY_P (conv), 20030307",1,1,2
!varpool_assembled_nodes_queue,1,1,2
(unsigned long)&ms4.x == rsp+200,1,1,2
get_call_expr_in (call_stmt),1,1,2
errlen == NULL_TREE,2,0,2
pipelining_p,2,0,2
"TREE_TYPE (TREE_OPERAND (fns, 0)) == current_class_type, 20001120",1,1,2
"strncmp (p->fname, cpp_PREFIX, cpp_PREFIX_len) == 0",1,1,2
((HOST_WIDE_INT) args_size & 0xffffffff) == (HOST_WIDE_INT) args_size,1,1,2
DWARF_FRAME_REGNUM (ranges[n_ranges].beg) < size,1,1,2
"10, v.length ()",2,0,2
(flags & SSA_OP_ALL_DEFS) == 0,1,1,2
POINTER_TYPE_P (TREE_TYPE (new_name)),1,1,2
TREE_CODE (init) == CONSTRUCTOR && CONSTRUCTOR_NELTS (init) == 0,1,1,2
"""REAL4/REAL bad source kind type"" == NULL",1,1,2
expr && sym == expr->symtree->n.sym,1,1,2
DECL_CONTEXT (el->sym->backend_decl) == NULL_TREE,1,1,2
cum->fregno == FP_ARG_MAX_REG && (fmode == TFmode || fmode == TDmode),1,1,2
! SSA_NAME_AUX (current_new_name),1,1,2
"lang_hooks.types_compatible_p (TREE_TYPE (orig), TREE_TYPE (new))",1,1,2
comp_type,1,1,2
INSN_UID (insn) <= max_uid_cuid,1,1,2
sizeof (d.perm) == sizeof (perm),2,0,2
pattern != NULL_RTX,1,1,2
"IN_RANGE (ix86_arch, 0, 255)",1,1,2
!cfun->gimple_df,1,1,2
" char *expr, char *file, int line",1,1,2
*flags & USE_GLAT,1,1,2
!(offset % GET_MODE_SIZE (mode)),1,1,2
(unsigned long)&u8.f == rsp+456,1,1,2
TREE_CODE (type) == TARGET_EXPR,1,1,2
"d->test.kind == test::C_TEST || d->test.kind == test::ACCEPT || safe_to_hoist_p (d, d->test, kc)",1,1,2
current_function_pretend_args_size <= 16,1,1,2
GET_CODE (op0) == REG && (REGNO (op0) < SPARC_FIRST_FP_REG || REGNO (op0) > SPARC_LAST_V9_FP_REG),1,1,2
!sbitmap_empty_p (sccs->sccs[i]->nodes),1,1,2
ar->stride[i] == NULL,2,0,2
(e->flags & EDGE_FAKE) == 0,1,1,2
MEM_P (save_dst),1,1,2
GET_CODE (operands[0]) == REG && GET_CODE (operands[1]) == REG,2,0,2
r.a[7] == 8,2,0,2
" !is_void<_Tp>::value, ""incomplete type"" ",1,1,2
gimple_call_num_args (stmt) == 2,1,1,2
r.a[0] == 9,2,0,2
vtbl_ptr != error_mark_node,2,0,2
"same_type_p (TREE_TYPE (rhs), lhstype), 20011220",1,1,2
analysis != NULL,1,1,2
"""what am I doing here?"" == NULL",1,1,2
"!VEC_index (reg_equivs_t, reg_equivs, check_regno).ARRAY || !loc_mentioned_in_p (r->where, VEC_index (reg_equivs_t, reg_equivs, check_regno).ARRAY)",1,1,2
"wide_int::eq_p (((tree)*slot), t)",1,1,2
result -> refcount == 1,1,1,2
temp->first == temp->last,1,1,2
key <= okey,1,1,2
new_bb = loop->head->prev_bb,1,1,2
TREE_CODE (target_type) != POINTER_TYPE || TREE_CODE (TREE_TYPE (target_type)) != METHOD_TYPE,1,1,2
TREE_CODE (declarator) == IDENTIFIER_NODE,1,1,2
type->__common.__code == GO_SLICE,1,1,2
"""stumped by conversion from logical1!"" == NULL",1,1,2
"current_lang_name == NULL_TREE, 375",1,1,2
REG_P (base) && REGNO (base) == SP_REG,2,0,2
ENTRY_BLOCK_PTR->succ && !ENTRY_BLOCK_PTR->succ->succ_next,1,1,2
first_clone == cgraph_node (first_clone->decl),1,1,2
" ptr_eq(a->r,b->r) ",1,1,2
"types_compatible_p (TREE_TYPE (len), gfc_charlen_type_node)",1,1,2
"*inits == NULL_TREE, 20000517",1,1,2
!pending_data_specs,1,1,2
type != 0,1,1,2
"!(TREE_CODE (decl) == VAR_DECL && DECL_VTABLE_OR_VTT_P (decl)), 20040803",1,1,2
"c == ""$omp""[i]",1,1,2
VARRAY_ACTIVE_SIZE (build_vuses) == 0,1,1,2
"&(PHI_ARG_IMM_USE_NODE (stmt, index)) == imm_use",1,1,2
web->type == SPILLED,1,1,2
TREE_CODE (lhs) == VAR_DECL || TREE_CODE (lhs) == SSA_NAME,1,1,2
! insn->deleted (),2,0,2
"!DECL_PENDING_INLINE_P (decl), 19990908",1,1,2
mark_count == 0,1,1,2
"flag_new_abi && !CLASSTYPE_HAS_PRIMARY_BASE_P (rec), 19991218",1,1,2
ss->shape[dim],1,1,2
m_case == A2B2,1,1,2
(min != TYPE_MIN_VALUE (TREE_TYPE (min)) && !is_negative_overflow_infinity (min)) || (max != TYPE_MAX_VALUE (TREE_TYPE (max)) && !is_positive_overflow_infinity (max)),1,1,2
BLOCK_INFO (e->dest)->done || e->dest == block,1,1,2
is_simple_use1,1,1,2
cst == 0,1,1,2
BINFO_TYPE (here) == BINFO_TYPE (binfo),1,1,2
1 == remainder -> refcount,1,1,2
header->aux,1,1,2
"host_integerp (TREE_VALUE (list), 1)",1,1,2
"remove_node_from_ps (ps, next_ps_i)",1,1,2
!cfg_bb->aux,2,0,2
"static_field_count == (int) VEC_length (constructor_elt, static_fields)",1,1,2
!sf->call_parent,2,0,2
u->num_freedom,1,1,2
TYPE_P (expr) || DECL_P (expr) || TREE_CODE (expr) == SCOPE_REF,1,1,2
reg_equiv[regno].init_insns != NULL_RTX,1,1,2
i.fits_uhwi (),1,1,2
type != SIMPLIFY,1,1,2
cgraph_function_body_availability (node) == AVAIL_LOCAL,1,1,2
!src_cfun->calls_setjmp,1,1,2
dom_computed[CDI_POST_DOMINATORS] == DOM_OK,1,1,2
TREE_TYPE (rhs) == TREE_TYPE (lhs) || AGGREGATE_TYPE_P (TREE_TYPE (lhs)),1,1,2
base->ts.type == BT_DERIVED,1,1,2
call_expr_nargs (pow_call) == 2,1,1,2
"""REAL4 bad type"" == NULL",1,1,2
node->callers->indirect_inlining_edge,1,1,2
!edge->indirect_info,1,1,2
REG_P (xop[2]),2,0,2
GET_CODE (SET_DEST (vector_element)) == REG,2,0,2
temp->t != t,1,1,2
single_user_map.contains (var),1,1,2
SSA_NAME_VAR (var1) == SSA_NAME_VAR (var2) && TREE_TYPE (var1) == TREE_TYPE (var2),1,1,2
r.a[1] == -4,2,0,2
TREE_CODE_LENGTH (codecvt1) == unary_op,2,0,2
"TREE_CODE (DECL_TI_TEMPLATE (t)) == LOOKUP_EXPR, 0",1,1,2
"1, bb_c->preds->length ()",2,0,2
"VEC_length (tree, build_defs) == 0",1,1,2
next_stmt_exploc.line > body_exploc.line,1,1,2
GET_MODE (mult2) == mode || GET_MODE (mult2) == VOIDmode,1,1,2
"!lookups || lookups == error_mark_node, 20010301",1,1,2
lst,1,1,2
_M_size == __e.size(),1,1,2
*phi != old_phi,1,1,2
"1u <= __k, ""template argument substituing "" ""__k out of bound""",1,1,2
val1->val_class == dw_val_class_die_ref,2,0,2
"pfile, q",1,1,2
current_sched_info->flags & DETACH_LIFE_INFO,1,1,2
"memory_address_p (mode, addr)",1,1,2
v != NULL,1,1,2
display != NULL,2,0,2
"__a <= (__detail::_Shift<_UIntType, __w>::__value - 1), ""mersenne_twister_engine template arguments out of bounds""",1,1,2
LAMBDA_EXPR_THIS_CAPTURE (t) == NULL_TREE,1,1,2
"rld[k].in == 0 || rld[k].reg_rtx == 0 || rld[k].when_needed != rld[j].when_needed || !rtx_equal_p (rld[k].reg_rtx, rld[j].reg_rtx) || rtx_equal_p (rld[k].in, rld[j].in)",1,1,2
0 <= check_no && check_no < SPEC_GEN_CHECK_MUTATION_OFFSET,1,1,2
NOTE_INSN_BASIC_BLOCK_P (BB_HEAD (second_bb)),1,1,2
ce->index == TYPE_VFIELD (type),1,1,2
TYPE_ARRAY_MAX_SIZE (expr) == TYPE_ARRAY_MAX_SIZE (mv),1,1,2
"prev_non_location_insn (BB_END (bb), head) == head",1,1,2
*slot == HTAB_EMPTY_ENTRY,2,0,2
!get_function_state (dst),1,1,2
"flag_new_abi, 20000321",1,1,2
"can_merge_blocks_p (a, b)",1,1,2
tmode == TImode,1,1,2
s->h_next <= s->h_end,2,0,2
"!spec_parm, 20020813",1,1,2
loc.indirect == 0,1,1,2
haifa_recovery_bb_ever_added_p || deps_pools_are_empty_p (),2,0,2
DDR_A (ddr) == olddr,1,1,2
(vr0.type == VR_RANGE || (code == MULT_EXPR && vr0.type == VR_ANTI_RANGE)) && vr0.type == vr1.type,1,1,2
"root1 && root2 && root1 == root2 && code == TREE_CODE (GIMPLE_STMT_OPERAND (stmt2, 1))",1,1,2
"r1, sizeof ((d, b).c) == 17",2,0,2
ause && adef,1,1,2
"t != NULL_TREE, 42",1,1,2
mask_value != 0,1,1,2
(flags & (SSA_OP_ALL_USES | SSA_OP_VIRTUAL_KILLS)) == 0,1,1,2
nops == 4 || nops == 6 || nops == 8 || nops == 9,2,0,2
"VEC_length (int, prologue) == 0",1,1,2
s1var->n_var_parts,1,1,2
scatter < pbb_nb_scattering_orig (pbb),1,1,2
ffesta_num_possibles_ < FFESTA_maxPOSSIBLES_,1,1,2
(flag_ira && ira_conflicts_p) || reload_completed,1,1,2
!inlined_to_p || (!optimized_out_size && !optimized_out_time),1,1,2
x == pc_rtx || (REGNO (x) != ARG_POINTER_REGNUM && REGNO (x) != FRAME_POINTER_REGNUM && REGNO (x) != FLAGS_REG && REGNO (x) != FPSR_REG && REGNO (x) != FPCR_REG),1,1,2
found == bk_not_base,1,1,2
dimen >= 1 && dimen <= GFC_MAX_DIMENSIONS,1,1,2
"DECL_TI_TEMPLATE (x) != NULL_TREE, 0",1,1,2
cfun->machine->vararg_a7_copy != 0,1,1,2
!bd->stmts_to_rescan || VARRAY_ACTIVE_SIZE (bd->stmts_to_rescan) == 0,1,1,2
!q_size && !ready.n_ready,1,1,2
"""Component parent state invalid"" == NULL",1,1,2
code != NEGATE_EXPR && code != ABS_EXPR,1,1,2
TREE_CODE (expression) == SCOPE_REF,1,1,2
"dwf_regno (XEXP (addr, 0)) == cur_row->cfa.reg",1,1,2
!vnode->alias,1,1,2
curr_reg_pressure[cl] <= ira_available_class_regs[cl],1,1,2
!sp->common.large_p,1,1,2
dependent_problem,1,1,2
sel_bb_empty_p (bb),2,0,2
s->sfa_dummy_parent == sp,1,1,2
code == PLUS,1,1,2
 top -> mse_descr & GC_DS_TAGS != GC_DS_LENGTH || top -> mse_descr < GC_greatest_plausible_heap_addr - GC_least_plausible_heap_addr,1,1,2
"et_below (a, b)",2,0,2
!cnode->symbol.definition || cnode->thunk.thunk_p || cnode->symbol.alias || gimple_has_body_p (decl),1,1,2
!((*proc)->deferred && (*proc)->non_overridable),2,0,2
optimizer,2,0,2
loop->header->pred->pred_next,1,1,2
"TREE_CODE (p) == IDENTIFIER_NODE, 261",1,1,2
"t != NULL_TREE && TREE_CODE_CLASS (TREE_CODE (t)) == 't', 287",1,1,2
GET_MODE (x) == VOIDmode,1,1,2
values_ldouble.f18 == f18,2,0,2
bitpos_of_field (field) == 0,1,1,2
"TREE_CODE (TREE_VALUE (void_list_node)) == VOID_TYPE, 160",1,1,2
lo_index >= 0,1,1,2
fp_reg >= 0 && fp_reg <= 31,1,1,2
base_regno < FIRST_PSEUDO_REGISTER,1,1,2
"""machine=mt""",1,1,2
gimple_code (phi) == GIMPLE_PHI && gimple_phi_num_args (phi) == 2,1,1,2
TREE_CODE_CLASS (code) == '1' || TREE_CODE_CLASS (code) == '2' || TREE_CODE_CLASS (code) == 'r',1,1,2
"alias_sets_conflict_p (get_alias_set (data_ref), get_alias_set (gimple_assign_lhs (stmt)))",1,1,2
reg_mode != BLKmode,1,1,2
"obstack_next_free (&declarator_obstack) == declarator_obstack_base, 20040621",1,1,2
0 + 0,2,0,2
len >= PHI_ARG_CAPACITY (*phi),1,1,2
region != -1,1,1,2
arc_simd_builtin_desc_list [i].args_type == void_Va_u3_Ib_u8,1,1,2
NOTE_LINE_NUMBER (insn) != NOTE_INSN_EH_REGION_BEG && NOTE_LINE_NUMBER (insn) != NOTE_INSN_EH_REGION_END,1,1,2
size >= 2 && size <= 3,1,1,2
TREE_CODE (p->decl) == FUNCTION_DECL,1,1,2
!crtl->bb_reorder_complete,1,1,2
dest != orig,1,1,2
(r2val.lattice_val == CONSTANT && TREE_CODE (r2val.value) == INTEGER_CST) || r2val.mask == -1,1,1,2
ss_type == GFC_SS_FUNCTION && ss->expr == expr,1,1,2
!lhs || is_gimple_operand (lhs),1,1,2
"GIMPLE_STMT_OPERAND (use->stmt, 0) == cand->var_after",1,1,2
gimple_seq_singleton_p (tmp_seq),1,1,2
CLS_ISCLASS((Class_t)receiver),1,1,2
integer_zerop (exp),1,1,2
TREE_CODE (deref) == MEM_REF && TREE_CODE (addr) == ADDR_EXPR,1,1,2
gimple_ssa_operands (cfun)->mpt_table == NULL,1,1,2
!STMT_VINFO_IN_PATTERN_P (stmt_vinfo),1,1,2
0 <= n && n <= 9,2,0,2
"REG_Z == REGNO (XEXP (addr, 0)) && n_bytes <= 2",1,1,2
flag_ira && PSEUDO_REGNO_BYTES (regno) <= total_size,1,1,2
"TREE_CODE (var) == VAR_DECL, 20020406",1,1,2
do_store_copy_prop,1,1,2
e == split_edge,1,1,2
"TREE_CODE (d1) == IDENTIFIER_NODE, 272",1,1,2
"TREE_CODE (offset) == INTEGER_CST, 999",1,1,2
"VARRAY_TREE_PTR (list->vars, index) != var",1,1,2
node->symbol.aux,1,1,2
arr[i] == ACTUAL_GANGS,1,1,2
"!emit_a || !modified_in_p (orig_b, emit_a)",1,1,2
head == tail,2,0,2
GET_CODE (uloc) == SET && GET_CODE (SET_SRC (uloc)) == REG,2,0,2
r.a[2] == 10,2,0,2
"__u <= __w, ""template argument __u out of bound""",1,1,2
"GET_CODE (XEXP (SET_SRC (XVECEXP (op, 0, 0)), 1)) == CONST_INT",2,0,2
from == RETURN_ADDRESS_POINTER_REGNUM && (to == FRAME_POINTER_REGNUM || to == STACK_POINTER_REGNUM),1,1,2
is_gimple_assign (stmt) || is_gimple_call (stmt),1,1,2
i < dst->wordmask->n_bits,1,1,2
GET_MODE (op0) == *inner_mode && *extend == UNKNOWN && *outer_step == const0_rtx,1,1,2
mode != V2SImode,1,1,2
ce->value,2,0,2
gfc_option.flag_f2c && sym->ts.type == BT_COMPLEX,1,1,2
expression && LLE_NEXT (expression) && LLE_DENOMINATOR (expression) == 1,1,1,2
current_sched_info->flags & DETACH_LIFE_INFO && bb->il.rtl->global_live_at_start == 0 && bb->il.rtl->global_live_at_end == 0,1,1,2
GET_MODE (x) == mode || GET_MODE (x) == VOIDmode,2,0,2
(r1val.lattice_val == CONSTANT && TREE_CODE (r1val.value) == INTEGER_CST) || double_int_minus_one_p (r1val.mask),1,1,2
"__f <= (__detail::_Shift<_UIntType, __w>::__value - 1), ""template argument __f out of bound""",1,1,2
"(obstack_next_free (&conversion_obstack) == obstack_base (&conversion_obstack)), 20040208",1,1,2
argnum > 0,1,1,2
curr,1,1,2
oval != val,1,1,2
loop0 == loop1,2,0,2
native_codes != NULL,1,1,2
"prefix_.num_, ""pop"", T, base",1,1,2
GET_CODE (SET_SRC (vector_element)) == REG,2,0,2
TREE_CODE (max_index) == INTEGER_CST,2,0,2
supweb->regno < max_normal_pseudo,1,1,2
"TREE_CODE (TREE_PURPOSE (parm)) == TREE_LIST, 260",1,1,2
state->labeled_blocks == finally_label,1,1,2
TYPE_VECTOR_SUBPARTS (vectype) == TYPE_VECTOR_SUBPARTS (rettype),2,0,2
"!optype || TYPE_P (optype), 20020730",1,1,2
t <= 4,1,1,2
cif->abi == FFI_LINUX,1,1,2
GET_CODE (stack_parm) == MEM,1,1,2
int_size_in_bytes (type) <= 16,1,1,2
no >= last_use_id || web_parts[no + df->def_id].ref == df->uses[no],1,1,2
ss->info->type == GFC_SS_SCALAR,1,1,2
h->to == to,1,1,2
pos <= x.root -> size,1,1,2
params_finished,2,0,2
!test->next,1,1,2
!DECL_P (call),1,1,2
chunksize(P) == small_index2size(I),2,0,2
"gfc_compare_types (&vector_a->ts, &vector_b->ts)",1,1,2
TYPE_BEING_DEFINED (context),1,1,2
tree_fits_shwi_p (t),2,0,2
IS_ABSOLUTE_PATH (path),1,1,2
!node->analyzed && node->reachable,1,1,2
info->range_min,1,1,2
"(IN (kind, Incomplete_Or_Private_Kind) && Present (Full_View (gnat_entity)) && No (Freeze_Node (Full_View (gnat_entity)))) || Is_Concurrent_Type (gnat_entity) || (IN (kind, Record_Kind) && Is_Concurrent_Record_Type (gnat_entity))",1,1,2
"form != OFFSET_TYPE, 186",1,1,2
*dt == vect_loop_def || *dt == vect_invariant_def,1,1,2
"""banana"", find_closest_string (""banyan"", &candidates)",2,0,2
"!REAL_VALUES_EQUAL (bcv, dconst1) && !REAL_VALUES_LESS (bcv, dconst1)",1,1,2
"!DECL_BIT_FIELD (field) || ((tree_low_cst (DECL_FIELD_BIT_OFFSET (field), 1) % BITS_PER_UNIT) == 0 && host_integerp (DECL_SIZE (field), 0) && (TREE_INT_CST_LOW (DECL_SIZE (field)) % BITS_PER_UNIT) == 0)",1,1,2
!defer_mark_used_calls,1,1,2
pb->num_vars == pb->safe_vars,1,1,2
info_ptr->first_fp_reg_save >= FIRST_SAVED_FP_REGNO && (info_ptr->first_altivec_reg_save >= FIRST_SAVED_ALTIVEC_REGNO),1,1,2
num_waits >= 0,1,1,2
!update_overall_summary || !overall_size || abs (estimated_growth - (new_size - old_size)) <= 1 || predicated,1,1,2
arr[i] == (i % 5) + 1,2,0,2
"INDEX_EDGE_PRED_BB (m_el, edge_index) != EXIT_BLOCK_PTR_FOR_FN (cfun)",1,1,2
"name != NULL, 0",1,1,2
"ix < VEC_length (bitpack_word_t, bp->values) + 1",1,1,2
cond_expr && gimple_code (cond_expr) == GIMPLE_COND,2,0,2
bytes <= 32,1,1,2
TREE_CODE (*expr_p) == NOP_EXPR || TREE_CODE (*expr_p) == CONVERT_EXPR,1,1,2
!(TREE_CODE (decl) == VAR_DECL && DECL_VIRTUAL_P (decl)),1,1,2
thunk_node->same_comdat_group == NULL,1,1,2
k != 0,1,1,2
synth_count == expect_count,1,1,2
loop->num_nodes == 2 || loop->num_nodes == 1,1,1,2
IS_UNKNOWN_LOCATION (EXPR_LOCATION (map->new_tree)),1,1,2
BLOCK_INFO (e->src)->done,1,1,2
TREE_CODE (c->base_name) == SSA_NAME,1,1,2
size + off + sizeof (void *) <= page_size,1,1,2
"id_context != NULL_TREE, 980410",1,1,2
main_odr_variant (t2) == t2,2,0,2
!virtual_offset || tree_to_double_int (virtual_offset) == double_int::from_shwi (virtual_value),1,1,2
ss->type == GFC_SS_FUNCTION && ss->expr == expr,1,1,2
argc == 3,1,1,2
TYPE_SIZE (var_type) != 0,1,1,2
degenerate_phi_p (phi),1,1,2
gimplify_ctxp && !gimplify_ctxp->current_bind_expr,1,1,2
"comp(*r, *pivot_pos)",1,1,2
BYTES_PER_ALLOC_BIT == BYTES_PER_MARK_BIT,1,1,2
"!variable_different_p (var1, var2, false)",1,1,2
"TREE_CODE (decl) == FUNCTION_DECL || TREE_CODE (decl) == VAR_DECL, 2004725",1,1,2
"TREE_CODE (intype) != OFFSET_TYPE, 189",1,1,2
"TREE_CODE (type) == METHOD_TYPE, 159",1,1,2
ffesymbol_retractable_,1,1,2
info.default_values[num],1,1,2
__new_right->_M_refcount >= 1,1,1,2
deleted,1,1,2
reg_equiv_constant[r] || reg_equiv_invariant[r],1,1,2
dom != NULL,2,0,2
"processing_explicit_instantiation, 20020913",1,1,2
expr && expr->expr_type == EXPR_VARIABLE && expr->symtree,2,0,2
poly0,2,0,2
"same_type_p (TREE_TYPE (var), TREE_TYPE (result)), 20000430",1,1,2
handled_component_p (expr),1,1,2
n1 != NULL && n2 != NULL,1,1,2
((hhdr -> hb_sz) & (HBLKSIZE-1)) == 0,2,0,2
"type != unknown_type_node || TREE_CODE (t) == USING_DECL, 20030716",1,1,2
"!CAN_HAVE_FULL_LANG_DECL_P (t), 19990816",1,1,2
"!processing_explicit_instantiation, 20020913",1,1,2
REG_P (y),1,1,2
!sym || sym->as,1,1,2
z == x || z == y,1,1,2
"result, 20030202",1,1,2
tree_fits_shwi_p (region_nr_t),2,0,2
"POINTER_TYPE_P (tt) && POINTER_TYPE_P (TREE_TYPE (arg0)) && TREE_CODE (TREE_TYPE (arg1)) == INTEGER_TYPE && useless_type_conversion_p (sizetype, TREE_TYPE (arg1))",1,1,2
n >= 0 && bp != NULL,1,1,2
"TREE_CODE (member_type) != FUNCTION_TYPE, 20030716",1,1,2
oldb != NULL,1,1,2
! die->die_mark,2,0,2
first.container() == middle.container() && middle.container() == last.container(),1,1,2
TREE_CODE (block) == BLOCK,1,1,2
TREE_CODE (DECL_NAME (decl1)) == IDENTIFIER_NODE,1,1,2
"TREE_TYPE (functions), 20020805",1,1,2
!INSN_DELETED_P (tmp),1,1,2
code != CONSTRUCTOR && code != TREE_BINFO,1,1,2
pred != ENTRY_BLOCK_PTR,1,1,2
e->dest == EXIT_BLOCK_PTR && EDGE_COUNT (bb->succs) == 1 && (e->flags & EDGE_FALLTHRU),1,1,2
TREE_CODE (TREE_TYPE (valist)) != ARRAY_TYPE,1,1,2
"convert_optab_handler (sext_optab, full_mode, from_mode) != CODE_FOR_nothing",1,1,2
sched_n_insns == n_insns,1,1,2
IS_CONVERT_EXPR_CODE_P (gimple_assign_rhs_code (t)) || gimple_assign_rhs_code (t) == VIEW_CONVERT_EXPR,1,1,2
renamed_align >= align,1,1,2
"TREE_CODE (conv) == REF_BIND, 20030302",1,1,2
var2->n_var_parts == 1,1,1,2
e2 || degenerate_phi_p (phi),1,1,2
"bitmap_equal_p (bb->il.rtl->global_live_at_start, glat_start[i])",1,1,2
"TREE_CODE (decl) == VAR_DECL, 20021010",1,1,2
"stmt == vect_is_simple_reduction (loop, def_stmt)",1,1,2
integer_zerop (op1) || integer_onep (op1) || integer_all_onesp (op1),1,1,2
GET_MODE_BITSIZE (mode) <= HOST_BITS_PER_WIDE_INT,1,1,2
best_size != 0,2,0,2
"dominated_by_p (CDI_DOMINATORS, exit->src, bb_for_stmt (use->stmt))",1,1,2
!(sa & (FFESYMBOL_attrsADJUSTABLE | FFESYMBOL_attrsANYSIZE | FFESYMBOL_attrsCOMMON | FFESYMBOL_attrsDUMMY | FFESYMBOL_attrsEQUIV | FFESYMBOL_attrsINIT | FFESYMBOL_attrsNAMELIST | FFESYMBOL_attrsSAVE)),1,1,2
pending_data_specs == 0,2,0,2
"DECL_IMPLICIT_INSTANTIATION (decl) || DECL_FRIEND_PSEUDO_TEMPLATE_INSTANTIATION (decl) || DECL_DECLARED_INLINE_P (decl), 20040725",1,1,2
"DECL_P (parm), 0",1,1,2
!w_ri->global,1,1,2
!stmt || IS_EXPR_CODE_CLASS (TREE_CODE_CLASS (TREE_CODE (stmt))) || TREE_CODE (stmt) == PHI_NODE,1,1,2
to_descriptor->__code == GO_INTERFACE,1,1,2
"IN_RANGE (ix86_branch_cost, 0, 255)",1,1,2
"!BINFO_DEPENDENT_BASE_P (binfo), 20040712",1,1,2
!type_in_anonymous_namespace_p (t2),1,1,2
rank < N,1,1,2
prevailing_node->analyzed,1,1,2
"TYPE_MAX_VALUE (TREE_TYPE (decl)) == current_class_type, 233",1,1,2
cst && is_gimple_ip_invariant (cst),1,1,2
INCOMING_STACK_BOUNDARY >= 128,1,1,2
TREE_CODE (bsi_stmt (si)) == OMP_SINGLE || TREE_CODE (bsi_stmt (si)) == OMP_MASTER || TREE_CODE (bsi_stmt (si)) == OMP_ORDERED || TREE_CODE (bsi_stmt (si)) == OMP_CRITICAL,1,1,2
!object_finished,1,1,2
offset == file->offset,1,1,2
wider_mode != VOIDmode,1,1,2
SSA_VAR_P (fd->v),1,1,2
TREE_CODE (val_vtbl_decl) == VAR_DECL,1,1,2
sext_optab->handlers[full_mode][from_mode].insn_code != CODE_FOR_nothing,1,1,2
"DECL_NAMESPACE_SCOPE_P (decl), 20030625",1,1,2
kind == gfc_default_character_kind,1,1,2
gimple_assign_rhs_code (acc_info->stmt) == MEM_REF,1,1,2
d->high->expr_type == EXPR_CONSTANT && d->high->ts.type == BT_CHARACTER,2,0,2
MEM_P (this),1,1,2
ix86_cfa_state->reg != stack_pointer_rtx,1,1,2
CONSTANT_P (*inner),1,1,2
to != NULL_TREE && (TREE_CODE (to) == SSA_NAME || is_gimple_min_invariant (to)),1,1,2
"(!loop_in_sese_p (loop, region) && (SESE_ENTRY_BB (region)->loop_father == loop || SESE_EXIT (region)->src->loop_father == loop)) || loop_in_sese_p (loop, region)",1,1,2
gimple_code (stmt) != WIDEN_SUM_EXPR && gimple_code (stmt) != DOT_PROD_EXPR,1,1,2
cif->abi == FFI_LINUX64,1,1,2
loop_depth <= gbb_nb_loops (gb) - 1,1,1,2
TREE_CODE (typea) == FUNCTION_TYPE,1,1,2
a->succ->flags & EDGE_FALLTHRU,1,1,2
ppl_initialized == 0,1,1,2
PROCESSOR_M88100 == 0,1,1,2
buffer_size >= size_character (result->value.character.length),1,1,2
a && (AT_class (a) == dw_val_class_lbl_id || AT_class (a) == dw_val_class_lbl_offset),1,1,2
"GET_CODE (SET_SRC (XVECEXP (op, 0, 0))) == PLUS",2,0,2
(unsigned long)&u5.f == rsp+264,1,1,2
rld[i].when_needed != RELOAD_FOR_OUTPUT,1,1,2
 numberOfBuckets ,1,1,2
size <= SSA_OPERAND_MEMORY_SIZE,1,1,2
name == p,1,1,2
!current_function_calls_eh_return || really_return,1,1,2
"VEC_length (tree, *invariants) <= (unsigned int) (2 * depth)",1,1,2
GC_is_marked(list),1,1,2
ffesymbol_where (s) == FFEINFO_whereLOCAL,1,1,2
gimple_call_num_args (stmt) == 5,2,0,2
TREE_CODE (temp) == INIT_EXPR || TREE_CODE (temp) == GIMPLIFY_MODIFY_STMT || TREE_CODE (temp) == MODIFY_EXPR,1,1,2
addr != error_mark_node,1,1,2
"tree_int_cst_equal (rli->bitpos, round_down (rli->bitpos, BITS_PER_UNIT)), 20030903",1,1,2
LO_SUM == code,1,1,2
"parm_depth == arg_depth, 0",1,1,2
! in_current_region_p (bb),2,0,2
"VEC_length (tree, oparms) == VEC_length (tree, otypes)",1,1,2
relevance == vect_used_in_outer || relevance == vect_used_in_outer_by_reduction || relevance == vect_unused_in_scope,1,1,2
values_float.f16 == f16,2,0,2
TREE_CODE (a->stmt) != SSA_NAME,1,1,2
fieldpos >= local->total_bytes,1,1,2
"lhs, gimple_assign_lhs (stmt)",2,0,2
"rtx_equal_p (XEXP (XEXP (x, 1), 0), XEXP (x, 0))",1,1,2
base_type->kinds_->type_[kind] == NULL,1,1,2
ts,2,0,2
!DECL_THUNK_P (fn),1,1,2
!node->same_body_alias && file_data,1,1,2
param_size >= 0,2,0,2
new != block,1,1,2
TREE_INT_CST_LOW (DECL_SIZE_UNIT (cbt)) == ffeglobal_common_size (g) + ffeglobal_common_pad (g),1,1,2
POINTER_TYPE_P (TREE_TYPE (str)),1,1,2
"res == VEC_index (access_p, access_vec, 0)",1,1,2
(*(struct tree_map **)loc) == NULL,1,1,2
CLS_ISCLASS((Class*)receiver),1,1,2
BRANCH_EDGE (cont_bb)->dest == body_bb || single_succ (BRANCH_EDGE (cont_bb)->dest) == body_bb,2,0,2
cmd == MACH_O_LC_SEGMENT_64,1,1,2
remainder == 0xffffffff,1,1,2
op == RND_TRUNC,1,1,2
old_try->type == ERT_TRY,1,1,2
"nextchar == -1, 229",1,1,2
"at_eof, 20040726",1,1,2
GET_CODE (highpart) == CONST_INT,1,1,2
is_empty_class (memtype),1,1,2
ALL_SCALAR_ACCUM_MODE_P (TYPE_MODE (type)),2,0,2
TREE_INT_CST_NUNITS (x) <= 2,1,1,2
stack_bytes == 16,1,1,2
"""machine=RX""",1,1,2
"(!arglist || TREE_CODE (arglist) == TREE_LIST) == ((complain & tf_user) != 0), 20030724",1,1,2
channel_type->__code == GO_CHAN,1,1,2
allocno_p,2,0,2
cmd == MACH_O_LC_SEGMENT,1,1,2
gimplify_ctxp->case_labels,1,1,2
TYPE_BINFO (type2) || !polymorphic_type_binfo_p (TYPE_BINFO (type1)) || build_bases,1,1,2
vecpfx_.num_ > 0,1,1,2
POINTER_TYPE_P (TREE_TYPE (exp)),1,1,2
(node->analyzed || node->in_other_partition || DECL_EXTERNAL (node->decl)),1,1,2
"x == VEC_length (tree, build_vuses)",1,1,2
type != 0 && TYPE_MODE (type) == VOIDmode,1,1,2
"__if_hash_not_cached< is_default_constructible<__access_protected_ctor>>::value, ""Cache the hash code or make functors involved in hash code"" "" and bucket index computation default constructible""",1,1,2
s->h_prev <= s->h_end,2,0,2
__r->_M_refcount >= 1,1,1,2
cc == 2,2,0,2
oldval != at,2,0,2
TARGET_ALTIVEC || TARGET_SPE || TARGET_PAIRED_FLOAT,1,1,2
(unsigned long)&ms3.x == rsp+136,1,1,2
label == ctxp->current_label[bc],1,1,2
"_Base > 6, ""invalid digit""",1,1,2
"CP_AGGREGATE_TYPE_P (type), 20021016",1,1,2
ffestd_stmt_list_.first->id == FFESTD_stmtidFORMATLABEL_,1,1,2
"TYPE_PTRMEMFUNC_P (ptrmem_type), 20020804",1,1,2
!bd->avail_exprs || VARRAY_ACTIVE_SIZE (bd->avail_exprs) == 0,1,1,2
*updated_modulo < *updated_alignment,1,1,2
(lhs_descriptor->__code & GO_CODE_MASK) == GO_INTERFACE,2,0,2
HOST_BITS_PER_WIDEST_INT >= 2 * HOST_BITS_PER_WIDE_INT,1,1,2
(r2val.lattice_val == CONSTANT && TREE_CODE (r2val.value) == INTEGER_CST) || double_int_minus_one_p (r2val.mask),1,1,2
p1 != p2,1,1,2
node->reachable,1,1,2
hw_after == 1,1,1,2
arc_simd_builtin_desc_list [i].args_type == Va_Vb_u6,1,1,2
"at_eof, 20021120",1,1,2
!(e->flags & EDGE_ABNORMAL) || !EDGE_CRITICAL_P (e),1,1,2
"MIN (MAX_SUPPORTED_STACK_ALIGNMENT, GET_MODE_ALIGNMENT (GET_MODE (mem))) <= MEM_ALIGN (mem)",2,0,2
!OMP_CLAUSE_REDUCTION_PLACEHOLDER (c),1,1,2
alias->same_body_alias,1,1,2
spt != NULL,1,1,2
VINSN_SEPARABLE_P (vi),2,0,2
max_size >= (unsigned HOST_WIDE_INT)epilogue_size_needed,1,1,2
rli->prev_field || actual_align >= type_align || DECL_PACKED (field) || integer_zerop (DECL_SIZE (field)) || !targetm.ms_bitfield_layout_p (rli->t),1,1,2
TREE_PUBLIC (fn),1,1,2
c->die_parent == die,1,1,2
!building_stmt_tree () == is_global,1,1,2
++count <= l->length,1,1,2
TREE_CODE (mem) == TYPE_MEMORY_TAG,1,1,2
!TYPE_UNSIGNED (TREE_TYPE (op0)),1,1,2
REGNO (reg) < max_reg_computed,1,1,2
!adjust_vec,1,1,2
!TYPE_HAS_COMPLEX_DFLT (ftype),1,1,2
REG_P (dest_reg) || (GET_CODE (dest_reg) == SUBREG && REG_P (SUBREG_REG (dest_reg))),1,1,2
cgraph_state == CGRAPH_STATE_IPA_SSA,1,1,2
"TREE_CODE (template) == TEMPLATE_DECL, 279",1,1,2
v == cond,1,1,2
obj->right == NULL,1,1,2
output_dependency_cache != NULL && anti_dependency_cache != NULL,1,1,2
(!DECL_WEAK (node->decl) && !DECL_COMDAT (node->decl)) || TREE_PUBLIC (node->decl) || DECL_EXTERNAL (node->decl),1,1,2
producer && consumer,2,0,2
u < num_nodes,1,1,2
base_type->stars_->type_[star] == NULL,1,1,2
cfa.reg == dw_stack_pointer_regnum,1,1,2
"VEC_length (tree, vuses) >= 1",1,1,2
!current_frame_info.reg_save_ar_pfs,1,1,2
!onlyjump_p (bb_end_insn),1,1,2
"nparms == TREE_VEC_LENGTH (arglist), 268",1,1,2
VARIABLE_HASH_VAL (dv_as_decl (v->dv)) != VARIABLE_HASH_VAL (dv_as_decl (dv)),1,1,2
location >= RESERVED_LOCATION_COUNT,2,0,2
"node->symbol.definition || lookup_attribute (""weakref"", DECL_ATTRIBUTES (node->symbol.decl))",1,1,2
"VEC_length (tree, build_v_may_defs) == VEC_length (tree, clobbered_v_may_defs)",1,1,2
mode == V8QImode,1,1,2
ad->base_reg_loc == NULL,1,1,2
tag == (enum LTO_tags) (unsigned) tag,1,1,2
ipcp_type_is_const (type1) && ipcp_type_is_const (type2),1,1,2
xlated,1,1,2
!bsi_end_p (si) && TREE_CODE (bsi_stmt (si)) == OMP_RETURN_EXPR,1,1,2
BARRIER_P (NEXT_INSN (BB_END (before_recovery))),1,1,2
"pfile, ""-A"", assertion",1,1,2
nops >= 2 && nops <= MAX_LDM_STM_OPS,2,0,2
"TREE_PUBLIC (value), 0",1,1,2
ssa_operands_active (cfun),1,1,2
(unsigned) width < sizeof (store_info->positions_needed) * CHAR_BIT,1,1,2
"spill_is_free (&(ri->colors_in_use), aweb2) != 0",1,1,2
callop_node->same_comdat_group == NULL,1,1,2
GET_MODE (src) != DFmode,2,0,2
(buffer != NULL) && (b != NULL),1,1,2
n9 == e9,2,0,2
"BINFO_TYPE (main_binfo) == BINFO_TYPE (binfo), 208",1,1,2
values_ldouble.f19 == f19,2,0,2
TREE_INT_CST_HIGH (DECL_SIZE_UNIT (t)) == 0,1,1,2
TREE_PUBLIC (new_decl),1,1,2
"VEC_index (cgraph_node_ptr, set->nodes, index) == node",1,1,2
TREE_CODE (orig) == SSA_NAME && virtual_operand_p (orig),1,1,2
DF_REF_BB (def) == DF_REF_BB (use),1,1,2
FFESYMBOL_attr == ARRAY_SIZE (ffesymbol_attr_name_),1,1,2
"(IN (Ekind (gnat_entity), Incomplete_Or_Private_Kind) && Present (Full_View (gnat_entity)) && No (Freeze_Node (Full_View (gnat_entity)))) || Is_Concurrent_Type (gnat_entity)",1,1,2
values_double.f16 == f16,2,0,2
"TREE_CODE (t) == FUNCTION_DECL || TREE_CODE (t) == VAR_DECL, 0",1,1,2
"lookup_stmt_eh_region_fn (id->callee_cfun, orig_stmt) != 0",1,1,2
first_clone == cgraph_get_node (first_clone->symbol.decl),1,1,2
*denominator >= 0,1,1,2
code == NOT,1,1,2
alloc_word != 0,1,1,2
!last_con->expr,1,1,2
TARGET_FCFIDUS && TARGET_LFIWZX,1,1,2
"!DECL_HAS_IN_CHARGE_PARM_P (OVL_CURRENT (ctors)) && !DECL_HAS_VTT_PARM_P (OVL_CURRENT (ctors)), 20011226",1,1,2
"XEXP (from_expand, 0) == NULL_RTX",1,1,2
es->call_stmt_size,1,1,2
var == var2,1,1,2
"VEC_length (tree, conds) >= nconds",1,1,2
handle,2,0,2
TREE_CODE (val) == INTEGER_CST,2,0,2
count1+count2 == count,1,1,2
!(sa & ~(FFESYMBOL_attrsADJUSTS | FFESYMBOL_attrsCOMMON | FFESYMBOL_attrsDUMMY | FFESYMBOL_attrsEQUIV | FFESYMBOL_attrsINIT | FFESYMBOL_attrsNAMELIST | FFESYMBOL_attrsRESULT | FFESYMBOL_attrsSAVE | FFESYMBOL_attrsSFARG | FFESYMBOL_attrsTYPE)),1,1,2
REGNO (temp) >= FIRST_PSEUDO_REGISTER || REGNO_REG_CLASS (REGNO (temp)) == ADDR_REGS,2,0,2
nidx != -1,1,1,2
"sbitmap_equal (tobe_scheduled, sched_nodes)",1,1,2
NEXT_INSN (insns) != NULL_RTX,1,1,2
GET_MODE_BITSIZE (mode) <= 2 * HOST_BITS_PER_WIDE_INT,1,1,2
DECL_FUNCTION_THROWS (current_method) == NULL,1,1,2
outer_father && LST_LOOP_P (outer_father) && LST_LOOP_P (LST_SEQ (outer_father)[outer]) && inner_father && LST_LOOP_P (inner_father),1,1,2
bb->succ,1,1,2
argp->type == ARG_POINTER,2,0,2
expr->expr_type == EXPR_STRUCTURE || expr->expr_type == EXPR_NULL,1,1,2
!(sa & ~(FFESYMBOL_attrsANYLEN | FFESYMBOL_attrsRESULT | FFESYMBOL_attrsSFARG | FFESYMBOL_attrsTYPE)),1,1,2
!type_dependent_expression_p (decl),2,0,2
(*inner_mode == *outer_mode) != (*extend != UNKNOWN),1,1,2
oldh->first->position == addh->first->position,1,1,2
!POINTER_TYPE_P (ta) && !POINTER_TYPE_P (tb),1,1,2
!clone->symbol.in_other_partition,1,1,2
sizeof (unsigned int) == sizeof (key),1,1,2
dump != NULL,1,1,2
"FUNCTION_TYPE, TREE_CODE (fntype)",2,0,2
"CASE_LOW (TREE_VEC_ELT (cases, branch_num - 1)) == NULL_TREE",1,1,2
cfun->machine,1,1,2
" (!comp(*pivot_pos, *begin) && !comp(*(begin + n / 2), *pivot_pos)) || (!comp(*pivot_pos, *begin) && !comp(*(end - 1), *pivot_pos)) || (!comp(*pivot_pos, *(begin + n / 2)) && !comp(*begin, *pivot_pos)) || (!comp(*pivot_pos, *(begin + n / 2)) && !comp(*(end - 1), *pivot_pos)) || (!comp(*pivot_pos, *(end - 1)) && !comp(*begin, *pivot_pos)) || (!comp(*pivot_pos, *(end - 1)) && !comp(*(begin + n / 2), *pivot_pos))",1,1,2
loop->estimate_state == EST_NOT_AVAILABLE,1,1,2
(ptrval.lattice_val == CONSTANT && TREE_CODE (ptrval.value) == INTEGER_CST) || double_int_minus_one_p (ptrval.mask),1,1,2
cfa_off == current_frame_info.spill_cfa_off,2,0,2
!dump_file,1,1,2
mcode != CODE_FOR_nothing && acode != CODE_FOR_nothing,1,1,2
"TREE_CODE (fndecl) == FUNCTION_DECL, 209",1,1,2
n == ss->data.info.dimen + codim - 1,1,1,2
"TREE_CODE (list) == TREE_LIST, 142",1,1,2
n_blocks_inverted == n_basic_blocks,1,1,2
sym->attr.elemental && sym->attr.subroutine,1,1,2
"9, v.length ()",2,0,2
arc_simd_builtin_desc_list [i].args_type == Va_Vb_Ic,1,1,2
flag_ltrans || (!node->in_other_partition && !node->used_from_other_partition),2,0,2
"TREE_OPERAND (*expr_p,0) && NAMESPACE_DECL_CHECK (TREE_OPERAND (*expr_p, 0))",1,1,2
sann->ann.common.type = VAR_ANN,1,1,2
dest_regno == current_frame_info.reg_save_pr,1,1,2
!bb_info->adef,1,1,2
rs6000_offsettable_memref_p (dst),1,1,2
gimple_cond_code (stmt) == EQ_EXPR || gimple_cond_code (stmt) == NE_EXPR,1,1,2
sz == SIZE_SZ,1,1,2
!TREE_ADDRESSABLE (TREE_TYPE (TREE_TYPE (fndecl))),1,1,2
retval == NULL_TREE || TREE_CODE (retval) == RESULT_DECL || is_gimple_val (retval),1,1,2
!VINSN_UNIQUE_P (vi),2,0,2
(targ0 != NULL_RTX) ^ (targ1 != NULL_RTX),1,1,2
GET_CODE (operands[1]) == REG,1,1,2
RECORD_OR_UNION_TYPE_P (type),2,0,2
"TREE_CODE (template_id) == TEMPLATE_ID_EXPR && TREE_OPERAND (template_id, 0), 0",1,1,2
"__builtin_memcmp (&a1, &n1, sizeof (a1)) == 0",2,0,2
!insn_invalid_p (object),1,1,2
callee == cgraph_node (callee->decl),1,1,2
node->symbol.lto_file_data == file_data,1,1,2
TREE_CODE (addr_ref) == VAR_DECL || TREE_CODE (addr_ref) == COMPONENT_REF || TREE_CODE (addr_ref) == SSA_NAME,1,1,2
"strcmp (main_name, ""main"") == 0",1,1,2
unswitch_on->succ,1,1,2
(parser->in_statement & IN_SWITCH_STMT) || parser->in_statement == IN_ITERATION_STMT,1,1,2
(*slot)->spec == spec || (*slot)->spec == new_spec,1,1,2
"BINFO_INHERITANCE_CHAIN (base_binfo) == binfo, 980827",1,1,2
"DECL_FUNCTION_MEMBER_P (d), 20011208",1,1,2
"DECL_P (field), 0",1,1,2
lto_section_names_offset > 0 && lto_section_names_offset < ((unsigned) 1 << 31),1,1,2
"__builtin_memcmp (&a6, &n6, sizeof (a6)) == 0",2,0,2
MIN_DEP_WEAK <= dw && dw <= MAX_DEP_WEAK,2,0,2
DECL_EXTERNAL (decl),1,1,2
parameter,2,0,2
r.a[0] == INT16x4_MAX - 1,2,0,2
(unsigned long)&ls.l3 == esp+12,2,0,2
"TREE_CODE (TYPE_SIZE (rec)) == INTEGER_CST, 19970302",1,1,2
web->useless_conflicts,1,1,2
TYPE_HAS_TRIVIAL_COPY_CTOR (type) || TREE_CODE (init) == CONSTRUCTOR,1,1,2
TREE_CODE (t2) == STATEMENT_LIST,1,1,2
"TREE_CODE (t) == IDENTIFIER_NODE, 224",1,1,2
"__w >= __r, ""mersenne_twister_engine template arguments out of bounds""",1,1,2
can_PRE_operation (genop),1,1,2
code->ext.alloc.ts.u.cl && code->ext.alloc.ts.u.cl->length,1,1,2
"nelts == NULL_TREE || TREE_CODE (nelts) == INTEGER_CST, 20030618",1,1,2
new != old && SSA_NAME_VAR (new) == SSA_NAME_VAR (old),1,1,2
REG_P (outval),1,1,2
GET_CODE (*addr_loc) == PLUS,1,1,2
gimple_code (gsi_stmt (si)) == GIMPLE_OMP_FOR,1,1,2
"TREE_CHAIN (list) == NULL_TREE, 302",1,1,2
node->aux,1,1,2
TYPE_HAS_DESTRUCTOR (type),1,1,2
dim < ss->dimen,2,0,2
pbuf,1,1,2
"!(SMALL_OBJ(sz) && CROSSES_HBLK(p, sz))",2,0,2
old_name != expr,1,1,2
"!THUNK_ALIAS (thunk_fndecl), 20031023",1,1,2
*n != 0,1,1,2
argp->value.dvalue == dvalue,2,0,2
REGNO (dest) == HARD_FRAME_POINTER_REGNUM && fde->drap_reg != INVALID_REGNUM && cfa.reg != dwf_regno (src),1,1,2
TREE_CODE (*tp) != ALIGN_INDIRECT_REF,1,1,2
!var_infos.is_created (),1,1,2
results->length () == 0,2,0,2
"""COMPLEX4 bad type"" == NULL",1,1,2
"cname == 0, 255",1,1,2
index < df_urec->block_info_size,1,1,2
"GET_CODE (XEXP (XEXP (dest, 0), 1)) == CONST_INT",1,1,2
"is_reassociable_op (binlhs, TREE_CODE (rhs), loop) && is_reassociable_op (binrhs, TREE_CODE (rhs), loop)",1,1,2
cif->abi == FFI_O32,1,1,2
GTK_IS_SCROLLED_WINDOW (wid),2,0,2
imported_ns_decl && TREE_CODE (imported_ns_decl) == NAMESPACE_DECL,1,1,2
GET_MODE (mult1) == mode || GET_MODE (mult1) == VOIDmode,1,1,2
regsize_xmode * nregs_xmode == GET_MODE_SIZE (xmode),1,1,2
nelements == nunits,1,1,2
"nextyychar == YYEMPTY, 232",1,1,2
"TREE_CODE (lhstype) != REFERENCE_TYPE, 20011220",1,1,2
"REG_P (XEXP (DECL_RTL (decl), 0))",1,1,2
!eh_stack,1,1,2
"3, v.length ()",2,0,2
offset < (1u << map->m_column_and_range_bits),1,1,2
"cond, where",1,1,2
(allocate & 0xffffffff) == allocate,1,1,2
df->n_blocks == df->n_blocks_inverted,2,0,2
exact_log2 (length) != -1,2,0,2
orig_offset == (unsigned) orig_offset,1,1,2
"__if_hash_code_cached<is_empty<_H2>>::value, ""Functor used to map hash code to bucket index must be empty""",1,1,2
"!template_parms || comp_template_parms (template_parms, DECL_TEMPLATE_PARMS (function)), 20040303",1,1,2
TREE_CODE (tag) == MEMORY_PARTITION_TAG,1,1,2
TREE_CODE (op) == ADDR_EXPR,1,1,2
TREE_CODE (TREE_TYPE (TYPE_NAME (qualified_type))) == INTEGER_TYPE && TYPE_PRECISION (TREE_TYPE (TYPE_NAME (qualified_type))) == TYPE_PRECISION (qualified_type) && TYPE_UNSIGNED (TREE_TYPE (TYPE_NAME (qualified_type))) == TYPE_UNSIGNED (qualified_type),1,1,2
reg1 != reg2,1,1,2
! side_effects_p (original),1,1,2
"TREE_CODE (decl) == VAR_DECL && DECL_VIRTUAL_P (decl), 20000118",1,1,2
mode == address_mode || mode == pointer_mode,1,1,2
(TREE_CODE (t) == FUNCTION_DECL || RECORD_OR_UNION_CODE_P (TREE_CODE (t))) && type_decl && TREE_CODE (type_decl) == TYPE_DECL && scope,1,1,2
1 == result -> refcount && 1 == balanced -> refcount,1,1,2
wmax.fits_uhwi_p (),1,1,2
proto->key <= MAX_KEYS,1,1,2
!(call_expr_flags (call) & (ECF_PURE | ECF_CONST)),1,1,2
"NOTE_BLOCK (XEXP (block_stack, 0)) == NOTE_BLOCK (insn)",1,1,2
ix >= 0,1,1,2
TREE_CODE (bsi_stmt (si)) != COND_EXPR && TREE_CODE (bsi_stmt (si)) != SWITCH_EXPR,1,1,2
reg_equiv_constant[regno],1,1,2
"""unexpected attribute set"" == NULL",1,1,2
GET_CODE (x) == SUBREG && REG_P (reg),1,1,2
!(pred->flags & EDGE_FAKE),2,0,2
first == last,2,0,2
pass->type == SIMPLE_IPA_PASS,1,1,2
CONST_INT_P (operands[0]),2,0,2
"base_init_expr == 0, 207",1,1,2
ds < ds_last,2,0,2
cfa.reg == DW_FRAME_POINTER_REGNUM,1,1,2
next->prev_size == sz,1,1,2
GFC_DESCRIPTOR_TYPE_P (TREE_TYPE (tmp2)),2,0,2
node->global.inlined_to || !gimple_body (decl) || DECL_EXTERNAL (decl),1,1,2
"register_is_ok_for_epilogue (SET_SRC (vector_element), SImode)",2,0,2
"!BINFO_MARKED (binfo), 0",1,1,2
info->gp_save_offset == -220 && info->fp_save_offset == -144 && info->lr_save_offset == 8 && info->cr_save_offset == 4 && info->push_p && info->lr_save_p && (!current_function_calls_eh_return || info->ehrd_offset == -432) && info->vrsave_save_offset == -224 && info->altivec_save_offset == (-224 -16 -192),1,1,2
VECTOR_MODE_P (mode0),2,0,2
nitercst,1,1,2
"TREE_CODE (basetype_path) == TREE_VEC, 20030624",1,1,2
!Is_Packed_Array_Type (gnat_entity),1,1,2
TREE_CODE (orig_cast_stmt) == GIMPLE_MODIFY_STMT,1,1,2
TYPE_P (t) && !TYPE_CANONICAL (t),1,1,2
len > gimple_phi_capacity (*phi),1,1,2
SSA_VAR_P (t),1,1,2
wrap == MAX_EXPR || wrap == MIN_EXPR,1,1,2
fsym->attr.optional && !fsym->attr.allocatable,1,1,2
!gimple_call_internal_p (g),1,1,2
loops_state_satisfies_p (LOOPS_HAVE_RECORDED_EXITS),1,1,2
"same_type_p (type, functype)",1,1,2
"EDGE_SUCC (a, 0)->flags & EDGE_FALLTHRU",1,1,2
info.range_size,1,1,2
set1 && element && (REG_P (element) || INSN_P (element)),1,1,2
def_se && INSN_P (def_se),1,1,2
COMPLEX_MODE_P (mode),2,0,2
"expected, false, fmt, &ap",1,1,2
complain == tf_warning_or_error,1,1,2
npeel_tmp <= vf,1,1,2
cxx_dialect >= cxx0x || INTEGRAL_OR_ENUMERATION_TYPE_P (type),1,1,2
"!((TREE_CODE (decl) == FUNCTION_DECL || TREE_CODE (decl) == VAR_DECL) && rtl != NULL_RTX && GET_CODE (rtl) == MEM && GET_CODE (XEXP (rtl, 0)) == MEM && GET_CODE (XEXP (XEXP (rtl, 0), 0)) == SYMBOL_REF && i386_pe_dllimport_name_p (XSTR (XEXP (XEXP (rtl, 0), 0), 0)))",1,1,2
TYPE_VFIELD (expr) == TYPE_VFIELD (mv),1,1,2
!max_count || (profile_info && flag_branch_probabilities),1,1,2
TREE_CODE (decl) == FUNCTION_DECL && cgraph_global_info_ready,1,1,2
func_type->__common.__code == GO_FUNC,1,1,2
"parmtypes && TREE_VALUE (parmtypes) == integer_type_node, 980529",1,1,2
"(TREE_CODE (name) == IDENTIFIER_NODE || TREE_CODE (name) == BIT_NOT_EXPR), 20020804",1,1,2
d.builtin_node,1,1,2
gimple_vuse_ops (stmt)->next == NULL,1,1,2
strlen (old_prefix) <= strlen (old_str),1,1,2
!(need_conversion && data->passed_pointer && from_expand),1,1,2
r.a[3] == 8,2,0,2
new_val.lattice_val != UNINITIALIZED,1,1,2
scatter <= pbb_nb_scattering_transform (pbb),1,1,2
sign_p == UNSIGNED,2,0,2
lhs_ops == tem,1,1,2
"TYPE_USES_VIRTUAL_BASECLASSES (type), 19990621",1,1,2
GET_CODE (insn) == CALL_INSN,1,1,2
"TREE_CHAIN (tmp) == NULL_TREE, 981121",1,1,2
"EDGE_COUNT (empty_bb->preds) == 1 && EDGE_PRED (empty_bb, 0)->src == merge_bb",1,1,2
!DECL_WEAK (vnode->decl) || TREE_PUBLIC (vnode->decl) || DECL_EXTERNAL (vnode->decl),1,1,2
ratioi,1,1,2
"""COMPLEX4/REAL bad source kind type"" == NULL",1,1,2
TREE_CHAIN (*adjust),1,1,2
"VEC_length (edge, edge_leader) == 0",1,1,2
REGNO_REG_CLASS (REGNO (op)) == ADDR_REGS,1,1,2
"(!BOTH_P && !FALLBACK_P) || !strncmp (NAME, ""__builtin_"", strlen (""__builtin_""))",1,1,2
"TREE_CODE_CLASS (TREE_CODE (decl)) == 'd', 390",1,1,2
live->livein,1,1,2
web1->defs[i] == web2->defs[i],1,1,2
code1 == ERROR_MARK,1,1,2
w->l->do_not_steal == 1,1,0,1
e->dest == new_bb,1,0,1
call_insn && CALL_P (call_insn),1,0,1
TREE_CODE (max) == NOP_EXPR,1,0,1
slen != NULL_TREE,1,0,1
EXPR_VINSN (INSN_EXPR (insn)) != NULL,1,0,1
u->bk->fd == u,1,0,1
offset < total_size,1,0,1
t && data_in->reader_cache->nodes.length () == from,1,0,1
!state->it_was_placed_in_stack_for_DFA_forming,1,0,1
"is_attribute_p (""transaction_safe_dynamic"", name)",1,0,1
update_sp_offset == 0,1,0,1
ptr->next_sibling->start_pc >= ptr->end_pc,1,0,1
REG_P (tem1) || GET_CODE (tem1) == MULT,1,0,1
lab != NULL,1,0,1
"__builtin_cpu_is (""silvermont"")",1,0,1
"GET_CODE (XEXP (dst, 0)) == PLUS && REG_P (basereg) && REG_P (offsetreg) && REGNO (basereg) != REGNO (offsetreg)",1,0,1
prev_nonnote_insn (insn) == last_ignored_compare,1,0,1
as_to != as_from,1,0,1
keep == 0 || keep == 1,1,0,1
!info->disp,1,0,1
!((word)current_p & (ALIGNMENT-1)),1,0,1
cfun->machine->func_type == TYPE_EXCEPTION && TREE_CODE (type) == INTEGER_TYPE && TYPE_MODE (type) == word_mode,1,0,1
*first,1,0,1
m_start.m_line < m_finish.m_line,1,0,1
current_class_type == class_binding_level->this_entity,1,0,1
r.a[0] == 0x0140,1,0,1
fld && TREE_CODE (TREE_TYPE (fld)) == RECORD_TYPE,1,0,1
dup_block->count == 0,1,0,1
op->m_brig_op_offset == brig_operand.total_size,1,0,1
"test_property<is_nothrow_swappable, funny::F[1][2][3]>(false), """"",1,0,1
DECL_COMPLETE_CONSTRUCTOR_P (ctor),1,0,1
r.a[6] == 9,1,0,1
sanity_check_exception_range (&whole_range),1,0,1
"""system=qnxnto""",1,0,1
GET_CODE (entry_parm) == REG,1,0,1
r.a[0] == 0xffffffff,1,0,1
UNITS_PER_WORD == UNITS_PER_HWFPVALUE,1,0,1
STMT_VINFO_VEC_REDUCTION_TYPE (stmt_info) == TREE_CODE_REDUCTION,1,0,1
scratch1 == NULL || (GET_CODE (scratch1) == SCRATCH) || (GET_MODE (scratch1) == SImode && REG_P (scratch1)),1,0,1
argpos > 0,1,0,1
hhdr == GC_find_header((ptr_t)hbp),1,0,1
IS_EXPR_CODE_CLASS (kind) && TREE_CODE_LENGTH (code) == 1,1,0,1
!true_bb,1,0,1
token->type == CPP_NAME && is_cilkplus_vector_p (token->value),1,0,1
state > 0,1,0,1
"IN_RANGE (regno0, FIRST_GPR_REGNO, LAST_GPR_REGNO)",1,0,1
"s0, sizeof (0, (d ? b : c).c) == 17",1,0,1
(sel & SAVRES_REG) == SAVRES_GPR,1,0,1
GENERAL_REGNO_P (regno),1,0,1
d->one_operand_p,1,0,1
((C1 O1 C2) O2 C3) == V2,1,0,1
GET_CODE (amount_rtx) == CONST_INT,1,0,1
tmp_cpu,1,0,1
TYPE_MAIN_VARIANT (base_type) == base_type,1,0,1
(unsigned) REGNO (x0) < ARRAY_SIZE (reg_names),1,0,1
op_regno >= FIRST_PSEUDO_REGISTER,1,0,1
"exit, from_bb2_to_exit->dest",1,0,1
!type_in_anonymous_namespace_p (t),1,0,1
el_size > 0,1,0,1
stack_size >= 65536,1,0,1
GET_MODE_SIZE (mode) <= (TARGET_VX_ABI ? 16 : 8),1,0,1
TYPE_SIZE (base_type) && TREE_CODE (TYPE_SIZE (base_type)) == INTEGER_CST && tree_to_uhwi (TYPE_SIZE (base_type)) != 0,1,0,1
!in_sequence_p (),1,0,1
"2, <=, 3, >, 0, 1, 1, 0",1,0,1
!ia64_needs_block_p (ds),1,0,1
"__builtin_cpu_is (""atom"")",1,0,1
a[i] == 3.0,1,0,1
elem_bitsize % value_bit == 0,1,0,1
TARGET_FMA || TARGET_FMA4 || TARGET_AVX512F,1,0,1
WORKER_SYSTEM != w->l->type,1,0,1
REGNO (dest) == HARD_FRAME_POINTER_REGNUM && fde->drap_reg != INVALID_REGNUM && cur_cfa->reg != dwf_regno (src),1,0,1
by > 0,1,0,1
p1->type == P_SYMBOL && p1->u.wsym.state == NEEDS_WRITE,1,0,1
POINTER_BOUNDS_MODE_P (GET_MODE (bounds)),1,0,1
mantissa <= 15,1,0,1
!insn_info,1,0,1
repr->base == parm,1,0,1
simple || c != NULL,1,0,1
!TREE_PUBLIC (decl) && !DECL_COMMON (decl),1,0,1
"0, -1",1,0,1
tem.length () == 1,1,0,1
as == ADDR_SPACE_MEMX,1,0,1
gimple_call_internal_fn (stmt),1,0,1
"__builtin_cpu_is (""bdver2"") >= 0",1,0,1
(REG_P (src) && GET_MODE (src) == DImode) || (SUBREG_P (src) && GET_MODE (src) == V2DImode),1,0,1
!onlyjump_p (bb_end_jump) || returnjump_p (bb_end_jump) || (e_taken->flags & EDGE_CROSSING),1,0,1
((cgraph_edge *)*slot)->speculative,1,0,1
TREE_CODE (current_function_decl) == FUNCTION_DECL,1,0,1
tail_slop >= sizeof (page_group),1,0,1
DEP_PRO (dep) != DEP_CON (dep),1,0,1
data[n][1] == -1,1,0,1
gimple_vuse (stmt) != NULL_TREE,1,0,1
!queued_reg_saves.exists (),1,0,1
val == val_so_far,1,0,1
regno != regstack->reg[regstack->top],1,0,1
TREE_CODE (old_arg) == ADDR_EXPR,1,0,1
ALLOCNO_HARD_REGNO (a) < 0,1,0,1
result <= max,1,0,1
!node->lto_file_data,1,0,1
ie->indirect_info->param_index >= 0,1,0,1
r.a[2] == 11,1,0,1
ARITHMETIC_TYPE_P (t1) || TREE_CODE (t1) == COMPLEX_TYPE || TREE_CODE (t1) == ENUMERAL_TYPE,1,0,1
"point.contains_point (6, 1)",1,0,1
"(INSN_FROM_TARGET_P (insn) ? ARC_INVERSE_CONDITION_CODE (state->cc) : state->cc) == get_arc_condition_code (XEXP (pat, 0))",1,0,1
amount && (((REG_P (amount) || GET_CODE (amount) == SUBREG) && GET_MODE (amount) == SImode) || CONST_INT_P (amount)),1,0,1
cur == n,1,0,1
ret == &testme[n-2],1,0,1
TREE_CODE (t2) == SSA_NAME || TREE_CODE (t2) == INTEGER_CST,1,0,1
"useless_type_conversion_p (vectype, TREE_TYPE (vec_rhs))",1,0,1
gfc_state_stack,1,0,1
se.string_length != NULL_TREE,1,0,1
"!frame_pointer_needed || BITSET_P (mask, HARD_FRAME_POINTER_REGNUM - GP_REG_FIRST)",1,0,1
r.a[0] == 0xfff7,1,0,1
 __sec_reduce_add(z[0:n])==(3>=i?3-i:3+i)*n ,1,0,1
num < stack_vars_num,1,0,1
!(crtl->bb_reorder_complete && flag_reorder_blocks_and_partition),1,0,1
ops[i] != NULL_TREE,1,0,1
bytes >= 1 && bytes <= MAX_MOVE_BYTES,1,0,1
"sc1, sc2",1,0,1
MAYBE_CLASS_TYPE_P (type) || TREE_CODE (type) == ENUMERAL_TYPE,1,0,1
(single_succ_edge (dummy)->flags & EDGE_FALLTHRU) && !JUMP_P (BB_END (dummy)),1,0,1
!STMT_VINFO_GATHER_SCATTER_P (stmt_info),1,0,1
GST_IS_CAPS (caps),1,0,1
"test_property<is_swappable, construct::nAny>(true), """"",1,0,1
wi::int_traits <T1>::precision_type != FLEXIBLE_PRECISION || wi::int_traits <T2>::precision_type != FLEXIBLE_PRECISION,1,0,1
decl->mode == dm_insn_reserv && DECL_INSN_RESERV (decl)->name,1,0,1
!flag_preprocess_only,1,0,1
sym->attr.pointer,1,0,1
!d->one_operand_p,1,0,1
noperands <= MAX_RECOG_OPERANDS,1,0,1
TREE_CODE (unit) == TRANSLATION_UNIT_DECL && main_translation_unit == NULL_TREE,1,0,1
r.a[1] == 0xfffe,1,0,1
g3 () == 0x12345678,1,0,1
(d->mode == dm_unit && DECL_UNIT (d)->name) || (d->mode == dm_reserv && DECL_RESERV (d)->name),1,0,1
charpos < longest_line,1,0,1
TREE_CODE (t) == RECORD_TYPE && TYPE_BINFO (t) && BINFO_VTABLE (TYPE_BINFO (t)),1,0,1
next->m_first_line <= next->m_last_line,1,0,1
fabs (v2 - 14.12) < 0.0001f,1,0,1
fd->collapse == 1 && !broken_loop,1,0,1
dir == CDI_DOMINATORS && dom_computed[dir_index],1,0,1
label || (e->flags & EDGE_FALLTHRU),1,0,1
lhs != NULL_TREE,1,0,1
!cinuse(u),1,0,1
prec > REAL_MODE_FORMAT (mode)->p,1,0,1
!DEBUG_INSN_P (src_node->insn) || t == ANTI_DEP,1,0,1
GET_MODE (reg1) == SImode && -12 <= n && n != 0 && n <= 12,1,0,1
i->ts.type == BT_INTEGER,1,0,1
edge->speculative,1,0,1
"prev_size <= INTVAL (XEXP (slot, 1))",1,0,1
params1.length () == params2.length (),1,0,1
ALLOCNO_NUM (another_parent_a) >= 0,1,0,1
!paa->parm_modified && !paa->ref_modified && !paa->pt_modified,1,0,1
gfc_is_whitespace(c),1,0,1
!CLASS_DATA (fsym)->attr.codimension,1,0,1
"dist_ij, 0",1,0,1
(sizeof __extension__ 1 + 1) == ((sizeof 1) + 1),1,0,1
"1, bb2->succs->length ()",1,0,1
gimple_ssa_operands (fn)->operand_memory == NULL,1,0,1
stat_expr->expr_type == EXPR_VARIABLE,1,0,1
"ENTRY_BLOCK_PTR_FOR_FN (fun), get_immediate_dominator (CDI_DOMINATORS, subgraph_nodes[0])",1,0,1
ar->stride[n + ndim] == NULL,1,0,1
"false, s.add (red)",1,0,1
m_def_insn || (m_gimple_ssa != NULL && (!SSA_NAME_VAR (m_gimple_ssa) || (TREE_CODE (SSA_NAME_VAR (m_gimple_ssa)) != PARM_DECL)) && SSA_NAME_IS_DEFAULT_DEF (m_gimple_ssa)),1,0,1
"__builtin_cpu_is (""amd"") >= 0",1,0,1
"c_vp, c_ip, const void *",1,0,1
xmm0f[0] == 42,1,0,1
TREE_CODE (expanded_specs) == TYPE_PACK_EXPANSION,1,0,1
cand->regno >= 0,1,0,1
VALUE_HISTOGRAMS (cfun) == NULL,1,0,1
!TARGET_H8300,1,0,1
"__builtin_cpu_is (""amdfam15h"")",1,0,1
r.a[3] == 10,1,0,1
inv1->eqto != ~0u,1,0,1
p->function != NULL,1,0,1
TREE_CODE (functions) == FUNCTION_DECL || TREE_CODE (functions) == TEMPLATE_DECL || TREE_CODE (functions) == TEMPLATE_ID_EXPR || TREE_CODE (functions) == OVERLOAD,1,0,1
sizeof (addr->m_imm_offset) == 4,1,0,1
"!is_reference<deleter_type>::value, ""rvalue deleter bound to reference""",1,0,1
*(p + 1) != '\0',1,0,1
cfun->machine->return_type != CRIS_RETINSN_JUMP || on_stack,1,0,1
TREE_CODE (stmt_expr) == STATEMENT_LIST,1,0,1
TREE_CODE (t) != RESULT_DECL,1,0,1
GET_MODE_BITSIZE (TYPE_MODE (type)) == leni,1,0,1
GET_CODE (x) != CONST_DOUBLE,1,0,1
"2, +, 3, /, 4, 2, 1, 2",1,0,1
"NULL_RTX, single_set (gen_label_rtx ())",1,0,1
a->expr != NULL,1,0,1
r.a[7] == 70,1,0,1
GET_CODE (sequence) == SEQUENCE,1,0,1
cur_opt,1,0,1
TREE_CODE (fn) == FUNCTION_DECL && DECL_FUNCTION_VERSIONED (fn),1,0,1
x != NULL_RTX,1,0,1
use_loop && def_loop,1,0,1
"DECL_P (TREE_OPERAND (ind, 0))",1,0,1
array != NULL,1,0,1
i2 && CALL_P (i2),1,0,1
stack_check_libfunc == NULL_RTX,1,0,1
!saved_section,1,0,1
TREE_CODE (cep->index) != RANGE_EXPR,1,0,1
icode < 0,1,0,1
!info->entry,1,0,1
"2, *, 2, /, 3, 1, 1, 0",1,0,1
REG_P (xreg),1,0,1
INSN_NOP_P (insn),1,0,1
GET_CODE (item) == VALUE,1,0,1
"GET_CODE (XEXP (piece, 0)) == CONCAT && CONST_INT_P (XEXP (XEXP (piece, 0), 0))",1,0,1
DECL_ABSTRACT_ORIGIN (decl) != error_mark_node,1,0,1
!bb->il.x.rtl,1,0,1
"TREE_OPERAND (addr, 0) == fndecl",1,0,1
flag_inline_atomics,1,0,1
MEM_P (decl_rtl),1,0,1
"s390_cc_modes_compatible (GET_MODE (op0), mode) == GET_MODE (op0)",1,0,1
!tree_is_chrec (step_expr),1,0,1
"offset == trunc_int_for_mode (offset, Pmode)",1,0,1
"IN_RANGE ((int)code, 0, (int)RS6000_BUILTIN_COUNT)",1,0,1
dirname,1,0,1
DECL_STATIC_CONSTRUCTOR (this->decl),1,0,1
superset,1,0,1
next == m->top || cinuse(next),1,0,1
"bb_d, get_immediate_dominator (CDI_POST_DOMINATORS, bb_a)",1,0,1
DECL_INHERITED_CTOR_BASE (ctor),1,0,1
!third_reload_reg,1,0,1
r.a[0] == INT16x4_MAX,1,0,1
meth != NULL_TREE,1,0,1
CONSTANT_P (op),1,0,1
s % BITS_PER_UNIT == 0,1,0,1
indices_examined < capacity,1,0,1
new_bottom > local_mark_stack && new_bottom < local_top,1,0,1
!result || !pending_recursion,1,0,1
TREE_CODE (TREE_TYPE (init)) == ARRAY_TYPE,1,0,1
"s0, sizeof (0, (d ? b : c).c) == sizeof (char *)",1,0,1
"__builtin_cpu_is (""sandybridge"")",1,0,1
diagnostic,1,0,1
ggc_marked_p (root_test_of_length),1,0,1
gimple_seq_empty_p (phi_nodes (loop_header)),1,0,1
u->child[0]->parent == u,1,0,1
cur_cfa->reg != dw_frame_pointer_regnum,1,0,1
!STATEMENT_LIST_HEAD (t),1,0,1
cfun->can_throw_non_call_exceptions,1,0,1
EDGE_COUNT (merge_bb->preds) >= 2,1,0,1
"fp, 0, fpt",1,0,1
line_num > 0,1,0,1
pat && INSN_P (pat),1,0,1
r.a[1] == 12,1,0,1
cfun->decl == new_fndecl,1,0,1
!count || VAR_LOC_DEP_VEC (var) == NULL || VAR_LOC_DEP_VEC (var)->is_empty (),1,0,1
"d[1], sqrt (c2)",1,0,1
expr != NULL_TREE && !(this_ref_p && tree_is_indexable (expr)),1,0,1
TYPE_VECTOR_SUBPARTS (TREE_TYPE (src)) == TYPE_VECTOR_SUBPARTS (srctype),1,0,1
(ds & DEP_TYPES) == DEP_TRUE,1,0,1
output_rvec.length() == noutputs,1,0,1
c * n == sizeof (struct htab),1,0,1
tree_contains_struct[LABEL_DECL][TS_DECL_MINIMAL],1,0,1
warningcount_buffered + werrorcount_buffered == 1,1,0,1
"1, >, 2, !=, 3, 1, 1, 0",1,0,1
gimple_call_num_args (def) == 3,1,0,1
"noexcept(declval<const __hash_code_base_access&>() ._M_bucket_index((const __node_type*)nullptr, (std::size_t)0)), ""Cache the hash code or qualify your functors involved"" "" in hash code and bucket index computation with noexcept""",1,0,1
BB_NOTE_LIST (bb) == NULL,1,0,1
"real_identical (&r, r_orig)",1,0,1
cfun == DECL_STRUCT_FUNCTION (outer),1,0,1
!info->conds,1,0,1
first_slot < 0,1,0,1
"4, <=, 3, <<, 2, 1, 0, 1",1,0,1
TMPL_ARGS_DEPTH (args) == (TREE_CODE (tmpl) == TEMPLATE_DECL ? TMPL_PARMS_DEPTH (DECL_TEMPLATE_PARMS (tmpl)) : template_class_depth (DECL_CONTEXT (tmpl))),1,0,1
i < len,1,0,1
epilogue_completed,1,0,1
isl_ast_expr_get_type (expr) == isl_ast_expr_int,1,0,1
GET_MODE_INNER (mode) == GET_MODE_INNER (GET_MODE (op)),1,0,1
TARGET_ABI_OPEN_VMS && mode == BLKmode,1,0,1
INSN_SCHED_TIMES (bnd_to) == 0,1,0,1
BARRIER_P (NEXT_INSN (NEXT_INSN (insn))),1,0,1
p->filename != NULL,1,0,1
REFERENCE_REF_P (argument),1,0,1
attrs.offset_known_p,1,0,1
inv2->eqto != ~0u,1,0,1
"test_property<is_swappable, int ClassType::*>(true), """"",1,0,1
order[i] >= 1 && order[i] <= rank,1,0,1
b->nested || seen_error (),1,0,1
GET_CODE (op) == CONCATN,1,0,1
op2->value.logical,1,0,1
TYPE_ALIGN (type) >= GET_MODE_ALIGNMENT (TYPE_MODE (type)),1,0,1
type == GFC_SS_SCALAR || type == GFC_SS_REFERENCE,1,0,1
opts_obstack.chunk_size > 0,1,0,1
"same_type_ignoring_top_level_qualifiers_p (type, objtype)",1,0,1
"XEXP (pat, 1) == const1_rtx",1,0,1
!need_old || !need_new,1,0,1
GET_CODE (pattern) == PARALLEL,1,0,1
"__f <= (__detail::_Shift<_UIntType, __w>::__value - 1), ""template argument substituting __f out of bound""",1,0,1
lead_zero <= (uintmax_t) (INTMAX_MAX - MAX_10_EXP - 1),1,0,1
mp != max_mp,1,0,1
EDGE_COUNT (e->dest->preds) <= 1,1,0,1
"TREE_NAME_EQ (name, ATTR_EITHER)",1,0,1
ff->fiber_self != w->l->scheduling_fiber,1,0,1
*cslot == (void *) var,1,0,1
inode,1,0,1
uid > -1,1,0,1
SUBREG_P (*op),1,0,1
prev == 0 || !HBLK_IS_FREE(prevhdr) || !IS_MAPPED(prevhdr),1,0,1
stree->n.tb->is_generic,1,0,1
f2,1,0,1
(DF_REF_FLAGS (ref) & DF_REF_IN_NOTE),1,0,1
"debug_check_temp_file[1] && filename_cmp (debug_check_temp_file[0], debug_check_temp_file[1])",1,0,1
(*f)->proc_tree,1,0,1
"bb_b, get_immediate_dominator (CDI_POST_DOMINATORS, bb_a)",1,0,1
r.a[4] == 5,1,0,1
loop->inner,1,0,1
"1, ==, 3, >, 2, 1, 0, 1",1,0,1
"((void)""returned from __cilkrts_resume"", 0)",1,0,1
cur_operand->n_chains < MAX_REGS_PER_ADDRESS,1,0,1
((_Bool) 1 * 2) == 2,1,0,1
"loc, exp_start_col, LOCATION_COLUMN (tok_range.m_start)",1,0,1
!((saved_regs_mask & (1 << SP_REGNUM))),1,0,1
r.a[0] == 42,1,0,1
TREE_CODE (*tp) != IDENTIFIER_NODE,1,0,1
size_of_uleb128 (augmentation_size) == 1,1,0,1
is_taskloop_ctx (ctx),1,0,1
dst_type != error_mark_node,1,0,1
DECL_BUILT_IN_CLASS (new_decl) == BUILT_IN_NORMAL,1,0,1
!defattrs->expr,1,0,1
bitsize == 32 || bitsize == 64,1,0,1
SET_DEST (PATTERN (jump)) == pc_rtx,1,0,1
ri == (int)ri,1,0,1
"test_property<is_swappable, bool>(true), """"",1,0,1
rem == left,1,0,1
(module_size % 16) == 0,1,0,1
(nunits & (nunits - 1)) == 0,1,0,1
last2,1,0,1
accum_in_opnum < recog_data.n_operands,1,0,1
prev_vi->offset < chainvi->offset,1,0,1
"entry, from_entry_to_bb2->src",1,0,1
!sel_bb_head_p (insn) || AV_SET_VALID_P (insn) || AV_LEVEL (insn) == -1,1,0,1
"1, ENTRY_BLOCK_PTR_FOR_FN (fun)->succs->length ()",1,0,1
lr != NULL,1,0,1
"test_property<is_nothrow_swappable, const funny::F[5]>(false), """"",1,0,1
has_dependence_data.where == DEPS_IN_RHS || has_dependence_data.where == DEPS_IN_INSN,1,0,1
is_aligned(ss),1,0,1
switches[i].part1,1,0,1
"""Gtk"", ""gtkcssstylepropertyimpl.c"", 85, ((const char*) (__PRETTY_FUNCTION__)), ""initial_value != NULL""",1,0,1
"0, !=, 2, &, 1, 1, 1, 0",1,0,1
(*slot)->note_ptr_fn == note_ptr_fn && (*slot)->note_ptr_cookie == note_ptr_cookie,1,0,1
code && code->op != EXEC_NOP,1,0,1
"logical_immediate_p (x, mode) || iohl_immediate_p (x, mode)",1,0,1
"true, s.contains (red)",1,0,1
live_pseudos_reg_renumber[reload_regno] < 0,1,0,1
tree_fits_uhwi_p (format_num_expr),1,0,1
!(reload_completed && safe_group_barrier_needed (insn)) || last_scheduled_insn,1,0,1
new_hs > highest_seqno_in_use,1,0,1
cl->passed_length != NULL_TREE,1,0,1
vtbl_map_nodes_vec[node->uid] == node,1,0,1
"""machine=tile""",1,0,1
RECORD_OR_UNION_CODE_P (TREE_CODE (arg)),1,0,1
"5, bitmap_count_bits (b)",1,0,1
! final_p || reload_completed,1,0,1
ss_info == pss->info,1,0,1
TREE_CODE (num) == INTEGER_CST && TREE_CODE (den) == INTEGER_CST,1,0,1
filelist[filelist_count] != NULL,1,0,1
expr_stack.length (),1,0,1
arg->expr,1,0,1
(GPR_LR & 1) == 0,1,0,1
"op, op, code, val, NULL, e, bsi",1,0,1
!DECL_CONTEXT (decl) || TREE_CODE (DECL_CONTEXT (decl)) != FUNCTION_DECL,1,0,1
cc == 4,1,0,1
!intersect_p,1,0,1
gimple_code (ret_stmt) == GIMPLE_RETURN,1,0,1
DECL_MAYBE_IN_CHARGE_CONSTRUCTOR_P (fn) || DECL_MAYBE_IN_CHARGE_DESTRUCTOR_P (fn),1,0,1
operand_list->m_offsets[i],1,0,1
queue_list->head >= 0,1,0,1
dirnam[LT_STRLEN(dirnam) -1] != '/',1,0,1
u->child[1] == 0,1,0,1
edge->caller->definition,1,0,1
!in_lto_p || symtab->function_flags_ready,1,0,1
new_option->alias_target == N_OPTS || new_option->cl_separate_alias,1,0,1
next_uid,1,0,1
"""cpu=microblaze""",1,0,1
GC_words_allocd == 0,1,0,1
region->cont,1,0,1
!inner_stmt,1,0,1
!child_ff->fiber_child,1,0,1
map_b,1,0,1
ti != NULL,1,0,1
REG_SUBREG_P (reg),1,0,1
least_necessary_precision <= maximal_precision,1,0,1
kind == TYPE_UNDEFINED || union_or_struct_p (kind),1,0,1
!bb_visited_trace (e->dest),1,0,1
expr->rank != 0,1,0,1
"""machine=cris""",1,0,1
e == edge_in,1,0,1
scheduled_insns.length () == 0,1,0,1
decl && DECL_P (decl) && DECL_SECTION_NAME (decl),1,0,1
s - retdata == slen,1,0,1
ctx != NULL && ctx->struct_type != NULL,1,0,1
fnad->max_files >= d->emitted_number,1,0,1
(a >> i) == (v >> i).to_int(),1,0,1
(new_ts & SPECULATIVE) && !(new_ts & ~SPECULATIVE),1,0,1
GET_MODE (tem) == mode,1,0,1
"__builtin_cpu_is (""amdfam15h"") >= 0",1,0,1
sp_adjust == total_frame_size,1,0,1
call_used_regs[tmp],1,0,1
!DECL_WEAK (vnode->symbol.decl) || TREE_PUBLIC (vnode->symbol.decl) || DECL_EXTERNAL (vnode->symbol.decl),1,0,1
e != prevailing,1,0,1
insn != NULL_RTX && INSN_P (insn),1,0,1
gsi,1,0,1
(code != GTU && code != LTU && code != GEU && code != LEU) || mode == CCUNSmode,1,0,1
alignas_expr == error_mark_node || alignas_expr == NULL_TREE,1,0,1
"0, attr",1,0,1
TYPE_PRECISION (atype) == TYPE_PRECISION (type),1,0,1
GET_CODE (*x) != SYMBOL_REF || !CONSTANT_POOL_ADDRESS_P (*x),1,0,1
e->operation->kind == id_base::FN,1,0,1
epath->count >= 0,1,0,1
!known_aggs.exists () || (known_vals.length () == known_aggs.length ()),1,0,1
byte_align * BITS_PER_UNIT <= MAX_SUPPORTED_STACK_ALIGNMENT,1,0,1
indexes == NULL || indexes->size() == vals->size(),1,0,1
CONST_INT_P (slot_no),1,0,1
cum->aapcs_nvrn == 0,1,0,1
integer_type_node != NULL,1,0,1
TREE_CODE (DEBUG_IMPLICIT_PTR_DECL (rtl)) == VAR_DECL || TREE_CODE (DEBUG_IMPLICIT_PTR_DECL (rtl)) == PARM_DECL || TREE_CODE (DEBUG_IMPLICIT_PTR_DECL (rtl)) == RESULT_DECL,1,0,1
"test_property<is_nothrow_swappable, ns1::SwapThrow[3]>(true), """"",1,0,1
!type_with_linkage_p (t1) || !type_in_anonymous_namespace_p (t1),1,0,1
TREE_CODE (cst) == STRING_CST,1,0,1
GET_CODE (pat) == MEM,1,0,1
asm_operands && GET_CODE (asm_operands) == ASM_OPERANDS,1,0,1
map_a,1,0,1
"TREE_CODE (TREE_OPERAND (decl, 0)) == ADDR_EXPR",1,0,1
(mask & 0x3c000) == 0x3c000,1,0,1
"vp, ip, void *",1,0,1
TREE_INT_CST_NUNITS (arg1) <= 2,1,0,1
"__builtin_cpu_supports (""avx"") >= 0",1,0,1
ds & BEGIN_CONTROL,1,0,1
!sym->assoc->dangling,1,0,1
original_insns && *original_insns,1,0,1
r.a[2] == UINT16x4_MAX,1,0,1
PAGE_ALIGNED(len),1,0,1
"__builtin_cpu_supports (""sse4.2"") >= 0",1,0,1
call_expr_nargs (*expr_p) == 2,1,0,1
"""machine=alpha""",1,0,1
STMT_SLP_TYPE (stmt_info) != loop_vect,1,0,1
"example_b.contains_point (5, 8)",1,0,1
common_sched_info->sched_pass_id == SCHED_EBB_PASS || IS_SPECULATION_BRANCHY_CHECK_P (jump),1,0,1
(unsigned long)&ls.ll1 == esp+4,1,0,1
!adjust_vec.exists (),1,0,1
type_annotate_only || !Front_End_Exceptions () || No (At_End_Proc (gnat_node)) || Present (Exception_Handlers (gnat_node)) || No_Exception_Handlers_Set (),1,0,1
pressure_info != NULL && max_reg_pressure != NULL,1,0,1
v1 == C1,1,0,1
field_index,1,0,1
note != NULL,1,0,1
! CONST_INT_P (x),1,0,1
*setp == NULL,1,0,1
"!BYTES_BIG_ENDIAN && VECTOR_MEM_VSX_P (mode) && !TARGET_P9_VECTOR && !gpr_or_gpr_p (dest, source) && (MEM_P (source) ^ MEM_P (dest))",1,0,1
gimple_assign_lhs (init_stmt) == init,1,0,1
option->var_type == CLVC_ENUM,1,0,1
debug_info_level > DINFO_LEVEL_TERSE && t && TYPE_P (t),1,0,1
state_in_table->it_was_placed_in_stack_for_DFA_forming,1,0,1
row > m_start.m_line,1,0,1
"constant, fold_build2 (code, TREE_TYPE (lhs), lhs, rhs)",1,0,1
overlap == -1,1,0,1
"GET_CODE (src) == PLUS && CONST_INT_P (XEXP (src, 1)) && XEXP (src, 0) == stack_pointer_rtx",1,0,1
global_dc,1,0,1
"(C), C99_SUFl_TYPE((C))",1,0,1
CONST_INT_P (operands[i]),1,0,1
GET_CODE (c) == PLUS,1,0,1
node->can_be_local_p (),1,0,1
entry -> qtid == INVALID_QTID,1,0,1
index_scale != NULL_RTX && base != NULL_RTX,1,0,1
"!(_Tp1() != _Tp2()), ""ne""",1,0,1
"__builtin_cpu_is (""bdver2"")",1,0,1
"test_property<is_swappable, funny::F[4]>(false), """"",1,0,1
crtl->args.pops_args < 65536,1,0,1
GET_CODE (const_part) == CONST_INT,1,0,1
TREE_CODE (component) == IDENTIFIER_NODE,1,0,1
! BLOCK_ABSTRACT (stmt),1,0,1
e == post_cond_edge,1,0,1
REG_P (SET_SRC (set)) && REGNO (SET_SRC (set)) == (unsigned int) i,1,0,1
(a == b) == (sreal (a) == sreal (b)),1,0,1
seqno > 0 && seqno <= orig_max_seqno,1,0,1
cand->conversion_path != NULL_TREE,1,0,1
num_iregs <= 0 || (iregs.I0 & iregbits.I0) == (I0 & iregbits.I0),1,0,1
"example_a.contains_point (2, 21)",1,0,1
"convert_optab_handler (trunc_optab, to_mode, full_mode) != CODE_FOR_nothing",1,0,1
"2, >>, 5, >, 4, 0, 0, 1",1,0,1
DECL_COMPLETE_DESTRUCTOR_P (dtor),1,0,1
coloring < 0 || (sese && coloring == sese->color),1,0,1
"!epiphany_pass_by_reference (cum, mode, type, true)",1,0,1
fdata->owner == __cilkrts_get_tls_worker(),1,0,1
"3, ^, 2, |, 1, 1, 1, 0",1,0,1
"!real_less (&mv, &bcv)",1,0,1
(!DECL_WEAK (node->symbol.decl) && !DECL_COMDAT (node->symbol.decl)) || TREE_PUBLIC (node->symbol.decl) || DECL_EXTERNAL (node->symbol.decl),1,0,1
is_gimple_omp_oacc (stmt),1,0,1
(re->flags & (EDGE_EH | EDGE_ABNORMAL)) == (e->flags & (EDGE_EH | EDGE_ABNORMAL)),1,0,1
aa == 2,1,0,1
 pattern != NULL ,1,0,1
n_elt == call_expr_nargs (exp),1,0,1
uid_shuid,1,0,1
regno2 != regno0,1,0,1
ctx->outer && is_task_ctx (ctx->outer),1,0,1
symtree3 == root3,1,0,1
!alias_node->definition,1,0,1
INTVAL (off) < 0,1,0,1
dd == 3,1,0,1
"!SAME_BINFO_TYPE_P (BINFO_TYPE (binfo), t)",1,0,1
"0, m.elements ()",1,0,1
x != y && x != z,1,0,1
e->ts.type == BT_INTEGER || e->ts.type == BT_LOGICAL,1,0,1
"6, n_basic_blocks_for_fn (fun)",1,0,1
!obvalue_p (rval),1,0,1
node->in_same_comdat_group_p (decl_node),1,0,1
"test_property<is_nothrow_swappable, construct::Abstract>(false), """"",1,0,1
mode == GET_MODE (val) || (GET_MODE (val) == VOIDmode && (CONST_SCALAR_INT_P (val) || GET_CODE (val) == CONST_FIXED || GET_CODE (val) == LABEL_REF)),1,0,1
__position >= begin() && __position < end(),1,0,1
REGEXP_ALLOF (allof)->regexps_num > 1 && REGEXP_ALLOF (regexp)->regexps_num > 1,1,0,1
s_ok,1,0,1
worker && !LABEL_P (worker) && !JUMP_P (worker),1,0,1
verify_initial_elim_offsets (),1,0,1
TREE_CODE (var) == VAR_DECL || TREE_CODE (var) == PARM_DECL || TREE_CODE (var) == RESULT_DECL || TREE_CODE (var) == STRING_CST || TREE_CODE (var) == SSA_NAME,1,0,1
TREE_CODE (ref->id) == PROTOCOL_INTERFACE_TYPE,1,0,1
BLOCK_FRAGMENT_ORIGIN (block) == NULL_TREE,1,0,1
MAX_MACHINE_MODE <= 256,1,0,1
index >= 0 && index <= 3,1,0,1
code != MINUS,1,0,1
path != (char *) NULL,1,0,1
v2 == n,1,0,1
n->op != IPA_PARM_OP_NEW,1,0,1
(a >= b) == (sreal (a) >= sreal (b)),1,0,1
!frame_pointer_needed,1,0,1
!dest->definition || dest->address_taken || !id->src_node->definition || !id->dst_node->definition,1,0,1
REG_P (addr),1,0,1
d->n_args == call_expr_nargs (exp),1,0,1
TYPE_UNSIGNED (nit_type),1,0,1
size <= m_allocated,1,0,1
code == PLUS_EXPR && TREE_TYPE (acc) == sizetype,1,0,1
!e->call_stmt_cannot_inline_p || cgraph_inline_failed_type (e->inline_failed) == CIF_FINAL_ERROR,1,0,1
old_lp_nr > 0,1,0,1
is_array_type_p (array_type_p),1,0,1
(__alignof (int) + 1) == ((__alignof (int)) + 1),1,0,1
tree_contains_struct[CONST_DECL][TS_CONST_DECL],1,0,1
c->ts.u.cl->backend_decl,1,0,1
GET_CODE (x) == CONST_INT && exact_log2 (INTVAL (x)) >= 0,1,0,1
TREE_CODE (arg0) == SSA_NAME,1,0,1
chunksize(u) == tsize,1,0,1
val_exp == const0_rtx,1,0,1
cfun && fde && fde->dw_fde_second_begin == NULL,1,0,1
is_true_formal_parm && DECL_BY_REF_P (gnu_formal),1,0,1
"example_a.contains_point (2, 22)",1,0,1
!DECL_RESULT (new_decl),1,0,1
line >= MAP_START_LOCATION (result),1,0,1
"2, /, 3, +, 4, 4, 4, 0",1,0,1
!*vtable_slot || *vtable_slot == val,1,0,1
option->neg_alias_arg == NULL,1,0,1
TREE_CONSTANT (offset),1,0,1
u != NULL_TREE,1,0,1
r.a[0] == 20,1,0,1
gimple_code (gsi_stmt (gsi)) == GIMPLE_OMP_ATOMIC_LOAD,1,0,1
"GET_CODE (XEXP (mem, 0)) == PLUS",1,0,1
data[n][0] == -1,1,0,1
EXPR_SEPARABLE_P (INSN_EXPR (orig_insn)),1,0,1
var->var_part[0].cur_loc == NULL,1,0,1
DECL_ARTIFICIAL (fld),1,0,1
0 < nr_regions && nr_regions <= n_basic_blocks_for_fn (cfun),1,0,1
!(group_size % new_phis.length ()),1,0,1
is_empty_class (type),1,0,1
r.y == c.y,1,0,1
!(e->flags & EDGE_FALLTHRU),1,0,1
stack_adjust == 0 || stack_adjust == 4,1,0,1
g,1,0,1
GC_free_bytes[index] <= GC_large_free_bytes,1,0,1
DECL_HAS_VALUE_EXPR_P (decl),1,0,1
a && (AT_class (a) == dw_val_class_lbl_id || AT_class (a) == dw_val_class_lineptr || AT_class (a) == dw_val_class_macptr || AT_class (a) == dw_val_class_high_pc),1,0,1
"count, test_struct_with_dtor::dtor_call_count",1,0,1
code_ref->base.kind == BRIG_KIND_OPERAND_CODE_REF,1,0,1
"REGNO (XEXP (XEXP (p, 0), 0)) < FIRST_PSEUDO_REGISTER",1,0,1
opc > 0,1,0,1
TREE_CODE (index) == FIELD_DECL,1,0,1
fsym->attr.optional && !fsym->attr.allocatable && (fsym->ts.type != BT_CLASS || !CLASS_DATA (fsym)->attr.allocatable),1,0,1
should_have_column_data_p (RESERVED_LOCATION_COUNT),1,0,1
"!bitmap_bit_p (bb_in_list, bb->index)",1,0,1
(!DECL_EXTERNAL (decl) && !TREE_STATIC (decl)) || !DECL_SIZE (decl) || TREE_CODE (DECL_SIZE (decl)) == INTEGER_CST,1,0,1
suppress_errors >= 0,1,0,1
!wide || precision == 0,1,0,1
loop_outer (loop) == outer,1,0,1
temp == test_addr,1,0,1
INTVAL (off) > 0,1,0,1
"XVECLEN (src, 0) == 3",1,0,1
insn_data[icode].operand[1].mode == QImode,1,0,1
srcdir != NULL,1,0,1
tmpl && args && spec,1,0,1
tree_contains_struct[CONST_DECL][TS_DECL_MINIMAL],1,0,1
k <= MAX_CLAUSES,1,0,1
current_frame_info.initialised,1,0,1
bb_predicate_gimplified_stmts (bb) == NULL,1,0,1
lp->index == ix,1,0,1
"test_property<is_swappable, std::pair<construct::Nontrivial, construct::Nontrivial>>(true), """"",1,0,1
dregno >= 0,1,0,1
cached_attr && cached_attr->is_const == 0,1,0,1
tsize >= minsize_for_tree_index(idx),1,0,1
num_decl_states > 0,1,0,1
code == NEW_EXPR,1,0,1
nregs > 1,1,0,1
r.a[5] == -1,1,0,1
"(C), C99_SUFl_OCTHEX_TYPE((C))",1,0,1
!is_final,1,0,1
dv_as_decl (var->dv) == dv_as_decl (dv),1,0,1
occ->next != occ->parent,1,0,1
targetm.no_register_allocation,1,0,1
outer,1,0,1
OMP_CLAUSE_CODE (clause) == OMP_CLAUSE_LINEAR,1,0,1
cp_unevaluated_operand || TREE_STATIC (r) || decl_constant_var_p (r) || errorcount || sorrycount,1,0,1
"""move_out() is not allowed on ostream reducers"" && 0",1,0,1
"sizeof(my_fenv_t) <= (size_t) GFC_FPE_STATE_BUFFER_SIZE, ""GFC_FPE_STATE_BUFFER_SIZE is too small""",1,0,1
dv_is_value_p (var->dv),1,0,1
first_constant != NULL_RTX,1,0,1
"__builtin_cpu_supports (""sse"") >= 0",1,0,1
e == post_inc_edge,1,0,1
!encode_initializer_p || node->definition,1,0,1
!this->alias,1,0,1
EDGE_COUNT (header->succs) > 0,1,0,1
!result,1,0,1
"WAIT_OBJECT_0, WaitForSingleObject(thread, INFINITE)",1,0,1
super_dtable,1,0,1
TREE_CODE (TREE_TYPE (gnu_array_object)) == ARRAY_TYPE,1,0,1
kind != MACRO_ARG_TOKEN_STRINGIFIED && track_macro_exp_p,1,0,1
TREE_CODE (types.first) == ARRAY_TYPE,1,0,1
prev_vi->offset < resultvi->offset,1,0,1
arg1 != NULL,1,0,1
is_gimple_min_invariant (currop->op0),1,0,1
first_scalar || !is_gimple_reg_type (ac2->type),1,0,1
expr->value.function.actual->next->expr,1,0,1
state->num_out_arcs == another_state->num_out_arcs,1,0,1
GC_mark_stack_top < GC_first_nonempty,1,0,1
option->alias_arg == NULL,1,0,1
GET_MODE (x) == to_mode || GET_MODE (x) == VOIDmode,1,0,1
*p=='-',1,0,1
INTEGRAL_TYPE_P (component_type) || SCALAR_FLOAT_TYPE_P (component_type) || FIXED_POINT_TYPE_P (component_type),1,0,1
tgt_bb != NULL,1,0,1
total <= m->footprint,1,0,1
"bitmap_equal_p (&saved_use, &bb_info->use)",1,0,1
"1, &, 2, ^, 3, 3, 3, 1",1,0,1
"test_property<is_swappable, std::stack<int>[1]>(true), """"",1,0,1
"_(""<built-in>""), 0, 0, BUILTINS_LOCATION",1,0,1
n_elts == n_elts00 + n_elts01,1,0,1
current_loops == NULL,1,0,1
!(size_in_bytes > 0 && !is_non_zero_len),1,0,1
info->analysis_done || ipa_get_param_count (info) == 0,1,0,1
align_bytes > MIN_STACK_BOUNDARY / BITS_PER_UNIT,1,0,1
trick_no == 2,1,0,1
!const_store || !load,1,0,1
sz0 == sz1,1,0,1
sym->attr.referenced || sym->attr.flavor == FL_PROCEDURE || sym->attr.use_assoc || sym->ns->proc_name->attr.if_source == IFSRC_IFBODY || (sym->module && sym->attr.if_source != IFSRC_DECL && sym->backend_decl),1,0,1
rse->string_length != NULL_TREE,1,0,1
"(sizeof (_FP_W_TYPE) == sizeof (unsigned int) || (sizeof (_FP_W_TYPE) == sizeof (unsigned long)) || (sizeof (_FP_W_TYPE) == sizeof (unsigned long long))), ""_FP_W_TYPE size unsupported for clz""",1,0,1
TARGET_HARD_FLOAT && TARGET_LOONGSON_VECTORS,1,0,1
iv == ivbuf + num_insn_ents,1,0,1
precision <= op_precision,1,0,1
"CONST_INT_P (XVECEXP (trueop1, 0, 0))",1,0,1
"__builtin_cpu_supports (""avx512bw"")",1,0,1
bbs_p != NULL,1,0,1
"!bin_find(m, q)",1,0,1
reg_info->reg_chain == ref,1,0,1
DECL_TEMPLATE_SPECIALIZATION (newdecl),1,0,1
*bucket_ptr == allocno,1,0,1
!reload_completed && sel_sched_p (),1,0,1
DECL_RESERV (decl)->regexp,1,0,1
DEBUG_INSN_P (dbg),1,0,1
"find_omp_clause (gimple_omp_target_clauses (tgt_stmt), OMP_CLAUSE__GRIDDIM_)",1,0,1
TREE_CODE (variant_type) == RECORD_TYPE,1,0,1
precision == p,1,0,1
"i > 0 && i < JPOOL_SIZE (jcf) && (JPOOL_TAG (jcf, i) & ~CONSTANT_ResolvedFlag) == CONSTANT_Class",1,0,1
(align & (align - 1)) == 0,1,0,1
breaks (jump_target) || continues (jump_target),1,0,1
"CONST_INT_P (XEXP (XEXP (orig, 0), 1))",1,0,1
info->op_info[opno0].n_chains == 1,1,0,1
GET_MODE (op->value) == VOIDmode || GET_MODE (op->value) == mode,1,0,1
ppath,1,0,1
TARGET_PAIRED_FLOAT,1,0,1
len >= GFC_OTOA_BUF_SIZE,1,0,1
GFC_DESCRIPTOR_RANK(a) == GFC_DESCRIPTOR_RANK(b) - 1,1,0,1
gimple_assign_single_p (stmt) || CONVERT_EXPR_CODE_P (gimple_assign_rhs_code (stmt)),1,0,1
"cuStreamWaitEvent, waiting_stream->stream, *e, 0",1,0,1
!CP_DECL_CONTEXT (metaclass_decl) || CP_DECL_CONTEXT (metaclass_decl) == global_namespace,1,0,1
CONSTANT_P (addr),1,0,1
"example_b.contains_point (4, 1)",1,0,1
r.a[3] == 0xfff7,1,0,1
limit >= current_p,1,0,1
ggc_marked_p (root_user_struct_ptr),1,0,1
IDATA_LHS (deps_init_id_data.id) == NULL,1,0,1
!lhs == !rhs,1,0,1
GET_MODE (x) != CC_NOOVmode && GET_MODE (x) != CCX_NOOVmode,1,0,1
is_cilkplus_vector_p (vec_token.value),1,0,1
which <= 1,1,0,1
"insn_operand_matches (icode, 1, y)",1,0,1
EDGE_COUNT (block->succs) >= 2,1,0,1
CLASS_TYPE_P (scope),1,0,1
"useless_type_conversion_p (TREE_TYPE (lhs), type)",1,0,1
prolog_size == 0,1,0,1
code->op == EXEC_DO,1,0,1
r.a[6] == 22,1,0,1
"__t <= __w, ""template argument substituting "" ""__t out of bound""",1,0,1
can_use_as_unextended_reg (),1,0,1
vec_av_set.is_empty (),1,0,1
REGNO (loc) < FIRST_PSEUDO_REGISTER,1,0,1
need_finalization_p <test_struct> (),1,0,1
(DF_REF_FLAGS (use) & DF_REF_IN_NOTE) == 0,1,0,1
node->clones,1,0,1
TREE_CODE (op) == BIT_FIELD_REF,1,0,1
cond_code == NE || cond_code == EQ,1,0,1
(vr0->type == VR_RANGE || (code == MULT_EXPR && vr0->type == VR_ANTI_RANGE)) && vr0->type == vr1->type,1,0,1
outer != NULL_TREE,1,0,1
saved_local_decls == NULL_TREE,1,0,1
(opts->x_target_flags & MASK_LONG_DOUBLE_64) == 0 || (opts->x_target_flags & MASK_LONG_DOUBLE_128) == 0,1,0,1
(unsigned long)&ls.ll3 == esp+20,1,0,1
GET_RTX_CLASS (GET_CODE (SET_SRC (set))) == RTX_TERNARY,1,0,1
m_dfs_order[b2->index] == 0,1,0,1
len < sizeof str,1,0,1
!ssa_name_values.exists (),1,0,1
kfor,1,0,1
node->global.inlined_to || !gimple_has_body_p (decl) || node->symbol.in_other_partition || DECL_EXTERNAL (decl),1,0,1
exit_insn != NULL_RTX,1,0,1
orig,1,0,1
GET_MODE_INNER (mode) == mode,1,0,1
!TARGET_64BIT || !pop,1,0,1
GET_MODE (reg) == SImode && -12 <= n && n != 0 && n <= 12,1,0,1
oparms.length () == otypes.length (),1,0,1
last_nondebug_scheduled_insn && !NOTE_P (last_nondebug_scheduled_insn),1,0,1
id >= ps->g->num_nodes,1,0,1
!msa_p,1,0,1
w->l->original_pedigree_leaf,1,0,1
info->lattices,1,0,1
"parse_in, ""machine=i386""",1,0,1
flag_f2c && ts.type == BT_COMPLEX,1,0,1
"test_property<is_nothrow_swappable, void>(false), """"",1,0,1
me_arg->ts.type == BT_CLASS,1,0,1
ok || GET_MODE_SIZE (d->vmode) == 32,1,0,1
REGNO (operands[1]) == REGNO (operands[0]) + 1,1,0,1
stmt_ends_bb_p (stmt),1,0,1
"CONST_INT_P (XEXP (x, 1))",1,0,1
"GET_CODE (XVECEXP (x, 0, 0)) == SYMBOL_REF && REG_P (XVECEXP (x, 0, 1)) && REGNO (XVECEXP (x, 0, 1)) == TOC_REGISTER",1,0,1
repeat_num > 1,1,0,1
words <= 4,1,0,1
"buffer_size >= size_character (length, kind)",1,0,1
INSN_P (head) && INSN_P (tail),1,0,1
flags == NO_SPECIAL,1,0,1
BLOCK_SUPERCONTEXT (origin) == current_block || BLOCK_FRAGMENT_ORIGIN (BLOCK_SUPERCONTEXT (origin)) == current_block,1,0,1
r.a[3] == 16,1,0,1
"__d <= (__detail::_Shift<_UIntType, __w>::__value - 1), ""template argument substituting __d out of bound""",1,0,1
TYPE_P (TREE_PURPOSE (arg)),1,0,1
n < MAX_386_STACK_LOCALS,1,0,1
ss->info->expr == expr && ss->info->type == GFC_SS_CONSTRUCTOR,1,0,1
single_succ_edge (bb)->flags == (EDGE_SIBCALL | EDGE_ABNORMAL),1,0,1
code == DELETE_EXPR,1,0,1
gimple_call_internal_p (call_stmt),1,0,1
"""cpu=MSP430X""",1,0,1
TREE_CODE (ref) == OBJ_TYPE_REF,1,0,1
TREE_TYPE (expr) != unknown_type_node,1,0,1
"tok, tmp.get_filename (), 4, 4, 5",1,0,1
offset <= 65535 * 4,1,0,1
r.a[3] == 42,1,0,1
byte % GET_MODE_SIZE (outermode) == 0,1,0,1
(n->value & GOVD_SEEN) == 0 || ((n->value & (GOVD_PRIVATE | GOVD_FIRSTPRIVATE)) == 0),1,0,1
op0_mode != VOIDmode,1,0,1
DECL_DECLARES_FUNCTION_P (decl),1,0,1
POINTER_TYPE_P (tt) && POINTER_TYPE_P (TREE_TYPE (arg0)) && ptrofftype_p (TREE_TYPE (arg1)),1,0,1
maximum.to_int () == INT_MAX,1,0,1
"""bar.c"", 1, 150, loc_f",1,0,1
len == 0,1,0,1
TREE_CODE (DECL_INITIAL (fn)) == BLOCK,1,0,1
(digits + 2) < (int)buf_size,1,0,1
size >= 2 && size <= 4,1,0,1
gimple_code (SSA_NAME_DEF_STMT (val)) == GIMPLE_CALL,1,0,1
spill_cost[best_reg + i] == 0,1,0,1
isl_ast_expr_get_type (expr_id) == isl_ast_expr_id,1,0,1
!TREE_OVERFLOW (cst),1,0,1
r.a[3] == 0xfffe,1,0,1
!update,1,0,1
TREE_CODE (t2) == TREE_VEC,1,0,1
array[i - low] == switch4 (i),1,0,1
single_succ_p (ENTRY_BLOCK_PTR_FOR_FN (cfun)),1,0,1
"f[2], exp2f (c1)",1,0,1
ggc_marked_p (test_some_subclass_as_base_ptr),1,0,1
DECL_RTL (parm) == x,1,0,1
pass->name != NULL,1,0,1
chunksize(u->child[0]) < chunksize(u->child[1]),1,0,1
TREE_CODE (var) == VAR_DECL || TREE_CODE (var) == PARM_DECL || TREE_CODE (var) == RESULT_DECL || (TYPE_P (var) && is_gimple_reg_type (var)),1,0,1
"__builtin_cpu_is (""nehalem"") >= 0",1,0,1
mode == CCmode || mode == CCNOmode || mode == CCGCmode,1,0,1
fde->drap_reg == cur_cfa->reg,1,0,1
claim_file_handler,1,0,1
current_loops->exits == NULL,1,0,1
is_true_predicate (bb_predicate (bb)),1,0,1
"__m == 0u || (__a < __m && __c < __m), ""template argument substituting __m out of bounds""",1,0,1
flag_next_runtime == 1 && flag_objc_abi == 2,1,0,1
r.a[1] == 0xfffffffc,1,0,1
EDGE_COUNT (exit_bb->preds) == 1 + (cont_bb != NULL),1,0,1
tree_contains_struct[TYPE_DECL][TS_DECL_COMMON],1,0,1
t != NULL_TREE && TREE_CODE (t) == PARM_DECL,1,0,1
insn_as_rtx == insn,1,0,1
body->header == body_bb,1,0,1
TREE_CODE (string_cst) == STRING_CST,1,0,1
dfi,1,0,1
uop,1,0,1
"dbgcount + nodbgcount == sd_lists_size (insn, list)",1,0,1
"test_property<is_swappable, void() const volatile>(false), """"",1,0,1
is_gimple_address (t),1,0,1
!first_block_aux_obj,1,0,1
old_datasize + length == TYPE_REFLECTION_DATASIZE (current_class),1,0,1
relevant != vect_unused_in_scope,1,0,1
REGNO (frame_reg_rtx) != cr_save_regno,1,0,1
"test_property<is_nothrow_swappable, ns4::SwapNoThrow[2][3][4]>(true), """"",1,0,1
"(C), unsigned long int",1,0,1
curpos <= size,1,0,1
n <= prime_tab[low].prime,1,0,1
uid1 <= stmt_vec_info_vec.length (),1,0,1
lss_array->shape != NULL,1,0,1
ralign >= align,1,0,1
REG_SUBREG_P (reg1) && REG_SUBREG_P (reg2),1,0,1
tree_fits_uhwi_p (length),1,0,1
TREE_CODE (t) == ADDR_EXPR,1,0,1
pr->type == qr->type,1,0,1
r.a[1] == -16,1,0,1
rld[r->what].optional,1,0,1
(1 || (2 ? 3 : 4)) == 1,1,0,1
chrec_type (chrec) == chrec_type (init_cond),1,0,1
d != acc_device_none && d != acc_device_default && d != acc_device_not_host,1,0,1
m_line_spans.length () > 0,1,0,1
set != NULL_RTX && (REG_P (SET_DEST (set)) || REG_P (SET_SRC (set))),1,0,1
(total_size & (HBLKSIZE-1)) == 0,1,0,1
sz > 0,1,0,1
cur_cfa->reg == dw_stack_pointer_regnum,1,0,1
index && TREE_CODE (index) == FIELD_DECL,1,0,1
ff->right_reducer_map == 0,1,0,1
"true, s.contains (green)",1,0,1
TREE_VALUE (wd->arglist) == NULL_TREE,1,0,1
insert,1,0,1
mode == GET_MODE (orig_dest),1,0,1
"nregs_xmode == (GET_MODE_NUNITS (xmode) * HARD_REGNO_NREGS_WITH_PADDING (xregno, xmode_unit))",1,0,1
var_arg->next == NULL,1,0,1
enumtype == TYPE_MAIN_VARIANT (enumtype) && (TYPE_VALUES (enumtype) || !TYPE_NEXT_VARIANT (enumtype)),1,0,1
"useless_type_conversion_p (itype, TREE_TYPE (trueval))",1,0,1
offload_unregister,1,0,1
gimple_code (g) == GIMPLE_OMP_FOR && gimple_omp_for_kind (g) == GF_OMP_FOR_KIND_TASKLOOP,1,0,1
(*inner_mode == *outer_mode) != (*extend != IV_UNKNOWN_EXTEND),1,0,1
"same_type_ignoring_top_level_qualifiers_p (TREE_TYPE (delta), ptrdiff_type_node)",1,0,1
insn_arcs_array [ainsn->insn_reserv_decl->insn_num],1,0,1
as->corank == 0 && sym->as->rank == 0,1,0,1
"buf - 10 == __bnd_narrow_ptr_bounds (buf - 10, buf, 4)",1,0,1
"test_property<is_nothrow_swappable, ThrowCopyConsClass>(false), """"",1,0,1
(td->__code & GO_CODE_MASK) == GO_SLICE,1,0,1
deferred_asm_name == NULL,1,0,1
scope_name,1,0,1
d->low->expr_type == EXPR_CONSTANT && d->low->ts.type == BT_CHARACTER,1,0,1
"test_property<is_swappable, int const*>(true), """"",1,0,1
name[len] == '.',1,0,1
(rax & 0xff) == 42 && xmm0d[0] == 43,1,0,1
"exit == NULL || bitmap_bit_p (bbs, exit->index)",1,0,1
contexts[contexts.length () - 1] == this,1,0,1
regno >= lra_constraint_new_regno_start,1,0,1
CONST_INT_P (lowpart),1,0,1
gfc_current_state () == COMP_FUNCTION,1,0,1
*ptr < limit,1,0,1
!last_stmt (a) || !stmt_ends_bb_p (last_stmt (a)),1,0,1
gimple_assign_rhs_code (*vec_stmt) == VEC_COND_EXPR,1,0,1
"REG_P (XEXP (XEXP (mem, 0), 0))",1,0,1
isym->formal->next->next->next->next == NULL,1,0,1
get_stridx (lhs) == 0,1,0,1
v->alignb != 0,1,0,1
ARC_FIRST_SIMD_DMA_CONFIG_OUT_REG == 136,1,0,1
GET_CODE (op) == CONST_INT,1,0,1
orig_s->kind != TYPE_USER_STRUCT,1,0,1
found_length != -1,1,0,1
r.x == 11,1,0,1
old_pos > ebb_head[BLOCK_TO_BB (check_bbi)],1,0,1
inherent_size == PSEUDO_REGNO_BYTES (regno) && inherent_size <= total_size && ALLOCNO_HARD_REGNO (allocno) < 0,1,0,1
"!REGNO_REG_SET_P (df_get_live_in (e->dest), REGNO (loop->iter_reg))",1,0,1
ctx->quiet || errorcount,1,0,1
sf == NULL,1,0,1
"test_property<is_nothrow_swappable, void (ClassType::*)()>(true), """"",1,0,1
"dist_ij, dist_ji",1,0,1
vars->refcount > 1,1,0,1
!global.inlined_to && !clone_of,1,0,1
cgraph_new_nodes.length () == 0,1,0,1
!insn->m_bb,1,0,1
"""foo"", IDENTIFIER_POINTER (identifier)",1,0,1
"_Generic (i--, int: 1, default: 0) == 1, ""5""",1,0,1
present_gnu_tree (gnat_uview),1,0,1
sz >= MIN_CHUNK_SIZE,1,0,1
operands[1] == CONSTM1_RTX (vimode),1,0,1
GET_MODE (operands[1]) != TFmode,1,0,1
src != ENTRY_BLOCK_PTR_FOR_FN (cfun),1,0,1
BARRIER_P (before),1,0,1
arg->expr->expr_type == EXPR_VARIABLE,1,0,1
!*slot || e->speculative,1,0,1
"loc, exp_finish_col, LOCATION_COLUMN (tok_range.m_finish)",1,0,1
"1, bb_a->succs->length ()",1,0,1
cycle[cycle_start] == cycle[cycle_end],1,0,1
node_v != NULL,1,0,1
scratch2 == NULL || (GET_CODE (scratch2) == SCRATCH) || (GET_MODE (scratch2) == SImode && REG_P (scratch2)),1,0,1
TREE_CODE (edge->indirect_info->otr_type) == RECORD_TYPE,1,0,1
size == 0,1,0,1
"!timercmp (&stamps[2][0], &stamps[0][1], >)",1,0,1
current_frame_info.last_slot != GPR_FP || (!current_frame_info.need_fp && current_frame_info.first_slot < 0),1,0,1
GFC_DESCRIPTOR_TYPE_P (TREE_TYPE (se.expr)) || GFC_ARRAY_TYPE_P (TREE_TYPE (se.expr)),1,0,1
streamer_handle_as_builtin_p (expr),1,0,1
REG_P (saved_op),1,0,1
cons,1,0,1
idx >= 0,1,0,1
ep->from_rtx != orig_operand[i] || ! ep->can_eliminate,1,0,1
TYPE_MODE (type) == Pmode,1,0,1
const_tiny_rtx[constant][(int) inner],1,0,1
i == NIOS2_FPU_CONFIG_NUM,1,0,1
insn && !cur_insn,1,0,1
nops >= 3,1,0,1
base != NULL_TREE,1,0,1
"7, v.length ()",1,0,1
((aop != GFC_OMP_ATOMIC_CAPTURE) && code->next == NULL) || ((aop == GFC_OMP_ATOMIC_CAPTURE) && code->next != NULL && code->next->op == EXEC_ASSIGN && code->next->next == NULL),1,0,1
level != 0,1,0,1
find (n) == n,1,0,1
"test_property<is_nothrow_swappable, std::array<int, 1>>(true), """"",1,0,1
VECTOR_UNIT_ALTIVEC_OR_VSX_P (dmode),1,0,1
m_dfs_order[b->index],1,0,1
(b + a) == (sreal (b) + sreal (a)).to_int (),1,0,1
r.a[0] == 360,1,0,1
f->sym->ts.u.cl->backend_decl != NULL,1,0,1
empty_block_p (e->src) && single_pred_p (e->src),1,0,1
"loc, exp_start_col, LOCATION_COLUMN (tok_loc)",1,0,1
EDGE_COUNT (region[i]->preds) <= 1,1,0,1
STMT_VINFO_VECTYPE (stmt_info) || (is_gimple_call (stmt) && gimple_call_lhs (stmt) == NULL_TREE),1,0,1
!TREE_PURPOSE (t),1,0,1
ifns,1,0,1
guard_exploc.line == next_stmt_exploc.line,1,0,1
modulo_scheduling || sched_rgn_n_insns == rgn_n_insns,1,0,1
"same_type_ignoring_top_level_qualifiers_p (type, TREE_TYPE (object))",1,0,1
"GET_CODE (XEXP (set_src, 1)) == CONST",1,0,1
ar->dimen_type[n + ndim] == DIMEN_THIS_IMAGE,1,0,1
cfun->machine->frame_info.pretend_size <= 32,1,0,1
"test_property<is_swappable, const int[1][2][3]>(false), """"",1,0,1
name && assoc,1,0,1
die_offset > 0 && die_offset <= (loc->dw_loc_opc == DW_OP_call2) ? 0xffff : 0xffffffff,1,0,1
!spec_parm,1,0,1
POINTER_TYPE_P (ptype),1,0,1
hbb != NULL,1,0,1
!new_racc->last_link,1,0,1
"test_property<is_swappable, int&>(true), """"",1,0,1
TYPE_MAIN_VARIANT (TREE_TYPE (expr)) == type,1,0,1
to == FRAME_POINTER_REGNUM || to == STACK_POINTER_REGNUM,1,0,1
constfn != NULL,1,0,1
virtual_operand_p (name),1,0,1
as->type == AS_EXPLICIT || as->cp_was_assumed,1,0,1
ancestor_wrapper && ancestor_wrapper->ref == NULL && ancestor_wrapper->expr_type == EXPR_VARIABLE,1,0,1
e1->dest != latch || !single_pred_p (latch) || e1 != single_pred_edge (latch),1,0,1
m->fs.sp_valid || m->fs.fp_valid,1,0,1
src->n_var_parts,1,0,1
DECL_BUILT_IN (gnu_type),1,0,1
"0u < __s && __s < __r, ""0 < s < r""",1,0,1
a && AT_class (a) == dw_val_class_file,1,0,1
file == asm_out_file,1,0,1
!value || !TREE_SIDE_EFFECTS (value),1,0,1
n_cycles <= max_insn_queue_index,1,0,1
(bitregion_start % BITS_PER_UNIT) == 0,1,0,1
i2src,1,0,1
die && child_die && after_die && die->die_child && die != child_die,1,0,1
abi != FFI_DARWIN,1,0,1
data[n][0] == thr,1,0,1
"!std::is_lvalue_reference<_Tp>::value, ""template argument"" "" substituting _Tp is an lvalue reference type""",1,0,1
!(stack_pointer_delta & (preferred_stack_boundary - 1)),1,0,1
"""cpu=xtensa""",1,0,1
REGNO (crtl->drap_reg) != CX_REG,1,0,1
"3, *m.get (eric)",1,0,1
"integer_type_node, TREE_TYPE (fntype)",1,0,1
vect.last () != undefined_vect_el_value,1,0,1
stree && stree->n.tb,1,0,1
!b->nested,1,0,1
"bb, as_a <gswitch *> (last)",1,0,1
total_dim == as->rank,1,0,1
m->topsize == chunksize(m->top),1,0,1
r.a[0] == 5,1,0,1
"1, dom_by_b.length ()",1,0,1
n_args >= 1 && n_args <= 3,1,0,1
BLOCK_FOR_INSN (insn)->prev_bb,1,0,1
OMP_CLAUSE_CODE (t) == OMP_CLAUSE_MAP,1,0,1
"bitmap_bit_p (b, 11)",1,0,1
ns->proc_name->backend_decl == NULL,1,0,1
region->inner->sched_kind != OMP_CLAUSE_SCHEDULE_AUTO,1,0,1
node->definition || node->weakref,1,0,1
TYPE_MAIN_VARIANT (t1) == t1,1,0,1
ARG_S == RES_S && ARG_C == RES_C,1,0,1
(offset_adj % GET_MODE_SIZE (ymode)) == 0,1,0,1
result == gimple_phi_result (phi),1,0,1
last_added_blocks.length () == 1 && last_added_blocks[0] == bb,1,0,1
"rtx_equal_p (op1, y)",1,0,1
can_change_mode,1,0,1
vec_safe_length (ws_args) == 2,1,0,1
all_file_decl_data[i]->symtab_node_encoder,1,0,1
TREE_CODE (r) == code,1,0,1
LABEL_P (BB_HEAD (new_bb)) && LABEL_P (BB_HEAD (succ)),1,0,1
omp_private_member_vec.is_empty (),1,0,1
JUMP_P (in_insn) || CALL_P (in_insn),1,0,1
GET_RTX_CLASS (code) != RTX_COMPARE,1,0,1
i < FIRST_PSEUDO_REGISTER,1,0,1
epilogue_p || abs (*first_offset) <= 127,1,0,1
dec_p ? alt_opval != GET_MODE_MASK (mode) : alt_opval != 0,1,0,1
temp_node != NULL,1,0,1
REG_P (ireg),1,0,1
DECL_BUILT_IN_CLASS (fndecl) != NOT_BUILT_IN,1,0,1
dispatch_window_list1->num_insn <= MAX_INSN,1,0,1
unit->mode == rm_nothing,1,0,1
buffer[GC_TYPE_DESCR_LEN] == 0,1,0,1
"!TEST_HARD_REG_BIT (gmask, regno)",1,0,1
!chain->combined,1,0,1
result->rank > 0 && result->shape,1,0,1
fcn,1,0,1
ss->dimen > 0,1,0,1
NOTE_BASIC_BLOCK (note) == bb && bb->aux == NULL,1,0,1
asm_out_file,1,0,1
df_live == NULL,1,0,1
m,1,0,1
"cuEventRecord, *e, s1->stream",1,0,1
GET_CODE (operands[2]) == REG && GET_CODE (operands[3]) == REG,1,0,1
k != M_PRINT,1,0,1
TARGET_HARD_FLOAT && ISA_HAS_8CC,1,0,1
REG_P (r),1,0,1
TYPE_PTR_P (type),1,0,1
TREE_CODE (decl) != BLOCK,1,0,1
regno != INVALID_REGNUM,1,0,1
i == 0 && regclass[1] == X86_64_SSEUP_CLASS && regclass[2] == X86_64_SSEUP_CLASS && regclass[3] == X86_64_SSEUP_CLASS,1,0,1
"GBB_BB (gbb) != ENTRY_BLOCK_PTR_FOR_FN (cfun) && ""The entry block should not even appear within a scop""",1,0,1
i < 4,1,0,1
fizzbuzz[i] == ((i % 3) == 0 && (i % 5) == 0),1,0,1
single_pred_p (gimple_bb (stmt)),1,0,1
temp != NULL && SET_DEST (temp) == stack_pointer_rtx,1,0,1
(TREE_CODE (tmpl) == TEMPLATE_DECL && DECL_P (spec)) || (TREE_CODE (tmpl) == FIELD_DECL && TREE_CODE (spec) == NONTYPE_ARGUMENT_PACK),1,0,1
"!reg_overlap_mentioned_p (operands[1], operands[0])",1,0,1
pid < passes->passes_by_id_size,1,0,1
gimple_omp_for_kind (fd->for_stmt) == GF_OMP_FOR_KIND_OACC_LOOP,1,0,1
dkind == skind,1,0,1
"GET_CODE (XEXP (value, 1)) == PLUS",1,0,1
sub_cons != NULL,1,0,1
VN_INFO (name)->valnum != NULL_TREE,1,0,1
insize > 0,1,0,1
!DECL_NAME (thunk) && DECL_THUNK_P (thunk),1,0,1
num_elements >= 1 && num_elements <= 2,1,0,1
!ref2->referring->transparent_alias,1,0,1
"__builtin_cpu_is (""bdver1"") >= 0",1,0,1
REG_P (dest) || GET_CODE (dest) == SUBREG,1,0,1
idx <= m_num_ranges,1,0,1
"reg_mentioned_p (rld[r2].in, rld[r1].in)",1,0,1
"insn_operand_matches (icode, 2, v0)",1,0,1
integer_zerop (t),1,0,1
(HOST_WIDE_INT) work == work,1,0,1
TMP_REGNO == LPM_REGNO,1,0,1
pbb,1,0,1
TREE_CODE (decl) == FUNCTION_DECL || TREE_CODE (decl) == TYPE_DECL,1,0,1
is_gimple_min_invariant (def),1,0,1
"TREE_CODE (x) != COND_EXPR || !VOID_TYPE_P (TREE_TYPE (TREE_OPERAND (x, 0)))",1,0,1
!node || !node->definition,1,0,1
!gimple_call_internal_p (call_stmt),1,0,1
cpp_option,1,0,1
this->var_deps_.find(var1) == this->var_deps_.end(),1,0,1
"same_type_p (TREE_TYPE (decl_parms), TREE_TYPE (clone_parms))",1,0,1
size_cost > 0,1,0,1
test0 || test1,1,0,1
to_real == from_real,1,0,1
!gsi_end_p (gsi) && gimple_code (gsi_stmt (gsi)) == GIMPLE_OMP_CONTINUE,1,0,1
INSN_P (insn) && INSN_LUID (insn) > 0,1,0,1
operand_1 && operand_2,1,0,1
ira_reg_equiv[from_regno].invariant == NULL_RTX,1,0,1
"test_property<is_swappable, DeletedCopyAssignClass>(false), """"",1,0,1
warn_message == NULL,1,0,1
scale_main >= 0 && scale_main <= REG_BR_PROB_BASE && scale_act >= 0 && scale_act <= REG_BR_PROB_BASE,1,0,1
EXPR_HAS_LOCATION (*expr_p),1,0,1
TREE_CODE (map) == INTEGER_CST,1,0,1
child_ff->join_counter == 0,1,0,1
m_refcount > 0,1,0,1
"""cpu=RL78""",1,0,1
*phandle,1,0,1
s->h_tail,1,0,1
cfun->stdarg,1,0,1
"subgraph_nodes[0], get_immediate_dominator (CDI_POST_DOMINATORS, subgraph_nodes[i])",1,0,1
r.a[4] == -45,1,0,1
mflag_sched_spec_ldc,1,0,1
!REG_P (regno_reg_rtx[regno]) || REGNO (regno_reg_rtx[regno]) != regno,1,0,1
"true, s.contains (blue)",1,0,1
!sym || sym->as || ref->u.ar.as,1,0,1
inmode == SImode || inmode == DImode,1,0,1
TARGET_ARCH64 && (GET_CODE (op0) == SUBREG || (REG_P (op0) && ! SPARC_FP_REG_P (REGNO (op0)))),1,0,1
lto_symtab_encoder_size (part->encoder) || !i,1,0,1
bb == BLOCK_FOR_INSN (NEXT_INSN (current_sched_info->prev_head)),1,0,1
"current_class, JV_ASSERT_TYPES_COMPATIBLE, source, target",1,0,1
cxx_dialect >= cxx11 || INTEGRAL_OR_ENUMERATION_TYPE_P (type),1,0,1
r.a[7] == -2,1,0,1
INSN_SCHED_CYCLE (through_insn) > 0,1,0,1
r.a[5] == -66,1,0,1
"2, %, 2, *, 3, 0, 0, 2",1,0,1
"""\""before\\nafter\"""", ""before\nafter""",1,0,1
"loc, expected, false, fmt, &ap",1,0,1
"test_property<is_swappable, funny::F[1]>(false), """"",1,0,1
3,1,0,1
"alignof (const S) == 2 * alignof (double), ""alignment of const S""",1,0,1
TREE_CODE (d) == VAR_DECL,1,0,1
IS_INTERRUPT (func_type) || TARGET_REALLY_IWMMXT,1,0,1
undo,1,0,1
"5, v.length ()",1,0,1
INSN_TICK (insn) >= MIN_TICK,1,0,1
new_decl != old_decl,1,0,1
r.a[5] == 9,1,0,1
!(noex && compound_stmt),1,0,1
length != NULL,1,0,1
call_is_atomic_load (ref),1,0,1
VAR_OR_FUNCTION_DECL_P (d),1,0,1
(a << i) == (v << i).to_int(),1,0,1
size (s) == 2,1,0,1
parent_i >= 0,1,0,1
GET_MODE_SIZE (mode) == 8,1,0,1
GET_CODE (rotate_amount) == CONST_INT,1,0,1
P,1,0,1
"test_property<is_swappable, int&&>(true), """"",1,0,1
t->type == ERT_TRY,1,0,1
new_dominating_edge,1,0,1
"ira_reg_equiv[to_regno].invariant == NULL_RTX || rtx_equal_p (ira_reg_equiv[to_regno].invariant, x)",1,0,1
!current_iterators.is_empty (),1,0,1
inher_cl != NO_REGS,1,0,1
cs->callee && (cs != ie || jfunc->type != IPA_JF_CONST || !cgraph_node_for_jfunc (jfunc) || cs->callee == cgraph_node_for_jfunc (jfunc)),1,0,1
in_dummy_function || !cfun || current_function_decl == cfun->decl,1,0,1
minimum.to_int () == INT_MIN,1,0,1
fd->collapse == 1,1,0,1
sched_ready_n_insns != -1,1,0,1
offset == padfirst + nregs * reg_size + padlast,1,0,1
TYPE_CONTEXT (t) == NULL_TREE,1,0,1
e->speculative && e2->speculative,1,0,1
test_value == 123,1,0,1
dim >= 0 && dim <= source->rank,1,0,1
"""cpu=mipseb""",1,0,1
(d2->mode == dm_unit && DECL_UNIT (d2)->name) || (d2->mode == dm_reserv && DECL_RESERV (d2)->name),1,0,1
edge_to_cases == NULL,1,0,1
class_type,1,0,1
then_slot,1,0,1
"(C), C90_SUFu_TYPE((C))",1,0,1
NONJUMP_INSN_P (insn),1,0,1
TREE_CODE (typea) == FUNCTION_TYPE || TREE_CODE (typea) == METHOD_TYPE,1,0,1
"__builtin_cpu_is (""barcelona"")",1,0,1
derived1 && derived2,1,0,1
expr != error_mark_node || seen_error (),1,0,1
this->is_global_,1,0,1
index <= phi_stmt->capacity,1,0,1
parent->regno_allocno_map[regno] != NULL,1,0,1
!depth.complexity == !result,1,0,1
!DECL_ASSEMBLER_NAME_SET_P (decl) || !TREE_SYMBOL_REFERENCED (DECL_ASSEMBLER_NAME (decl)),1,0,1
j == PC_REGNUM,1,0,1
REG_P (lhs),1,0,1
sizeof (PTR *) == n,1,0,1
"GET_CODE (op) != SYMBOL_REF && (GET_CODE (op) != CONST || (GET_CODE (XEXP (op, 0)) == MINUS && XEXP (XEXP (op, 0), 0) == sparc_got () && GET_CODE (XEXP (XEXP (op, 0), 1)) == CONST))",1,0,1
"1, >=, 2, >, 3, 0, 0, 1",1,0,1
(C1 O1 (C2 O2 C3)) == V3,1,0,1
tree_contains_struct[IMPORTED_DECL][TS_DECL_MINIMAL],1,0,1
!(flags & (ECF_LOOPING_CONST_OR_PURE | ECF_MAY_BE_ALLOCA | ECF_SIBCALL | ECF_LEAF | ECF_NOVOPS)),1,0,1
r.a[3] == 9,1,0,1
VAR_P (t),1,0,1
dv_as_opaque (list->dv) != dv_as_opaque (dv),1,0,1
strlen_lhs && strlen_rhs,1,0,1
last_action == -1,1,0,1
(w)->l->lock.owner == tls_worker,1,0,1
slp_node || !PURE_SLP_STMT (stmt_info),1,0,1
flags & OEP_HASH_CHECK,1,0,1
__first >= begin() && __first <= __last && __last <= end(),1,0,1
"__builtin_cpu_is (""shanghai"") >= 0",1,0,1
"pure_location_p (set, locus)",1,0,1
adef == 2 * n_defs + 1,1,0,1
opt_text,1,0,1
store_binding_p (id),1,0,1
GET_CODE (plus) == PLUS,1,0,1
r.a[4] == 18,1,0,1
vectype_out,1,0,1
VAL_14_BITS_P (mod),1,0,1
"NULL, entry->preds",1,0,1
"example_a.contains_point (1, 1)",1,0,1
!DECL_ANTICIPATED (fn) || DECL_HIDDEN_FRIEND_P (fn),1,0,1
(flags & GOVD_DATA_SHARE_CLASS) == GOVD_PRIVATE,1,0,1
bc_label[bc_break] == NULL,1,0,1
!expr && !cleanups,1,0,1
"4, <=, 20, >>, 2, 1, 0, 1",1,0,1
"""machine=RX100""",1,0,1
"test_property<is_swappable, std::queue<int>>(true), """"",1,0,1
loop->header == single_dom_exit (loop)->src,1,0,1
r.a[6] == -77,1,0,1
TYPE_LANG_SPECIFIC (type) == TYPE_LANG_SPECIFIC (TREE_TYPE (type)),1,0,1
rld[tertiary_reload].secondary_in_reload < 0,1,0,1
(TREE_CODE (ret_expr) == MODIFY_EXPR || TREE_CODE (ret_expr) == INIT_EXPR) && TREE_CODE (result_decl) == RESULT_DECL,1,0,1
"CONST_INT_P (XEXP (address, 1))",1,0,1
"!strncmp (name, "".objc_class_name_"", 17) || !strncmp (name, ""*.objc_category_name_"", 21)",1,0,1
dim >= data->n,1,0,1
"3, +, 2, <<, 4, 80, 80, 35",1,0,1
"test_property<is_nothrow_swappable, std::queue<ThrowCopyConsClass>>(true), """"",1,0,1
argbuf.length () > 0,1,0,1
L20 == 20,1,0,1
"1, ==, 2, ==, 0, 1, 1, 0",1,0,1
newdr != NULL && DR_REF (newdr),1,0,1
ptrans->params.length () == to_pat->params.length (),1,0,1
len == len_,1,0,1
(TYPE_PTR_P (t1) && TYPE_PTR_P (t2)) || (TYPE_PTRDATAMEM_P (t1) && TYPE_PTRDATAMEM_P (t2)) || (TYPE_PTRMEMFUNC_P (t1) && TYPE_PTRMEMFUNC_P (t2)),1,0,1
value == const1_rtx,1,0,1
"find_insert_point (stmt, oe1->op, oe2->op) == stmt",1,0,1
"""\""before\\\\after\"""", ""before\\after""",1,0,1
str_patterns [i],1,0,1
"DECL_P (TREE_OPERAND (ref, 1)) || (TREE_CODE (TREE_OPERAND (ref, 1)) == COMPONENT_REF && DECL_P (TREE_OPERAND (TREE_OPERAND (ref, 1), 0)))",1,0,1
cold_bb_count,1,0,1
bd.name,1,0,1
DECL_NAMESPACE_SCOPE_P (OVL_CURRENT (fns)),1,0,1
prev->die_sib == child,1,0,1
GET_CODE (op) == UNSPEC,1,0,1
"__builtin_cpu_is (""istanbul"") >= 0",1,0,1
tree_contains_struct[TYPE_DECL][TS_DECL_NON_COMMON],1,0,1
!bb_info->artificial_defs,1,0,1
"useless_type_conversion_p (sizetype, TREE_TYPE (parts.base))",1,0,1
bb != last_bb,1,0,1
GET_MODE_SIZE (mode) > 2,1,0,1
alias_item->type == FUNC,1,0,1
"val, gimple_return_retval (stmt)",1,0,1
contexts[0],1,0,1
"newd->test.pos_operand >= 0 || !newd->test.pos || common_position (newd->test.pos, routine->pos) == routine->pos",1,0,1
VINSN_COUNT (nop_vinsn) == 1,1,0,1
"test_property<is_nothrow_swappable, int (ClassType::*)() const volatile>(true), """"",1,0,1
"NULL, ENTRY_BLOCK_PTR_FOR_FN (fun)->preds",1,0,1
"actual_value, expected_width",1,0,1
TREE_CODE (conv->type) != REFERENCE_TYPE,1,0,1
ptr->arch == ix86_arch,1,0,1
!VN_INFO (var)->needs_insertion && VN_INFO (var)->expr == NULL,1,0,1
fizz[i] == ((i % 3) == 0 && (i % 5) != 0),1,0,1
m->owner == w,1,0,1
single_succ_p (combo_bb) && single_succ (combo_bb) == join_bb,1,0,1
!symbol,1,0,1
GC_free_bytes[index] > 0,1,0,1
"banana, find_closest_identifier (get_identifier (""banyan""), &candidates)",1,0,1
gimple_assign_rhs_code (stmt) == VEC_PERM_EXPR,1,0,1
fli->file,1,0,1
dt_symtree == NULL || s == ISOCBINDING_NULL_FUNPTR || s == ISOCBINDING_NULL_PTR,1,0,1
h->syms,1,0,1
QUEUE_INDEX (insn->insn) == QUEUE_READY,1,0,1
m_exp + s >= -SREAL_MAX_EXP,1,0,1
k->host_end - k->host_start == sizeof (void *),1,0,1
opt_idx < cl_options_count,1,0,1
va_list_type_node,1,0,1
ss_expr == expr,1,0,1
TYPE_IS_DUMMY_P (gnu_type),1,0,1
victim != w,1,0,1
r.a[3] == -42,1,0,1
cpu_index >= 0,1,0,1
current_namespace != global_namespace,1,0,1
r.a[5] == UINT8x8_MAX - 1,1,0,1
loop->num == (int) j,1,0,1
TREE_CODE (ref) != WITH_SIZE_EXPR,1,0,1
_M_is_ready = true,1,0,1
Linemap::is_unknown_location(this->location_) && this->snapshot_ == NULL,1,0,1
gfc_fl_struct (der->attr.flavor),1,0,1
!child_ff->rightmost_child,1,0,1
integer_onep (fd->loop.step),1,0,1
scope_die != NULL,1,0,1
gimple_code (inner_stmt) == GIMPLE_OMP_FOR && gimple_omp_for_kind (inner_stmt) == GF_OMP_FOR_KIND_SIMD,1,0,1
cfun->machine->return_type != CRIS_RETINSN_RET || !on_stack,1,0,1
vr_p->equiv == NULL,1,0,1
"""Gtk"", ""gtkcssstylepropertyimpl.c"", 86, ((const char*) (__PRETTY_FUNCTION__)), ""parse_value != NULL""",1,0,1
TREE_CODE_LENGTH (code) == 4,1,0,1
"test_property<is_nothrow_swappable, std::queue<int>>(true), """"",1,0,1
base && step,1,0,1
mem->value_id == i,1,0,1
GET_MODE (*op1) != VOIDmode || GET_MODE (*op2) != VOIDmode,1,0,1
parent->die_child == old_child,1,0,1
NOTE_P (get_last_insn ()),1,0,1
reloc != TLS_DESCSEQ,1,0,1
can_be_name_hashed_p (type) || can_be_vtable_hashed_p (type),1,0,1
!cfi || (cfun->can_throw_non_call_exceptions && can_throw_internal (insn)),1,0,1
var && TREE_CODE (var) == SSA_NAME,1,0,1
adj->offset % BITS_PER_UNIT == 0,1,0,1
high == 0 || high == 0xffff,1,0,1
TREE_CODE (data.stmts[3]) == DECL_EXPR && TREE_CODE (data.stmts[4]) == DECL_EXPR,1,0,1
"_Base > _Val, ""invalid digit""",1,0,1
colorable_allocno_bucket == NULL && uncolorable_allocno_bucket == NULL,1,0,1
next == num_constraints,1,0,1
"2, |, 0, &&, 2, 1, 1, 2",1,0,1
CONTAINS_PLACEHOLDER_P (r),1,0,1
sf->flags & CILK_FRAME_UNSYNCHED,1,0,1
GET_MODE_CLASS (mode) == MODE_INT && GET_MODE_CLASS (imode) == MODE_INT && subreg_lowpart_p (ops[1]),1,0,1
x != NULL_TREE && y != NULL_TREE,1,0,1
enumtype && TREE_CODE (enumtype) == ENUMERAL_TYPE,1,0,1
"""\""\"""", """"",1,0,1
small_index(size) == i,1,0,1
expr->value.op.op == INTRINSIC_CONCAT,1,0,1
DECL_MAYBE_IN_CHARGE_DESTRUCTOR_P (fn),1,0,1
ref->id && TREE_CODE (ref->id) == PROTOCOL_INTERFACE_TYPE,1,0,1
(n->value & GOVD_DEBUG_PRIVATE) == 0 || ((n->value & GOVD_DATA_SHARE_CLASS) == GOVD_PRIVATE),1,0,1
FLOAT_TYPE_P (TREE_TYPE (def)) && is_gimple_reg (def),1,0,1
"_Tp1() == _Tp2(), ""eq""",1,0,1
new_pseudos_p || ira_max_point_before_emit == ira_max_point,1,0,1
! TYPE_DUMMY (klass),1,0,1
ctx->default_kind == OMP_CLAUSE_DEFAULT_SHARED,1,0,1
"tok->type, CPP_NAME",1,0,1
is_empty_class (basetype),1,0,1
SPARC_SIMM13_P (the_const),1,0,1
libcall,1,0,1
"__builtin_cpu_supports (""avx512cd"")",1,0,1
cur_opt->x_target_flags == target_flags,1,0,1
GET_MODE_SIZE (innermode) >= GET_MODE_SIZE (outermode),1,0,1
code == VAR_DECL || code == PARM_DECL || code == RESULT_DECL || code == TYPE_DECL ||code == FIELD_DECL,1,0,1
call_insn != NULL_RTX,1,0,1
current_fiber_data->owner == w,1,0,1
class_expr,1,0,1
flag_pic != 0,1,0,1
g && gimple_code (g) == GIMPLE_OMP_RETURN,1,0,1
rr != NULL && *rr == NULL,1,0,1
sel_qi != NULL,1,0,1
version != NO_PARTITION,1,0,1
tmp_symtree == NULL,1,0,1
REGEXP_ONEOF (oneof)->regexps_num > 1 && REGEXP_ALLOF (regexp)->regexps_num > 1,1,0,1
kind <= 2,1,0,1
BLOCK_FOR_INSN (PREV_INSN (insn)) == bb,1,0,1
repl_code != POINTER_PLUS_EXPR,1,0,1
m->fs.sp_valid,1,0,1
dest_node,1,0,1
e->expr_type == EXPR_FUNCTION && e->value.function.isym && e->value.function.isym->id == GFC_ISYM_CAF_GET,1,0,1
DEP_LINK_PREV_NEXTP (next) == prev_nextp,1,0,1
len1 && len2,1,0,1
!origin_node->prev_sibling_clone,1,0,1
"array[i] == switch4 (i, i + 1)",1,0,1
INSN_SCHED_TIMES (next) == 0,1,0,1
r.a[3] == 0x00,1,0,1
TREE_CODE (ref) == METHOD_TYPE || TREE_CODE (ref) == FUNCTION_TYPE,1,0,1
"NULL, find_closest_identifier (get_identifier (""""), &candidates)",1,0,1
g->copy_locus.length () == 0,1,0,1
GET_CODE (body) == SET && GET_CODE (SET_DEST (body)) == MEM && GET_CODE (SET_SRC (body)) == VEC_SELECT,1,0,1
x == const0_rtx,1,0,1
p2->u.rsym.sym == NULL,1,0,1
array->nested_ss == NULL,1,0,1
cfg_hooks->lv_add_condition_to_bb,1,0,1
s.nsets == 1,1,0,1
badness != 0,1,0,1
dt->dt_io_kind,1,0,1
e == indirect,1,0,1
p->idx > q->idx,1,0,1
NOTE_INSN_BASIC_BLOCK_P (bb_end),1,0,1
vect_length,1,0,1
REG_P (address),1,0,1
subpass < 2,1,0,1
"loc, expected_output, pp_formatted_text (&pp)",1,0,1
(word *)p + i == (word *)base + hhdr -> hb_sz,1,0,1
TYPE_PTR_P (parmtype),1,0,1
single_succ_p (exit),1,0,1
last_added_blocks.length () == 1 && last_added_blocks[0] == new_bb,1,0,1
lhs.type != ADDRESSOF,1,0,1
TREE_CODE (fn) == ADDR_EXPR,1,0,1
"stmt1, stmt2->prev",1,0,1
TYPE_UNSIGNED (index_vec_type),1,0,1
!this->package_name_.empty(),1,0,1
"!is_same<element_type, __undefined>::value, ""pointer type defines element_type or is like SomePointer<T, Args>""",1,0,1
discriminator > 0,1,0,1
current_binding_level == level,1,0,1
TREE_CODE (t2) == SSA_NAME,1,0,1
"8, v[1]",1,0,1
!init_insn_force_unique_p,1,0,1
r.a[7] == 80,1,0,1
externally_visible,1,0,1
str < limit,1,0,1
parent_ff,1,0,1
"test_property<is_swappable, funny::F3[1]>(true), """"",1,0,1
REG_P (highest_index_to_load_reg),1,0,1
(adjust % BITS_PER_UNIT) == 0,1,0,1
"buf + 10 == __bnd_set_ptr_bounds (buf + 10, sizeof (int) * 10)",1,0,1
"hard_regno < 0 || (ira_hard_reg_in_set_p (hard_regno, ALLOCNO_MODE (a), reg_class_contents[ALLOCNO_CLASS (a)]))",1,0,1
tree_contains_struct[LABEL_DECL][TS_LABEL_DECL],1,0,1
(unsigned long)(&invalid_tse.next) % sizeof(tse *) == 0,1,0,1
!(TREE_CODE (type) == FUNCTION_TYPE && type_quals != TYPE_UNQUALIFIED),1,0,1
dv_as_opaque (var->dv) == dv_as_opaque (dv),1,0,1
"test_property<is_swappable, std::tuple<>>(true), """"",1,0,1
"num_cases_tested, 2 * 12",1,0,1
var1 == 11,1,0,1
STACK_REG_P (reg),1,0,1
"GET_CODE (niter) != AND || !CONST_INT_P (XEXP (niter, 0))",1,0,1
TYPE_NONALIASED_COMPONENT (t1) == TYPE_NONALIASED_COMPONENT (t2),1,0,1
"example_a.contains_point (2, 23)",1,0,1
TYPE_P (qualifying_class),1,0,1
partitions.length () == (unsigned)num_sccs,1,0,1
p[0] == 1,1,0,1
INSN_UID (EXPR_INSN_RTX (expr)) != expr_uid || EXPR_SPEC_DONE_DS (expr) != expr_old_spec_ds,1,0,1
parts.index,1,0,1
topo->stack_top == 0,1,0,1
!get_last_insn (),1,0,1
GET_MODE_NUNITS (o) == GET_MODE_NUNITS (n) * 2,1,0,1
hard_reg_map[regno] != NULL,1,0,1
"3, <=, 2, <, 3, 1, 1, 0",1,0,1
"bitmap_bit_p (bbs, entry->index)",1,0,1
"0, LOCATION_LINE (UNKNOWN_LOCATION)",1,0,1
"2, <=, 2, !=, 3, 1, 1, 0",1,0,1
bytes <= sizeof (unsigned long),1,0,1
cs_base->prev->reachable_labels,1,0,1
SLP_TREE_VEC_STMTS (slp_node).exists (),1,0,1
!sel_bb_empty_p (block_from) && !sel_bb_empty_p (block_new),1,0,1
bb_order[bb->index] <= bb_order[e->src->index],1,0,1
"XINT (addr, 1) == UNSPEC_CONST",1,0,1
"find_reg_note (last, REG_NORETURN, NULL) || (NONJUMP_INSN_P (last) && GET_CODE (PATTERN (last)) == TRAP_IF && (TRAP_CONDITION (PATTERN (last)) == const_true_rtx))",1,0,1
(first % ARITH_FACTOR) == 0,1,0,1
m->fs.cfa_reg == src,1,0,1
group1_size > 0,1,0,1
GET_CODE (set_src) == PLUS,1,0,1
call_insn == NULL_RTX,1,0,1
p[-1] == 's',1,0,1
new_bb != NULL,1,0,1
(unsigned long)&ms.x2 == rsp+40,1,0,1
count == 2,1,0,1
is_gimple_min_invariant (val),1,0,1
!e->predicate.clause[0],1,0,1
!existed_p,1,0,1
data->ifetch_block_len <= core2i7_ifetch_block_size && data->ifetch_block_n_insns <= core2i7_ifetch_block_max_insns,1,0,1
nthr == 2,1,0,1
cls != 0,1,0,1
data->insn == insn && (INSN_CODE (insn) < 0 || data->icode == INSN_CODE (insn)),1,0,1
g->closing_branch,1,0,1
(!argz && !argz_len) || ((argz <= entry) && (entry < (argz + argz_len))),1,0,1
r.a[0] == (-5*10 + -4*11),1,0,1
"bb_a, get_immediate_dominator (CDI_DOMINATORS, bb_c)",1,0,1
ptr_type,1,0,1
valx1->val_class == dw_val_class_loc && valy1->val_class == dw_val_class_loc && (dwarf_split_debug_info || x->dw_loc_addr == y->dw_loc_addr),1,0,1
buzz[i] == ((i % 3) != 0 && (i % 5) == 0),1,0,1
"__builtin_cpu_supports (""ssse3"")",1,0,1
var_storedanything->id == storedanything_id,1,0,1
loc->dw_loc_oprnd1.val_class == dw_val_class_loc,1,0,1
p != q,1,0,1
num <= 2,1,0,1
is_gimple_val (newop1) && is_gimple_val (newop2),1,0,1
VECTOR_TYPE_P (type0) || VECTOR_TYPE_P (type1),1,0,1
parser->context->status != CP_PARSER_STATUS_KIND_COMMITTED || errorcount > 0,1,0,1
DECL_IMPLICIT_INSTANTIATION (decl) || DECL_VTABLE_OR_VTT_P (decl) || DECL_TINFO_P (decl),1,0,1
wcp >= wstartp + 1,1,0,1
how != ADD_BIND,1,0,1
mode == CCFPmode || (code != ORDERED && code != UNORDERED && code != UNEQ && code != LTGT && code != UNGT && code != UNLT && code != UNGE && code != UNLE),1,0,1
aggpos,1,0,1
r.a[6] == 70,1,0,1
r.a[2] == 0xfff7,1,0,1
"buf + 10 == __bnd_set_ptr_bounds (buf + 10, 4)",1,0,1
nios2_large_offset_p (unspec_reloc),1,0,1
(b - a) == (sreal (b) - sreal (a)).to_int (),1,0,1
!linear_no_step,1,0,1
"!MAYBE_CLASS_TYPE_P (fromtype) || !MAYBE_CLASS_TYPE_P (totype) || !DERIVED_FROM_P (totype, fromtype)",1,0,1
"point.contains_point (7, 9)",1,0,1
ilv[1].align_set == 3,1,0,1
!cleanups,1,0,1
!reversed,1,0,1
"4L, >>, 2L, >>, 3L, 0L, 0L, 4L",1,0,1
c >= start,1,0,1
!DECL_FROM_INLINE (DECL_ORIGIN (decl)),1,0,1
r.a[5] == 20,1,0,1
sf_at_sync->flags | CILK_FRAME_STOLEN,1,0,1
op_type == unary_op,1,0,1
val1 != NULL_TREE && val2 != NULL_TREE,1,0,1
!thr->mapped_data,1,0,1
ret != 0,1,0,1
!targ0 != !targ1,1,0,1
GET_MODE_CLASS (GET_MODE (op0)) == MODE_INT,1,0,1
dst_r->type == ERT_MUST_NOT_THROW,1,0,1
has_target_p && nops == 2,1,0,1
"test_property<is_nothrow_swappable, construct::SE>(true), """"",1,0,1
index == NULL_RTX || REG_P (index),1,0,1
t1->is_operator == t2->is_operator,1,0,1
ifn != IFN_LAST,1,0,1
"TREE_TYPE (t) == type && TREE_INT_CST_NUNITS (t) == 1 && TREE_INT_CST_OFFSET_NUNITS (t) == 1 && TREE_INT_CST_EXT_NUNITS (t) == 1 && TREE_INT_CST_ELT (t, 0) == hwi",1,0,1
"__which < 0, ""sorry, would be too much trouble for a slow result""",1,0,1
e2->dest == region->exit,1,0,1
"targetm.mode_rep_extended (mode, in_mode) == UNKNOWN || GET_MODE_WIDER_MODE (mode) == in_mode",1,0,1
max_seq_length != 1 && REGEXP_ALLOF (regexp)->regexps_num > 1,1,0,1
"test_property<is_swappable, std::pair<int, int>[1][2][3]>(true), """"",1,0,1
"segment_holds(sp, (char*)sp)",1,0,1
!__v->onepart,1,0,1
hsa_type_bit_size (dest->m_type) == hsa_type_bit_size (sreg->m_type),1,0,1
!next_pinuse(u),1,0,1
mode == TImode || mode == TFmode,1,0,1
pro != entry,1,0,1
r.a[4] == 40,1,0,1
"from_bb2_to_exit, (*exit->preds)[0]",1,0,1
info->default_values[num],1,0,1
TREE_CODE (string) == STRING_CST,1,0,1
!src->onepart,1,0,1
TYPE_P (destructor),1,0,1
opc > 1,1,0,1
!order,1,0,1
"1, <, 2, <, 3, 1, 1, 0",1,0,1
GET_MODE_BITSIZE (mode_s) >= bitsize,1,0,1
e->distance < 2,1,0,1
current->class_info != NULL,1,0,1
"test_property<is_swappable, ThrowCopyConsClass>(true), """"",1,0,1
tindex == idx,1,0,1
GET_CODE (entry->reg) == REG && REGNO (entry->reg) == uregno,1,0,1
REG_NOTE_KIND (note) == REG_BR_PROB,1,0,1
"TREE_OPERAND (stmt, 0)",1,0,1
r.a[4] == -5,1,0,1
act_arg != NULL,1,0,1
i == ploop->order[i],1,0,1
DECL_ASSEMBLER_NAME (TYPE_NAME (t2)),1,0,1
!HAVE_ATTR_length,1,0,1
TREE_CODE (*to_p) == SSA_NAME || ! gimple_in_ssa_p (cfun),1,0,1
last_added_blocks.exists (),1,0,1
"bb2, from_bb2_to_exit->src",1,0,1
"test_property<is_swappable, std::array<int, 1>>(true), """"",1,0,1
NONJUMP_INSN_P (insn_rtx),1,0,1
!(pe->in_use_p[word] & (1UL << bit)),1,0,1
r <= max,1,0,1
argument && TREE_CODE (TREE_VALUE (argument)) == POINTER_TYPE,1,0,1
equals,1,0,1
best != -1,1,0,1
"""machine=fr30""",1,0,1
space (1),1,0,1
occ->parent != occ,1,0,1
!complement_op1_p,1,0,1
node->get_availability () == AVAIL_LOCAL,1,0,1
w->l->frame_ff == 0 || w == victim,1,0,1
GET_CODE (parm->reg) == PARALLEL,1,0,1
*desc->loc == desc->orig,1,0,1
is_gimple_assign (gs),1,0,1
to->res->pattern == to_pat,1,0,1
"optab_handler (ternary_optab, mode) != CODE_FOR_nothing",1,0,1
"s0, sizeof (0, (d, b).c) == 17",1,0,1
"example_b.contains_point (3, 13)",1,0,1
address.scale != 0,1,0,1
dim_arg->expr,1,0,1
GFC_DESCRIPTOR_RANK(a) == GFC_DESCRIPTOR_RANK(b),1,0,1
"rtx_equal_p (low[0], low[1])",1,0,1
!(**aglat)->next || (**aglat)->next->offset >= offset + val_size,1,0,1
level == 1,1,0,1
converted != argv[argc - 1],1,0,1
src->onepart == dst->onepart,1,0,1
bitsize % BITS_PER_UNIT == 0,1,0,1
elem_bitsize + value_start * value_bit <= max_bitsize,1,0,1
VOID_TYPE_P (TREE_VALUE (void_list_node)),1,0,1
"tok->type, CPP_EOF",1,0,1
SCALAR_INT_MODE_P (mode) || POINTER_BOUNDS_MODE_P (mode),1,0,1
!is_overflow_infinity (min) || !is_overflow_infinity (max),1,0,1
cs->indirect_info->otr_token == tree_to_shwi (OBJ_TYPE_REF_TOKEN (target)),1,0,1
TREE_TYPE (args[0]) == TREE_TYPE (args[1]),1,0,1
CALL_P (call) && SIBLING_CALL_P (call),1,0,1
(int) reg_equivs->length () > regno,1,0,1
"SET, jump_pat->code",1,0,1
"f[1], cosf (c1)",1,0,1
cmp_mode == DFmode || cmp_mode == DImode,1,0,1
"4, <, 3, <<, 2, 1, 0, 1",1,0,1
"NULL, LOCATION_FILE (UNKNOWN_LOCATION)",1,0,1
compression_table == NULL,1,0,1
(code == EQ_EXPR || code == NE_EXPR) && VECTOR_CST_NELTS (op0) == VECTOR_CST_NELTS (op1),1,0,1
padfirst == 0 || optimize_size,1,0,1
"(wfracbits) >= 106 && (wfracbits) <= 120, ""wfracbits out of range""",1,0,1
cfun && update_ssa_initialized_fn == cfun,1,0,1
ss->dimen == ss->loop->dimen,1,0,1
"test_property<is_swappable, int[1][2]>(true), """"",1,0,1
!REG_P (x) || REGNO_QTY_VALID_P (REGNO (x)),1,0,1
"cur_trace->cfa_temp.reg == dwf_regno (XEXP (XEXP (dest, 0), 0))",1,0,1
"__or_< is_constructible<_Tp, allocator_arg_t, _Alloc, _Args...>, is_constructible<_Tp, _Args..., _Alloc>>::value, ""construction with"" "" an allocator must be possible if uses_allocator is true""",1,0,1
"__builtin_cpu_is (""amdfam10h"") >= 0",1,0,1
TARGET_MIPS16 ? TARGET_MIPS16_TEXT_LOADS : !TARGET_EXPLICIT_RELOCS,1,0,1
g1 () == 0x12345678,1,0,1
BLOCK_SUBBLOCKS (DECL_INITIAL (dest_cfun->decl)) == NULL_TREE,1,0,1
!es->call_stmt_time,1,0,1
len > oldlen,1,0,1
!changed_variables->elements (),1,0,1
buffer->obstack == &buffer->formatted_obstack,1,0,1
"rtx_equal_p (*info->base_term, *info->base_term2)",1,0,1
GET_MODE (base_reg) == mode,1,0,1
!GROUP_FIRST_ELEMENT (stmt_vinfo),1,0,1
"! sparseset_bit_p (pseudos_live, regno)",1,0,1
DECL_P (expr) && TREE_CODE (expr) != FUNCTION_DECL && TREE_CODE (expr) != TRANSLATION_UNIT_DECL,1,0,1
tk_index >= TK_FIXED,1,0,1
TREE_CODE (new_ref) == MEM_REF || TREE_CODE (new_ref) == TARGET_MEM_REF,1,0,1
EXPR_P (parm),1,0,1
BLOCK_FOR_INSN (place_to_insert) == BLOCK_FOR_INSN (BND_TO (bnd)),1,0,1
CONST_INT_P (addr),1,0,1
type_,1,0,1
xmode == mode || xmode == VOIDmode,1,0,1
!other_bb && (new_bb->index != bb->index),1,0,1
reg->m_reg_class == classes[cl].cl_char,1,0,1
k == &a || k,1,0,1
"""fix-it:\""test.c\"":{5:10-5:21}:\""\""\n"", pp_formatted_text (&pp)",1,0,1
DECL_INITIAL (current_function_decl) == error_mark_node,1,0,1
PAGE_ALIGNED(current),1,0,1
debug_args_for_decl != NULL,1,0,1
(unsigned)tcode < ARRAY_SIZE(ix86_builtin_type_tab),1,0,1
stack_pointer != 0,1,0,1
!(TODO_SPEC (insn) & BEGIN_CONTROL),1,0,1
g->specific->pass_arg_num > 0,1,0,1
!parts.offset || integer_zerop (parts.offset),1,0,1
ploop,1,0,1
bbs[n - 1] == loop->latch,1,0,1
"XINT (args_size, 1) == UNSPEC_CALL_ATTR",1,0,1
TREE_CODE (value) != TARGET_EXPR && TREE_CODE (value) != AGGR_INIT_EXPR,1,0,1
!DECL_COMMON (decl),1,0,1
ci_ptr1->num == ci_ptr2->num,1,0,1
important_for_bundling_p (insn),1,0,1
HAVE_POST_INCREMENT,1,0,1
INTEGRAL_TYPE_P (TREE_TYPE (min)),1,0,1
!control_flow_insn_p (BB_END (bb)) && NOTE_INSN_BASIC_BLOCK_P (BB_HEAD (bb->next_bb)),1,0,1
"spec_size (as, &repeat)",1,0,1
lead_zero <= (uintmax_t) (INTMAX_MAX - MAX_EXP - 3) / 4,1,0,1
r.a[0] == -4,1,0,1
to == frv_packet.num_insns,1,0,1
first_block_aux_obj,1,0,1
liw_op < LIW_OP_MAX,1,0,1
TYPE_ATOMIC (expr_type),1,0,1
REGNO_QTY_VALID_P (old_reg),1,0,1
bytes == 1 || bytes == 2 || bytes == 4 || bytes == 8,1,0,1
"!TREE_PURPOSE (add) || errorcount || !flag_exceptions || cp_tree_equal (noex, TREE_PURPOSE (add))",1,0,1
DECL_EXTERNAL (decl) || !TREE_PUBLIC (decl),1,0,1
COMPLEX_MODE_P (arg0_mode),1,0,1
TREE_CODE (tmp) == POINTER_TYPE,1,0,1
block == p->orig_block,1,0,1
cont_map,1,0,1
r.a[2] == -42,1,0,1
prev_ss != gfc_ss_terminator,1,0,1
REG_P (srcreg),1,0,1
super == current_block || BLOCK_FRAGMENT_ORIGIN (super) == current_block,1,0,1
"test_property<is_nothrow_swappable, void() volatile>(false), """"",1,0,1
TREE_CODE (parm) == TEMPLATE_DECL,1,0,1
"gimple_nop_p (stmt) || gimple_plf (stmt, STMT_NECESSARY)",1,0,1
words > 1,1,0,1
vr->type == VR_RANGE,1,0,1
"0, >=, 2, <, 3, 1, 1, 0",1,0,1
"test_property<is_nothrow_swappable, std::tuple<int>[1][2]>(true), """"",1,0,1
"test_property<is_nothrow_swappable, bool>(true), """"",1,0,1
flag_use_boehm_gc,1,0,1
!chrec_contains_undetermined (t),1,0,1
*p == '.' && ISDIGIT (p[1]),1,0,1
"name2, tmp, comp_code, val, NULL, e, bsi",1,0,1
work >= 0,1,0,1
!(offsets->outgoing_args & 7),1,0,1
!data->niters,1,0,1
int_no <= (uintmax_t) (INTMAX_MAX + MIN_10_EXP - MANT_DIG),1,0,1
GET_MODE_SIZE (mode) >= GET_MODE_SIZE (cand->mode),1,0,1
&live->livein[p1] && &live->livein[p2],1,0,1
b[i] == 3.0,1,0,1
all_translation_units->length () == 1,1,0,1
"4, *m.get (elephant)",1,0,1
source->expr_type == EXPR_CONSTANT || source->expr_type == EXPR_STRUCTURE || source->expr_type == EXPR_SUBSTRING,1,0,1
!DECIMAL_FLOAT_MODE_P (GET_MODE (op0)),1,0,1
seven == seven,1,0,1
index < asm_stmt->ni && TREE_CODE (in_op) == TREE_LIST,1,0,1
loop.from[0],1,0,1
"1, ==, 3, <=, 2, 0, 1, 0",1,0,1
"false, m.put (millipede, 750)",1,0,1
"EXIT_BLOCK_PTR_FOR_FN (fun), get_immediate_dominator (CDI_POST_DOMINATORS, subgraph_nodes[0])",1,0,1
JUMP_LABEL (jump) == olabel,1,0,1
cg_edge,1,0,1
GET_MODE_SIZE (outermode) <= GET_MODE_SIZE (GET_MODE (op)),1,0,1
TREE_CODE (get_attribute_name (list)) == IDENTIFIER_NODE,1,0,1
m_id == allocation_object::get_instance (object)->id,1,0,1
need_finalization_p <test_struct_with_dtor> (),1,0,1
annulled,1,0,1
DECL_RTL_SET_P (var),1,0,1
var->expr_type == EXPR_VARIABLE,1,0,1
nonzero_halves[1] == 1,1,0,1
(location - MAP_START_LOCATION (map)) < MACRO_MAP_NUM_MACRO_TOKENS (map),1,0,1
len < MAX_NODES,1,0,1
e == e2,1,0,1
"peep2_reg_dead_p (nops, base_reg_rtx)",1,0,1
integer_zerop (offset),1,0,1
sz == ((sp->base + sp->size) - (char*)p) - TOP_FOOT_SIZE,1,0,1
!decl || DECL_P (decl) || identifier_p (decl),1,0,1
true_dependency_cache != NULL && output_dependency_cache != NULL && anti_dependency_cache != NULL && control_dependency_cache != NULL,1,0,1
REGNO (src) != REGNO (dest),1,0,1
TREE_CODE (init) == CONSTRUCTOR || true_exp == exp,1,0,1
TREE_CODE (result) == INDIRECT_REF || TREE_CODE (result) == NULL_EXPR || TREE_CODE (result) == SAVE_EXPR || DECL_P (result),1,0,1
"compare_tree_int (si->length, off) != -1",1,0,1
"validate_subreg (mode, GET_MODE (reg), reg, offset)",1,0,1
OVERLOAD_TYPE_P (class_type),1,0,1
"optab_handler (fma_optab, mode) != CODE_FOR_nothing",1,0,1
arr[i] == 3,1,0,1
decimal != L'\0',1,0,1
n == i,1,0,1
"op0, op0, comp_code, op1, NULL, e, bsi",1,0,1
object && m_elts_free < m_elts_allocated,1,0,1
nexthdr == 0 || !HBLK_IS_FREE(nexthdr) || !IS_MAPPED(nexthdr),1,0,1
"test_property<is_nothrow_swappable, ns5::SwapThrow[1]>(false), """"",1,0,1
"false, s.contains (red)",1,0,1
subreg_lowpart_p (x),1,0,1
stmt && is_gimple_debug (stmt) && gimple_uid (stmt) == 0,1,0,1
"!cselib_lookup (node->loc, GET_MODE (node->loc), 0, VOIDmode)",1,0,1
opt < NUM_INNER_BOOL_OPTIONS,1,0,1
(offset % BITS_PER_UNIT) == 0,1,0,1
"test_property<is_nothrow_swappable, void() const volatile>(false), """"",1,0,1
handled_one,1,0,1
num == 6,1,0,1
!VINSN_SEPARABLE_P (INSN_VINSN (insn)) || !MEM_P (INSN_LHS (insn)),1,0,1
amd.side_effects.is_empty (),1,0,1
expr3_esize,1,0,1
"test_property<is_nothrow_swappable, int&&>(true), """"",1,0,1
"__builtin_cpu_supports (""avx2"")",1,0,1
!se->ss || se->ss->info->expr == expr,1,0,1
(GET_MODE_SIZE (xmode) % GET_MODE_SIZE (ymode)) == 0,1,0,1
!v->is_empty (),1,0,1
input_rvec.length() == ninputs,1,0,1
EDGE_COUNT (iter_part_bb->succs) == 2,1,0,1
"test_property<is_nothrow_swappable, ns3::SwapNoThrow[2][3][4]>(true), """"",1,0,1
!type,1,0,1
old_ss->info->type == GFC_SS_SECTION,1,0,1
"! initial_value_entry (FIRST_PSEUDO_REGISTER, &hreg, &preg)",1,0,1
occ->prev != occ->parent,1,0,1
GET_CODE (PATTERN (def->orig_insn)) == SET,1,0,1
hard_regno_to_pseudo_regno[best_reg + i] == -1,1,0,1
EXPR_PRIORITY_ADJ (expr) >= 0,1,0,1
"1, ==, 3, <, 2, 0, 1, 0",1,0,1
gfc_fl_struct (sym->attr.flavor),1,0,1
AT_ref (a)->die_offset,1,0,1
bounds == chkp_get_registered_bounds (ptr_src) || chkp_incomplete_bounds (bounds),1,0,1
ptr % 8 == 0,1,0,1
"set_pc, single_set (jump_insn)",1,0,1
"__builtin_cpu_supports (""cmov"") >= 0",1,0,1
get_gimple_rhs_class (gimple_expr_code (stmt)) == GIMPLE_SINGLE_RHS,1,0,1
CLASS_STATIC_TEMPLATE (impent->imp_template),1,0,1
FALLTHRU_EDGE (cont_bb)->dest == exit_bb,1,0,1
(*code)->op == EXEC_ASSIGN,1,0,1
!old_racc->last_link,1,0,1
GET_CODE (w_src) != SUBREG && GET_CODE (w_dest) != SUBREG,1,0,1
(unsigned)tcode < ARRAY_SIZE (ix86_builtin_func_type_tab),1,0,1
! gimple_use_ops (gsi_stmt (i)),1,0,1
n_args == 1,1,0,1
(flags & LOOKUP_ONLYCONVERTING) == 0 && TREE_CHAIN (init) == NULL_TREE,1,0,1
var->onepart == NOT_ONEPART || var->onepart == ONEPART_VDECL,1,0,1
ggc_marked_p (root_test_of_union_1),1,0,1
c == 0,1,0,1
test_of_deletable != NULL,1,0,1
GET_CODE (datum) == SYMBOL_REF,1,0,1
call_expr_nargs (call) >= 1,1,0,1
self_refs.length () > 0,1,0,1
opt[0] == '-',1,0,1
"""system=msdos""",1,0,1
num_args > 2,1,0,1
"test_property<is_swappable, funny::F2[1][2][3]>(false), """"",1,0,1
DECL_P (fun),1,0,1
map->partition_to_base_index != NULL,1,0,1
method_id,1,0,1
u->fd->bk == u,1,0,1
"et_below (b, d)",1,0,1
NULL == ff->right_pending_exception,1,0,1
max >= min,1,0,1
""""", !value",1,0,1
TREE_TYPE (t),1,0,1
"SELFTEST_LOCATION, EXPECTED_OUTPUT, INPUT",1,0,1
"test_property<is_nothrow_swappable, PODType>(true), """"",1,0,1
d->vmode != V4DImode,1,0,1
TREE_CODE (orig_for_stmt) == OMP_SIMD,1,0,1
ar->type == AR_SECTION,1,0,1
hash,1,0,1
"""\""before\\007after\"""", ""before\aafter""",1,0,1
OMP_ATOMIC_DEPENDENT_P (t),1,0,1
"bitmap_equal_p (&regular_block_artificial_uses, &df->regular_block_artificial_uses)",1,0,1
"condition, message, saved_loc, member_p",1,0,1
HWI_COMPUTABLE_MODE_P (mode),1,0,1
hidden_typelist == NULL_TREE || TREE_VALUE (hidden_typelist) == void_type_node,1,0,1
"nullptr, *thread",1,0,1
GET_MODE (dest) != DFmode,1,0,1
size == ALLOCNO_NUM_OBJECTS (a),1,0,1
"parser, true",1,0,1
!STATEMENT_CODE_P (TREE_CODE (t)),1,0,1
clean != NULL_TREE,1,0,1
TREE_CODE (t) != ARRAY_TYPE,1,0,1
INSN_TICK (pro) + dep_cost (dep) <= INSN_TICK (insn),1,0,1
e2->speculative,1,0,1
use_insn,1,0,1
mantissa >= 16 && mantissa <= 31,1,0,1
"!reg_overlap_mentioned_p (base, src)",1,0,1
"gfc_wide_tolower (c) == (unsigned char) ""!$omp""[i]",1,0,1
SHRT_MAX >= FIRST_PSEUDO_REGISTER,1,0,1
prob >= 0,1,0,1
thisarginfo.vectype != NULL_TREE,1,0,1
!DECL_RTL_SET_P (new_decl),1,0,1
"MEM_P (XEXP (XVECEXP (pattern, 0, i), !store_p))",1,0,1
parcopy_stmt != NULL,1,0,1
dollar,1,0,1
DECL_DELETED_FN (decl),1,0,1
r.a[0] == UINT8x8_MAX - 6,1,0,1
!stree->n.tb->is_generic,1,0,1
"ira_reg_equiv[to_regno].memory == NULL_RTX || rtx_equal_p (ira_reg_equiv[to_regno].memory, x)",1,0,1
DECL_LANG_SPECIFIC (x) == 0 || DECL_IN_AGGR_P (x) == 0 || TREE_STATIC (x) || DECL_EXTERNAL (x),1,0,1
j++ == DECL_INSN_RESERV (decl)->insn_num,1,0,1
SYMBOL_REF_BLOCK_OFFSET (symbol) < 0,1,0,1
!bitmap_empty_p (sccs->sccs[i]->nodes),1,0,1
was_here_p && insn != NULL_RTX,1,0,1
as->type != AS_DEFERRED,1,0,1
arg0 && arg1,1,0,1
type_memfn_rqual (t1) == type_memfn_rqual (t2),1,0,1
nthr == 3,1,0,1
(mode == SImode) || consecutive,1,0,1
GET_MODE (res) == DImode,1,0,1
"REG_P (XEXP (XVECEXP (pattern, 0, i), store_p))",1,0,1
POINTER_TYPE_P (TREE_TYPE (str1)),1,0,1
"_Generic (i + 1, float: 1, default: 0) == 1, ""2""",1,0,1
"exp_linenum, LOCATION_LINE (loc)",1,0,1
VALUE_RECURSED_INTO (x) || !dv_changed_p (dv),1,0,1
GC_base(p) == p,1,0,1
(info & *map_info) == info,1,0,1
info->range_size,1,0,1
"__builtin_expect(_N < this->size(), true)",1,0,1
new_st.ext.block.assoc,1,0,1
TYPE_P (t) && !TYPE_CANONICAL (t) && type_with_alias_set_p (t) && canonical_type_used_p (t),1,0,1
fn != current_function_decl,1,0,1
TREE_CODE (tparms) == TREE_VEC,1,0,1
"__builtin_cpu_supports (""sse2"")",1,0,1
tree_contains_struct[CONST_DECL][TS_DECL_COMMON],1,0,1
cmp->backend_decl,1,0,1
(_M_t >= 0) && (_M_p >= 0.0) && (_M_p <= 1.0),1,0,1
first_containing_mem == &dummy_val,1,0,1
(n_elts % in_n_elts) == 0,1,0,1
currently_expanding_to_rtl,1,0,1
builtin_id >= 0,1,0,1
*slot2 == NULL,1,0,1
DECL_P (decl) || TREE_CODE (decl) == OVERLOAD || TREE_CODE (decl) == SCOPE_REF || TREE_CODE (decl) == UNBOUND_CLASS_TEMPLATE || BASELINK_P (decl),1,0,1
tree_contains_struct[TRANSLATION_UNIT_DECL][TS_DECL_MINIMAL],1,0,1
nops == (unsigned int) insn_data[(int) icode].n_generator_args,1,0,1
!pass || !(stack_pointer_delta % preferred_unit_stack_boundary),1,0,1
GET_MODE_PRECISION (mode) > GET_MODE_PRECISION (orig_mode),1,0,1
GET_CODE (val) == VALUE && !VALUE_RECURSED_INTO (val),1,0,1
base != NULL_RTX && offset != NULL_RTX,1,0,1
!NOTE_INSN_BASIC_BLOCK_P (insn) || insn == BB_END (NOTE_BASIC_BLOCK (insn)),1,0,1
code == GIMPLE_ASSIGN || code == GIMPLE_CALL || code == GIMPLE_COND || code == GIMPLE_SWITCH,1,0,1
gsi_stmt (gsi) == SSA_NAME_DEF_STMT (cvar_next),1,0,1
shift < 64,1,0,1
__v->onepart,1,0,1
"""\t"", 0",1,0,1
tertiary_reload < 0 || rld[tertiary_reload].secondary_out_reload < 0,1,0,1
TYPE_SIZE (type) == TYPE_SIZE (TYPE_MAIN_VARIANT (type)),1,0,1
is_valid,1,0,1
JUMP_P (insn) && !any_condjump_p (insn),1,0,1
insn_static_data->operand[i].mode == operand_mode[i] && insn_static_data->operand[i].constraint == constraints[i] && ! insn_static_data->operand[i].is_operator,1,0,1
s->attr.generic,1,0,1
build_vuse == NULL_TREE || build_vuse == var,1,0,1
rhsc.length () == 1,1,0,1
!DECL_THIS_THUNK_P (function),1,0,1
REGNO_QTY_VALID_P (c_regno),1,0,1
"XINT (unspec, 1) == UNSPEC_HW1_LAST_PCREL",1,0,1
"__builtin_cpu_is (""haswell"")",1,0,1
cost.scratch <= cost.cost,1,0,1
user_seq->kind == ck_user,1,0,1
insn->m_opcode != 0 || insn->operand_count () == 0,1,0,1
a && AT_class (a) == dw_val_class_const,1,0,1
"gimple_phi_arg_def (phi, e->dest_idx) == lhs",1,0,1
n < nthreaded_edges,1,0,1
!*slot || attr->name[0] == '*',1,0,1
REG_P (result),1,0,1
INSN_P (best_insn),1,0,1
def->cpu != -1,1,0,1
"file, ssa_name (i)",1,0,1
"2, +, 3, *, 4, 14, 20, 14",1,0,1
"!small_int_operand (op1, mode) && !const_high_operand (op1, mode)",1,0,1
"!is_same<rebind_alloc<value_type>, __undefined>::value, ""allocator defines rebind or is like Alloc<T, Args>""",1,0,1
format >= 0 && format < 0x100 && format_names[format],1,0,1
size < 4096,1,0,1
"MULT_EXPR, gimple_assign_rhs_code (stmt)",1,0,1
i0 < 2 && i1 < 2,1,0,1
code == POSTINCREMENT_EXPR || code == POSTDECREMENT_EXPR || code == PREINCREMENT_EXPR || code == PREDECREMENT_EXPR,1,0,1
"_Generic (i, int: 1, default: 0) == 1, ""1""",1,0,1
"vinsn_equal_p (to_vi, from_vi)",1,0,1
(DEP_STATUS (dep) & DEP_TYPES) == DEP_TRUE,1,0,1
0 == m_exemplar,1,0,1
*n != 0 || (flag_sel_sched_pipelining_outer_loops && current_loop_nest),1,0,1
r.a[6] == -63,1,0,1
"v1, sc1",1,0,1
!stmt_could_throw_p (vcall_stmt),1,0,1
sf->worker,1,0,1
"""machine=vax""",1,0,1
child->die_parent->die_child == child,1,0,1
r.a[1] == 0xfff7,1,0,1
"_Generic (i + 1, int: 1, default: 0) == 1, ""2""",1,0,1
temp->first == temp->last || (temp->first->next == temp->last && TREE_CODE (decl) == PARM_DECL),1,0,1
decl1->mode == dm_automaton && DECL_AUTOMATON (decl1)->name && decl2->mode == dm_automaton && DECL_AUTOMATON (decl2)->name,1,0,1
GET_CODE (op) == EQ || GET_CODE (op) == NE,1,0,1
id.dst_node->definition,1,0,1
data->status == AUTOPREF_MULTIPASS_DATA_UNINITIALIZED,1,0,1
!mcore_dllexport_name_p (oldname),1,0,1
ARC_FIRST_SIMD_DMA_CONFIG_IN_REG == 128,1,0,1
COMPARISON_CLASS_P (cond) || TREE_CODE (cond) == TRUTH_NOT_EXPR || is_gimple_min_invariant (cond) || SSA_VAR_P (cond),1,0,1
array[i] == switch1 (i),1,0,1
inherited->n.tb,1,0,1
qr->type == REF_ARRAY,1,0,1
tree_contains_struct[IMPORTED_DECL][TS_DECL_COMMON],1,0,1
"same_type_ignoring_top_level_qualifiers_p (type, TREE_TYPE (ctx->object))",1,0,1
pp_ti_abstract_origin (text) != NULL,1,0,1
!all_compares.exists (),1,0,1
TREE_CODE (position) == INTEGER_CST,1,0,1
"_Generic (i--, float: 1, default: 0) == 1, ""5""",1,0,1
diff != 0 || e1.pattern == e2.pattern,1,0,1
MACHINE_FUNCTION (cfun)->lr_slot_offset == lr_slot_offset,1,0,1
"chunk_plus_offset(p, sz+SIZE_T_SIZE)->head == 0",1,0,1
VAR_LOC_DEP_VEC (var) == NULL || VAR_LOC_DEP_VEC (var)->is_empty (),1,0,1
res != -1,1,0,1
target_node->real_symbol_p (),1,0,1
VAR_P (var),1,0,1
NO_LOC_P (x),1,0,1
!next || !next->setting_insn || !DEBUG_INSN_P (next->setting_insn) || cselib_current_insn == next->setting_insn,1,0,1
str.length > 0 && str.str[0] != '_',1,0,1
SCALAR_FLOAT_MODE_P (GET_MODE (*reg)) || GET_MODE_CLASS (GET_MODE (*reg)) == MODE_COMPLEX_FLOAT,1,0,1
"no_linkage_check (type, true)",1,0,1
__objc_prepared_dtable_for_class (class) != 0,1,0,1
"2, <<, 5, >=, 4, 1, 1, 4",1,0,1
!TREE_ASM_WRITTEN (alias->decl),1,0,1
edom_only_function (call),1,0,1
rhs.type != ADDRESSOF || rhs.offset == 0,1,0,1
l[0] && l[1],1,0,1
new_param_count > 0,1,0,1
lookup_stmt_eh_lp (throw_stmt) == old_lp_nr,1,0,1
DECL_INITIAL (decl) != error_mark_node,1,0,1
source_line != NULL,1,0,1
m_passes,1,0,1
base == array.heap->address (),1,0,1
loop->latch != EXIT_BLOCK_PTR_FOR_FN (cfun) && current_loops->state & LOOPS_HAVE_RECORDED_EXITS,1,0,1
data && data->note_ptr_cookie == note_ptr_cookie,1,0,1
"ssa_name (i), loc",1,0,1
is_gimple_assign (stmt) && (gimple_assign_rhs_code (stmt) == TRUNC_DIV_EXPR || gimple_assign_rhs_code (stmt) == TRUNC_MOD_EXPR),1,0,1
!marker,1,0,1
"GET_CODE (XEXP (XEXP (x, 0), 0)) == SYMBOL_REF",1,0,1
parm == repr->base,1,0,1
"0, v[9]",1,0,1
src < fixup_graph->num_vertices,1,0,1
"2, -, 3, +, 4, 3, 3, -5",1,0,1
nelts == NULL_TREE || TREE_CODE (nelts) == INTEGER_CST,1,0,1
NULL == child_ff->right_reducer_map,1,0,1
entry && entry->reg == temp_entry.reg,1,0,1
"!POINTER_TYPE_P (TREE_TYPE (right)) && types_compatible_p (TREE_TYPE (left), TREE_TYPE (right))",1,0,1
argc >= 2,1,0,1
head != 0,1,0,1
ira_loop_tree_root->regno_allocno_map != NULL,1,0,1
offset <= 65535 * 2,1,0,1
"(C), C99_UNSUF_TYPE((C))",1,0,1
in_lto_p || same_def,1,0,1
"buffer_size >= size_character (result->value.character.length, result->ts.kind)",1,0,1
"test_property<is_nothrow_swappable, std::priority_queue<int, std::vector<int>, comps::CompareNonCopyable>>(false), """"",1,0,1
sp != 0,1,0,1
"42, v[5]",1,0,1
var->n_var_parts == 1 || from_empty,1,0,1
t == tags->address (),1,0,1
INSN_P (insn) && INSN_P (elem),1,0,1
BLOCK_TO_BB (bbi) < current_nr_blocks,1,0,1
TYPE_PTRMEMFUNC_P (intype) || TREE_CODE (intype) == METHOD_TYPE,1,0,1
GET_CODE (cond) == REG && REGNO_REG_CLASS (REGNO (cond)) == PR_REGS,1,0,1
(unsigned long) pte_file ((pte_t) {arch_entry.val}),1,0,1
"TREE_CODE (TREE_OPERAND (*expr_p, 1)) == CONSTRUCTOR",1,0,1
!parts->index,1,0,1
GET_MODE (*curr_id->operand_loc[in]) == VOIDmode || GET_MODE (new_in_reg) == GET_MODE (*curr_id->operand_loc[in]),1,0,1
scc_entry_len == 1,1,0,1
array[i] == i,1,0,1
!DECL_PENDING_INLINE_P (decl),1,0,1
!(e->flags & EDGE_EH),1,0,1
code == MULT_EXPR || code == TRUNC_DIV_EXPR || code == FLOOR_DIV_EXPR || code == CEIL_DIV_EXPR || code == EXACT_DIV_EXPR || code == ROUND_DIV_EXPR || code == RSHIFT_EXPR || code == LSHIFT_EXPR,1,0,1
dv_is_value_p (pvar->dv) && pvar->n_var_parts == 1,1,0,1
"actual, expected",1,0,1
orig_stmt,1,0,1
"false, s.add (green)",1,0,1
"BYTES_BIG_ENDIAN && (BLOCK_REG_PADDING (mode, data->passed_type, 1) == upward)",1,0,1
"""cpu=h8300""",1,0,1
eo_regp < argp,1,0,1
STATIC_CHAIN_REGNUM == 15,1,0,1
"test_property<is_nothrow_swappable, int>(true), """"",1,0,1
flag_sel_sched_pipelining_outer_loops || !last_added_blocks.exists (),1,0,1
lvalue,1,0,1
this == param->get_scope (),1,0,1
GET_MODE_SIZE (dest_mode) == GET_MODE_SIZE (mask_mode) && GET_MODE_NUNITS (dest_mode) == GET_MODE_NUNITS (mask_mode),1,0,1
TREE_CODE (parm_parms) == TREE_VEC,1,0,1
sz == SIZE_T_SIZE,1,0,1
!TYPE_HAS_COMPLEX_DFLT (type) || errorcount != 0,1,0,1
"parser, tok, ""\""test literal\""""",1,0,1
"GET_CODE (body) == SET && GET_CODE (SET_SRC (body)) == VEC_SELECT && GET_CODE (XEXP (SET_SRC (body), 0)) == MEM",1,0,1
do_code->op == EXEC_DO,1,0,1
entry->index == *cur_index,1,0,1
thisarginfo.vectype == NULL_TREE,1,0,1
(GET_MODE_PRECISION (from_mode) != GET_MODE_PRECISION (to_mode)) || (DECIMAL_FLOAT_MODE_P (from_mode) != DECIMAL_FLOAT_MODE_P (to_mode)),1,0,1
GET_CODE (x) == SYMBOL_REF || GET_CODE (x) == LABEL_REF || GET_CODE (x) == CONST,1,0,1
flag_pic && MEM_P (op),1,0,1
!(expand && dot),1,0,1
TREE_CODE (purpose) == FIELD_DECL,1,0,1
pwd,1,0,1
"__builtin_cpu_is (""sandybridge"") >= 0",1,0,1
GET_CODE (set0) == SET && GET_CODE (SET_SRC (set0)) == ASM_OPERANDS && ASM_OPERANDS_OUTPUT_IDX (SET_SRC (set0)) == 0,1,0,1
TREE_CODE (val2) == INTEGER_CST && tree_fits_uhwi_p (val2) && tree_to_uhwi (val2) < END_PREDICTORS,1,0,1
cost >= 0,1,0,1
"is_reference<_String>::value || is_pointer<_String>::value, ""String type must be pointer or reference""",1,0,1
!symbol->get_comdat_group (),1,0,1
"1, >, 2, <=, 3, 1, 1, 0",1,0,1
(sizeof (int) + 1) == ((sizeof (int)) + 1),1,0,1
mode == V4SImode || mode == V8SImode || mode == V16SImode,1,0,1
INSN_PRIORITY_KNOWN (insn),1,0,1
TYPE_MAIN_VARIANT (left_base_type) == TYPE_MAIN_VARIANT (right_base_type),1,0,1
VECTOR_MODE_P (src_mode),1,0,1
offs == 0,1,0,1
WORDS_BIG_ENDIAN,1,0,1
"rhs, gimple_assign_rhs1 (stmt)",1,0,1
size <= MAX_SIZE,1,0,1
esize * nunits == vsize,1,0,1
edge_to_cancel->dest != loop->header,1,0,1
padlast == 0 || padlast == 4,1,0,1
NULL == child_ff->children_reducer_map,1,0,1
bitnum + bitsize <= GET_MODE_BITSIZE (mode1),1,0,1
1 || i != seqno,1,0,1
TYPE_VECTOR_SUBPARTS (TREE_TYPE (arg1)) == nelts * 2 && TYPE_VECTOR_SUBPARTS (TREE_TYPE (arg2)) == nelts * 2,1,0,1
"u < num_nodes && u >= 0 && !bitmap_bit_p (tmp, u)",1,0,1
"valid_result_p (pat, sinfo)",1,0,1
compression_stream == NULL,1,0,1
delta == INT_MIN || delta == old_delta,1,0,1
loop->bb == NULL,1,0,1
rld[i].inc != 0,1,0,1
"IN_RANGE (which_alternative, 0, recog_data.n_alternatives - 1)",1,0,1
wi::fits_uhwi_p (i),1,0,1
DEP_TYPE (dep) == REG_DEP_TRUE,1,0,1
get_alias_set (t) == get_alias_set (TREE_TYPE (field)),1,0,1
bucket >= 0 && bucket < FRAME_MALLOC_NBUCKETS,1,0,1
cmp != ERROR_MARK,1,0,1
gcov_value_buf_pos < gcov_value_buf_size,1,0,1
use_node,1,0,1
c2,1,0,1
GET_CODE (addr) == CONST,1,0,1
r.a[0] == INT16x4_MAX - 2,1,0,1
sym->value == NULL,1,0,1
i < num_elem,1,0,1
(sfk == sfk_inheriting_constructor) == (inherited_base != NULL_TREE),1,0,1
ARITHMETIC_TYPE_P (t2) || TREE_CODE (t2) == COMPLEX_TYPE || TREE_CODE (t2) == ENUMERAL_TYPE,1,0,1
bitmap_empty_p (&insns_with_changed_offsets),1,0,1
dep_link_is_detached_p (DEP_NODE_BACK (n)) && dep_link_is_detached_p (DEP_NODE_FORW (n)),1,0,1
*sess != gfc_ss_terminator,1,0,1
iv->nonlin_use->type == USE_NONLINEAR_EXPR,1,0,1
t == boolean_false_node,1,0,1
last_bb->index != bbi,1,0,1
index < asm_stmt->nl,1,0,1
"8, v[5]",1,0,1
"(code == MINUS_EXPR && SAME_BINFO_TYPE_P (BINFO_TYPE (binfo), probe)) || code == PLUS_EXPR",1,0,1
"test_property<is_swappable, void*>(true), """"",1,0,1
"1, exit->preds->length ()",1,0,1
dlen == G.vec_finalizers.length(),1,0,1
(code = recog_memoized (insn)) == CODE_FOR_nop || code == CODE_FOR_nop_b,1,0,1
gimple_omp_for_kind (last_stmt ((kfor)->entry)) == GF_OMP_FOR_KIND_GRID_LOOP,1,0,1
prec <= v.get_precision (),1,0,1
token != NULL_TREE,1,0,1
ATTR_IS_DEPENDENT (t),1,0,1
!is_ubsan,1,0,1
gsi_stmt (gsi) == region->transaction_stmt,1,0,1
MEM_P (DECL_RTL (current_function_decl)),1,0,1
OBJECT_P (base),1,0,1
"bitmap_bit_p (b, 151)",1,0,1
ds & (BEGIN_DATA | BE_IN_SPEC),1,0,1
length || sym->attr.proc_pointer,1,0,1
"flow_bb_inside_loop_p (loop, dom_bb)",1,0,1
distance == 0,1,0,1
!gimple_vdef (stmt),1,0,1
POINTER_TYPE_P (scalar_type) || INTEGRAL_TYPE_P (scalar_type) || SCALAR_FLOAT_TYPE_P (scalar_type),1,0,1
control_name != NULL_TREE,1,0,1
ncopies_expr->ts.type == BT_INTEGER,1,0,1
dist,1,0,1
binfo && TREE_CODE (binfo) == TREE_BINFO,1,0,1
INTVAL (x) == ROUND_SAE,1,0,1
set_b,1,0,1
! control_flow_insn_p (BB_END (bb)),1,0,1
!occr->deleted_p,1,0,1
current_loop_nest,1,0,1
"2, %, 3, -, 4, -2, -2, 0",1,0,1
(word)result % align == 0,1,0,1
slot >= 0 && (slot + nslots - 1 < max_locals),1,0,1
ARITHMETIC_TYPE_P (t2) || TREE_CODE (t2) == VECTOR_TYPE || TREE_CODE (t2) == ENUMERAL_TYPE,0,1,1
array[i - low] == switch1 (i),1,0,1
"9, 5",1,0,1
identifier_p (fns) || TREE_CODE (fns) == OVERLOAD,1,0,1
TYPE_STRUCTURAL_EQUALITY_P (t),1,0,1
floc->file != NULL,1,0,1
"strchr (dirname, LT_DIRSEP_CHAR) == 0",1,0,1
"code_val, op1_utf8, op2_utf8",1,0,1
"is_simple_and_all_uses_invariant (stmt, loop_vinfo)",1,0,1
slot[1] != NULL_RTX,1,0,1
"__builtin_cpu_supports (""mmx"")",1,0,1
get() != 0 && i >= 0,1,0,1
a[i*sarg+j] == i % num_gangs,1,0,1
ptr->arch < PROCESSOR_max,1,0,1
u->parent->child[0] == u || u->parent->child[1] == u || *((tbinptr*)(u->parent)) == u,1,0,1
GET_CODE (e) == SET && REG_P (SET_DEST (e)) && REGNO (SET_DEST (e)) == SP_REGNUM && GET_CODE (SET_SRC (e)) == PLUS,1,0,1
item->value,1,0,1
"2, *m.get (ostrich)",1,0,1
"et_below (d, d)",1,0,1
"NULL, m.get (ostrich)",1,0,1
gfc_inline_intrinsic_function_p (expr),1,0,1
reg == 0 || partial != 0,1,0,1
"__builtin_cpu_is (""nehalem"")",1,0,1
INSN_CODE (EXPR_INSN_RTX (expr)) < 0,1,0,1
TREE_CODE (value) == LABEL_DECL,1,0,1
REG_P (reg_1) && REG_P (reg_2) && REG_P (reg_3) && REG_P (reg_4),1,0,1
"__builtin_expect(_First != _Last, true)",1,0,1
oc->filter_list == NULL,1,0,1
ORIG_PAT (insn),1,0,1
(lp != NULL) == (e != NULL),1,0,1
"""machine=m32c""",1,0,1
"nested_in_vect_loop_p (outer_loop, stmt)",1,0,1
"LABEL_REF, SET_SRC (jump_pat)->code",1,0,1
"!strcmp (""this"", IDENTIFIER_POINTER (DECL_NAME (expr)))",1,0,1
GET_CODE (addr) != POST_MODIFY,1,0,1
name_space->attribute_hash,1,0,1
!DECL_CLONED_FUNCTION_P (decl),1,0,1
ready.vec[real_index] == EXPR_INSN_RTX (expr),1,0,1
in_lto_p || DECL_RESULT (node->decl),1,0,1
"4L, <<, 2L, >>, 3L, 2L, 2L, 4L",1,0,1
inner_loop_phi != NULL,1,0,1
gimple_code (for_stmt) == GIMPLE_OMP_FOR,1,0,1
CONST_INT_P (size_r) && REG_P (x) && mode == SImode,1,0,1
"apple, find_closest_identifier (get_identifier (""app""), &candidates)",1,0,1
(e->flags & EDGE_ABNORMAL) == 0 || ! EDGE_CRITICAL_P (e),1,0,1
TREE_CODE (dtemp) == DEBUG_EXPR_DECL,1,0,1
!identifier_p (arg) || !IDENTIFIER_OPNAME_P (arg),1,0,1
"10, 4",1,0,1
result == 0 || (line[result - 1] != ' ' && line[result -1] != '\t'),1,0,1
kind == simple_return_rtx,1,0,1
TREE_CODE (arg0) == VAR_DECL,1,0,1
PRESERVED_VALUE_P (elt->val_rtx),1,0,1
"0, dom_by_b.length ()",1,0,1
spec && (!list || TREE_VALUE (list)),1,0,1
code->resolved_isym,1,0,1
bb != NULL && BB_NOTE_LIST (bb) == NULL_RTX,1,0,1
AV_LEVEL (insn) != 0,1,0,1
n == RGN_NR_BLOCKS (rgn),1,0,1
node->instrumentation_clone == prevailing_node->instrumentation_clone,1,0,1
"""cpu=cix""",1,0,1
SPARC_SETHI_P (focus_bits),1,0,1
global_namespace != NULL && name != global_scope_name,1,0,1
!SWITCH_LABELS (switch_expr),1,0,1
BB_LV_SET_VALID_P (succ_bb),1,0,1
r.a[3] == 4096,1,0,1
stepvectype,1,0,1
repeat == NULL,1,0,1
boundary_p || encode_initializer_p,1,0,1
nested,1,0,1
"GET_CODE (XEXP (c, 1)) == CONST_INT",1,0,1
initial_offset != 0,1,0,1
!TARGET_FDPIC || !(reload_in_progress || reload_completed),1,0,1
GET_MODE_INNER (mode) == GET_MODE (op),1,0,1
count != NULL_TREE,1,0,1
ref->type == REF_ARRAY && ref->u.ar.type != AR_ELEMENT,1,0,1
node->definition || !node->analyzed,1,0,1
TREE_CODE (ce->index) == INTEGER_CST,1,0,1
t[-1] == c_cilk_ptr_from_stack || t[-1] == c_cilk_ptr_from_heap,1,0,1
"test_property<is_swappable, std::priority_queue<int>[1]>(true), """"",1,0,1
GET_CODE (old_ref) == LABEL_REF,1,0,1
prev && next,1,0,1
"std::is_same<decltype (std::abs (std::declval<long long> ())), long long>::value, ""Missing abs(long long)""",1,0,1
!c->expr1->ref && !c->expr1->value.compcall.actual,1,0,1
gimple_seq_singleton_p (finally),1,0,1
STACK_REGNO_P (regno),1,0,1
buffer->line_length == 0,1,0,1
"n, et_root (n)",1,0,1
tv == (int) loop->num_nodes,1,0,1
n > 0 || !reuse_first,1,0,1
fn == BUILT_IN_ALLOCA || fn == BUILT_IN_ALLOCA_WITH_ALIGN,1,0,1
"!REG_P (XEXP (inside, 1))",1,0,1
SSA_NAME_VERSION (name) >= vn_ssa_aux_table.length () || vn_ssa_aux_table[SSA_NAME_VERSION (name)] == NULL,1,0,1
deps_init_id_data.where == DEPS_IN_RHS || deps_init_id_data.where == DEPS_IN_INSN,1,0,1
any_uncondjump_p (jump_insn),1,0,1
(GET_RTX_CLASS (code) == RTX_COMPARE || GET_RTX_CLASS (code) == RTX_COMM_COMPARE) && GET_MODE_CLASS (mode) == MODE_CC,1,0,1
gsi_stmt (*use_stmt_gsi) == use_stmt,1,0,1
mem != NULL_RTX,1,0,1
"memory_address_addr_space_p (mode, addr, as)",1,0,1
opy == OP_TYPE_MEM6 && opx == OP_TYPE_MEM6,1,0,1
m_stmt->get_block (),1,0,1
TREE_TYPE (functions),1,0,1
"test_property<is_nothrow_swappable, ns1::SwapThrow[1]>(false), """"",1,0,1
!cinuse(p),1,0,1
CONST_INT_P (operands[2]),1,0,1
TREE_CODE (b->decl) == PARM_DECL || b->decl == error_mark_node,1,0,1
incr <= powers->p_expo,1,0,1
"P2, ""assigning propagating_allocator<T, true>""",1,0,1
(TO) == STACK_POINTER_REGNUM,1,0,1
SCRATCH != GET_CODE (scratch),1,0,1
w == tmp,1,0,1
callers->indirect_inlining_edge,1,0,1
r.a[1] == -40,1,0,1
r.a[2] == 0x7ff7,1,0,1
!in_lhs,1,0,1
p == 0 || p == pagesize,1,0,1
"NULL, BB_HEAD (exit)",1,0,1
rtx_all_subrtx_bounds[code].count <= 3,1,0,1
TREE_CODE (memfntype) == METHOD_TYPE,1,0,1
VAR_LOC_1PAUX (var),1,0,1
parts.symbol == NULL_TREE,1,0,1
r.a[3] == UINT16x4_MAX,1,0,1
"false, m.put (elephant, 4)",1,0,1
bitmap_single_bit_set_p (&lra_reg_info[REGNO (op)].insn_bitmap),1,0,1
"test_property<is_swappable, funny::F2[5]>(false), """"",1,0,1
(rax & 0xff) == 42 && x._float[1] == 43,1,0,1
cls != cls->super_class,1,0,1
DECL_SECTION_NAME (decl) != NULL,1,0,1
x.second != BLKmode && x.second != VOIDmode,1,0,1
bbs[0] == loop->header,1,0,1
bp != NULL,1,0,1
l >= RESERVED_LOCATION_COUNT,1,0,1
!ctx->receiver_decl,1,0,1
pre_insn != BB_HEAD (pre_block),1,0,1
HDR(GC_hblkfreelist[index]) == hhdr,1,0,1
val->uid < CSELIB_VAL_PTR (loc)->uid,1,0,1
dest == hard_frame_pointer_rtx,1,0,1
*hash_slot == NULL,1,0,1
"_Tp() == _Tp(), ""eq""",1,0,1
true_edge == e1,1,0,1
fabs (threads[i] - (t28_routine () + v1*i)) < 0.0001,1,0,1
r.a[6] == -1,1,0,1
REGNO (xop[0]) == REGNO (xop[2]),1,0,1
QUEUE_INDEX (t) == QUEUE_READY,1,0,1
EDGE_COUNT (empty_bb->preds) == 1,1,0,1
to != NULL_TREE && ((TREE_CODE (to) == SSA_NAME && (to == from || SSA_VAL (to) == to)) || is_gimple_min_invariant (to)),1,0,1
(nregs_xmode % nregs_ymode) == 0,1,0,1
"!is_same<rebind<element_type>, __undefined>::value, ""pointer type defines rebind<U> or is like SomePointer<T, Args>""",1,0,1
"memory_address_addr_space_p (mode, x, as)",1,0,1
TREE_CODE (ovar2) == INDIRECT_REF,1,0,1
head == 0,1,0,1
TARGET_PAIRED_SINGLE_FLOAT,1,0,1
strlen,1,0,1
"bb_a, get_immediate_dominator (CDI_DOMINATORS, bb_d)",1,0,1
r.a[5] == UINT8x8_MAX,1,0,1
i0 < 4 && i1 < 4,1,0,1
code == USE || code == CLOBBER,1,0,1
DF_REF_REGNO (ref) < FIRST_PSEUDO_REGISTER,1,0,1
GET_CODE (op0) != CONST_VECTOR,1,0,1
!DECL_HIDDEN_FRIEND_P (olddecl),1,0,1
t == boolean_true_node,1,0,1
"1, <, 2, <=, 3, 1, 1, 0",1,0,1
explicit_arch != aarch64_no_arch,1,0,1
builtin_id < END_BUILTINS,1,0,1
context == global_namespace || TREE_CODE (context) == PARM_DECL || TREE_CODE (context) == FUNCTION_DECL,1,0,1
"parse_in, ""cpu=sparc64""",1,0,1
!block || TREE_CODE (block) == BLOCK,1,0,1
to2_res && to2_res->pattern == to_pat,1,0,1
crtl->eh.call_site_record_v[cur_sec] == NULL,1,0,1
0 == obj_link(op) || (word)obj_link(op) <= (word)GC_greatest_plausible_heap_addr && (word)obj_link(op) >= (word)GC_least_plausible_heap_addr,1,0,1
"test_property<is_nothrow_swappable, int[1][2]>(true), """"",1,0,1
(unsigned long)&ls.ll2 == esp+12,1,0,1
personality != NULL_TREE,1,0,1
!IS_SPECULATION_CHECK_P (check) && !ORIG_PAT (check) && QUEUE_INDEX (check) == QUEUE_NOWHERE,1,0,1
TREE_CODE (poly) == POLYNOMIAL_CHREC,1,0,1
!to,1,0,1
GC_mark_stack_top = my_top,1,0,1
"XVECLEN (pat, 0) == 2",1,0,1
qsize >= MIN_CHUNK_SIZE,1,0,1
"operand_equal_for_phi_arg_p (init, USE_FROM_PTR (op))",1,0,1
"_Generic (i, float: 1, default: 0) == 1, ""1""",1,0,1
size > UNITS_PER_WORD,1,0,1
!member->is_label_p,1,0,1
TREE_CHAIN (prevailing) == TREE_CHAIN (decl),1,0,1
((flags & FLAG_4_GPR_ARGUMENTS) != 0) == (gpr_end.u - gpr_base.u < 4),1,0,1
truth != 0,1,0,1
!adjust_object,1,0,1
"""hello world"", pp_formatted_text (&pp)",1,0,1
!RTX_FRAME_RELATED_P (control),1,0,1
"__builtin_cpu_is (""core2"") >= 0",1,0,1
code == UNKNOWN,1,0,1
"""cpu=alpha""",1,0,1
"""machine=m32r""",1,0,1
"EXIT_BLOCK, exit->index",1,0,1
arr[i] == ((i % 3) == 0) ? 1 : 2,1,0,1
!new_racc->last_link->next,1,0,1
id < ira_objects_num,1,0,1
init_a <= init_b,1,0,1
old_version_node,1,0,1
right_shift,1,0,1
type == MO_USE || type == MO_USE_NO_VAR,1,0,1
TARGET_SSE2,1,0,1
rsrv_data[card].rsrv_cnt < ULONG_MAX,1,0,1
success && (num_splits == 0),1,0,1
tree_contains_struct[FUNCTION_DECL][TS_DECL_WITH_VIS],1,0,1
info->default_values,1,0,1
new_ref->u.c.component,1,0,1
whole_jump_insn != NULL_RTX && LABEL_P (whole_jump_insn),1,0,1
uses || global,1,0,1
lo->sobj_r != NULL && lo->sobj_w == NULL,1,0,1
STACK_REG_P (*dest),1,0,1
DECL_STRUCT_FUNCTION (current_function_decl),1,0,1
reg_state[regno].store_ruid <= use_ruid,1,0,1
"parser, false",1,0,1
*max_size <= (unsigned HOST_WIDE_INT) GET_MODE_MASK (GET_MODE (len_rtx)),1,0,1
nargs != 0,1,0,1
isl_ast_node_get_type (node) == isl_ast_node_for,1,0,1
"__builtin_cpu_supports (""sse2"") >= 0",1,0,1
"refers_to_regno_p (regno, regno + num_words, mem_operand, 0)",1,0,1
rax == 42,1,0,1
n_basic_blocks_for_fn (cfun) == n_blocks,1,0,1
base1->die_tag == DW_TAG_base_type && base2->die_tag == DW_TAG_base_type,1,0,1
!DECL_INITIAL (new_decl),1,0,1
prev_base,1,0,1
elem_bitsize > HOST_BITS_PER_WIDE_INT,1,0,1
fd.loops[i].cond_code == LT_EXPR || fd.loops[i].cond_code == GT_EXPR,1,0,1
ARITHMETIC_TYPE_P (t1) || TREE_CODE (t1) == VECTOR_TYPE || TREE_CODE (t1) == ENUMERAL_TYPE,0,1,1
err == 0,1,0,1
last_statement,1,0,1
sched_deps_info->generate_spec_deps && !IS_SPECULATION_CHECK_P (insn),1,0,1
"(C), C99_SUFll_TYPE((C))",1,0,1
model_num_insns == (int) model_schedule.length (),1,0,1
operands[1] == CONST0_RTX (mode),1,0,1
"test_property<is_nothrow_swappable, ns3::SwapNoThrow[3]>(true), """"",1,0,1
"!(GET_CODE (operands[0]) == MEM && GET_CODE (XEXP (operands[0], 0)) == PRE_DEC && XEXP (XEXP (operands[0], 0), 0) == stack_pointer_rtx && ! ADDRESS_REG_P (operands[1]) && ! TARGET_COLDFIRE)",1,0,1
fields[i]->get_container () == NULL,1,0,1
"2, <<, 4, -, 3, 4, 29, 4",1,0,1
token->keyword == RID_THREAD,1,0,1
TREE_CODE (DECL_INITIAL (bnd_var)) == ADDR_EXPR,1,0,1
info->subscript[n] && info->subscript[n]->info->type == GFC_SS_SCALAR,1,0,1
root_region == (int) root_region,1,0,1
"""machine=h8300""",1,0,1
!stack_used,1,0,1
broken_loop || fin_bb == FALLTHRU_EDGE (cont_bb)->dest,1,0,1
INSN_SEQNO (insn) < 0,1,0,1
INSN_P (insn_rtx) && !INSN_IN_STREAM_P (insn_rtx),1,0,1
move[blocked].links != -1,1,0,1
"bitmap_equal_p (&saved_kill, &bb_info->kill)",1,0,1
new_target,1,0,1
!cur_cfa->indirect,1,0,1
"tree_int_cst_equal (delta, BINFO_VPTR_FIELD (vbase))",1,0,1
!(GET_CODE (oldval) == SUBREG && CONST_INT_P (SUBREG_REG (oldval))),1,0,1
!INSN_P (pattern),1,0,1
data.expanding.is_empty (),1,0,1
last1 && last2,1,0,1
"FILE *file, tree name",1,0,1
(regno != SP_REGNUM) || (regno_base == SP_REGNUM),1,0,1
!label_bb->aux || label_bb->aux == (void *)1,1,0,1
outer_type->type == FFI_TYPE_STRUCT,1,0,1
!lexer->in_pragma || token->type != CPP_PRAGMA_EOL,1,0,1
TREE_CODE (*expr_p) == MODIFY_EXPR || TREE_CODE (*expr_p) == INIT_EXPR,1,0,1
OMP_CLAUSE_CODE (c) == OMP_CLAUSE_THREADS || OMP_CLAUSE_CODE (c) == OMP_CLAUSE_SIMD,1,0,1
m_line_spans.length () == 0,1,0,1
tab->comb_vect.length () == tab->check_vect.length (),1,0,1
(1U << cl_lang_count) <= CL_MIN_OPTION_CLASS,1,0,1
!TARGET_AVX2 || d->perm[0],1,0,1
uid_ring[ring_counter] != DECL_UID (current_function_decl),1,0,1
!TREE_SIDE_EFFECTS (*expr_p),1,0,1
 _S_container.cbegin() != _S_container.cend() ,1,0,1
lead_zero <= (base == 16 ? (uintmax_t) INTMAX_MAX / 4 : (uintmax_t) INTMAX_MAX),1,0,1
"test_property<is_swappable, std::stack<construct::Nontrivial>>(true), """"",1,0,1
TARGET_SPE,1,0,1
"!rtx_equal_p (XEXP (i1, 0), substed)",1,0,1
"1, ==, 2, !=, 0, 0, 0, 1",1,0,1
DECL_HAS_VALUE_EXPR_P (t),1,0,1
*proc,1,0,1
load_insn,1,0,1
bb == taken_edge->src,1,0,1
r.a[3] == -16,1,0,1
"__builtin_cpu_is (""corei7"") >= 0",1,0,1
ds & DEP_CONTROL,1,0,1
!type_with_linkage_p (t2) || !type_in_anonymous_namespace_p (t2),1,0,1
"3, postdom_by_d.length ()",1,0,1
sz_out <= sz_out_remaining,1,0,1
dwarf_reg_size_table[index] <= sizeof (_Unwind_Context_Reg_Val),1,0,1
!(mask & GOMP_DIM_MASK (GOMP_DIM_WORKER)) || (mask & GOMP_DIM_MASK (GOMP_DIM_VECTOR)),1,0,1
diag_kind == DK_WARNING || diag_kind == DK_PEDWARN || diag_kind == DK_ERROR,1,0,1
from != to,1,0,1
gimple_code (gsi_stmt (si)) == GIMPLE_OMP_SECTION,1,0,1
"cuEventRecord, *e, other_stream->stream",1,0,1
GET_MODE (op) != V2DImode && GET_MODE (op) != V2DFmode,1,0,1
TREE_CODE (m) == INDIRECT_REF,1,0,1
GET_CODE (op) == PLUS,1,0,1
to_offset >= from_offset,1,0,1
"2, +, 3, %, 4, 5, 1, 5",1,0,1
haifa_cost == 0,1,0,1
num_ops > 0 && num_ops <= tilegx_multiply_insn_seq_MAX_OPERATIONS,1,0,1
ggc_marked_p (other),1,0,1
f1 () == 0x12345678,1,0,1
tree_contains_struct[FIELD_DECL][TS_FIELD_DECL],1,0,1
"""endian=little""",1,0,1
fall,1,0,1
"def_loop != use_loop && ! flow_loop_nested_p (def_loop, use_loop)",1,0,1
!DECL_HAS_IN_CHARGE_PARM_P (OVL_CURRENT (ctors)) && !DECL_HAS_VTT_PARM_P (OVL_CURRENT (ctors)),1,0,1
TREE_CODE (def) == SSA_NAME && SSA_NAME_VAR (def) == var,1,0,1
cif->abi == FFI_OBSD,1,0,1
! (subloop_node->bb->flags & BB_TO_VISIT),1,0,1
gimple_code (condstmt) == GIMPLE_COND,1,0,1
"1, >, 2, >, 3, 0, 0, 1",1,0,1
macro_map && linemap_macro_expansion_map_p (macro_map),1,0,1
derived->components->ts.u.derived,1,0,1
optype0 == REGOP || optype1 == REGOP,1,0,1
seeking_return || arm_ccfsm_state == 2,1,0,1
distribute,1,0,1
curr_insn_set != NULL_RTX && sec_mem_p,1,0,1
c != SYMBOL_EXTERNAL && (c == SYMBOL_DUPLICATE || !symbol_partitioned_p (node)),1,0,1
FILE *file,1,0,1
explicit_tune_core != aarch64_none,1,0,1
tree_contains_struct[RESULT_DECL][TS_DECL_WRTL],1,0,1
"0, v[49]",1,0,1
(fn->curr_properties & props) == props,1,0,1
TREE_CODE (decl) == PARM_DECL || TREE_CODE (decl) == RESULT_DECL || TREE_CODE (decl) == VAR_DECL,1,0,1
"std::is_integral<_IntType>::value, ""template argument must be an integral type""",1,0,1
!slp_reduc,1,0,1
! usage_insns[original_regno].after_p,1,0,1
type == unknown_type_node || type == init_list_type_node,1,0,1
num_objects == nfiles,1,0,1
DECL_VALUE_EXPR (new_var) == lvar,1,0,1
r.a[3] == 40,1,0,1
regno < NUM_REGS,1,0,1
"""move_in() is not allowed on ostream reducers"" && 0",1,0,1
"et_below (e, d)",1,0,1
current_fiber == w->l->scheduling_fiber,1,0,1
"TREE_CODE (binrhs) != SSA_NAME || !is_reassociable_op (SSA_NAME_DEF_STMT (binrhs), rhscode, loop)",1,0,1
DECL_CLASS_TEMPLATE_P (name),1,0,1
"2, &&, 0, |, 2, 1, 2, 1",1,0,1
CONST_WIDE_INT_NUNITS (x) == 2,1,0,1
single_succ (bb) == EXIT_BLOCK_PTR_FOR_FN (cfun),1,0,1
stree->n.tb->u.specific,1,0,1
arr[i] == i + (i % 8) * 2,1,0,1
tx_safe_fn_type_p (t),1,0,1
m->cur_virt_loc >= m->virt_locs,1,0,1
code1 == MEM,1,0,1
seh->sp_offset >= cfa_offset,1,0,1
"!data->eh_map->put (old_lp, new_lp)",1,0,1
next == DEP_CON (dep),1,0,1
"!valtype || !alpha_return_in_memory (valtype, func)",1,0,1
TREE_CODE (fns) == FUNCTION_DECL || TREE_CODE (fns) == TEMPLATE_DECL || TREE_CODE (fns) == OVERLOAD,1,0,1
dest->needed || !dest->analyzed || !id->src_node->analyzed,1,0,1
flags & (SUCCS_OUT | SUCCS_SKIP_TO_LOOP_EXITS),1,0,1
src->successors && dest->predecessors,1,0,1
"TREE_OPERAND (expr, 0) != NULL_TREE",1,0,1
tb->is_generic,1,0,1
flag_next_runtime == 1 && flag_objc_abi < 2,1,0,1
!target->any_upper_bound && !target->any_estimate,1,0,1
linker_output_set,1,0,1
!cfun || !cfun->machine || cfun->machine->in_nsubspa == 2,1,0,1
preheader_block,1,0,1
DECL_NAMESPACE_SCOPE_P (decl),1,0,1
"test_property<is_swappable, const bool>(false), """"",1,0,1
exit_bb == NULL,1,0,1
"check_live (insn, INSN_BB (insn))",1,0,1
expr->value.function.isym->id == GFC_ISYM_LCOBOUND || expr->value.function.isym->id == GFC_ISYM_UCOBOUND || expr->value.function.isym->id == GFC_ISYM_THIS_IMAGE,1,0,1
cinfo,1,0,1
!ff,1,0,1
"test_property<is_nothrow_swappable, funny::F[5]>(true), """"",1,0,1
"1, ||, 0, &&, 0, 1, 0, 1",1,0,1
code != MATCH_PAR_DUP && code_pt != MATCH_DUP && code_pt != MATCH_OP_DUP && code_pt != MATCH_SCRATCH && code_pt != MATCH_PARALLEL && code_pt != MATCH_OPERAND && code_pt != MATCH_OPERATOR,1,0,1
(int)NO_REGS == 0,1,0,1
TREE_CODE (t1) == SSA_NAME || TREE_CODE (t1) == INTEGER_CST,1,0,1
"dom_info_state (fn, CDI_DOMINATORS) == pre_verify_state",1,0,1
(unsigned long)&u.f128 == esp+4,1,0,1
src == hard_frame_pointer_rtx,1,0,1
a[i] == 2.0,1,0,1
srcp != NULL,1,0,1
tmp_ss->dimen == 2,1,0,1
width == 64 || width == 128,1,0,1
TREE_CODE (t1) == FUNCTION_TYPE,1,0,1
w <= 64,1,0,1
n_variants,1,0,1
ff->fiber_self != NULL,1,0,1
INSN_P (insn) || NOTE_INSN_BASIC_BLOCK_P (insn),1,0,1
SSA_NAME_VAR (lhs) == arg,1,0,1
s0 == src.regno_msb,1,0,1
"!bitmap_bit_p (bbs, single_pred (entry)->index)",1,0,1
(secondary_class == NO_REGS && sri.icode == CODE_FOR_nothing) || (old_sclass == NO_REGS && old_sri.icode == CODE_FOR_nothing) || (secondary_class == old_sclass && sri.icode == old_sri.icode),1,0,1
TREE_CODE (rhs) == TEMPLATE_ID_EXPR,1,0,1
gimple_assign_single_p (assignment),1,0,1
TREE_CODE (t_func) == ADDR_EXPR,1,0,1
TREE_CODE (t) == INTEGER_TYPE && TYPE_PRECISION (t) == TYPE_PRECISION (qualified_type) && TYPE_UNSIGNED (t) == TYPE_UNSIGNED (qualified_type),1,0,1
"2, /, 2, *, 3, 3, 3, 0",1,0,1
union_or_struct_p (hty),1,0,1
targetm.compare_version_priority,1,0,1
ps->min_cycle >= 0,1,0,1
cy != 0,1,0,1
GFC_DESCRIPTOR_TYPE_P (TREE_TYPE (sym->backend_decl)),1,0,1
isl_ast_expr_get_type (expr) == isl_ast_expr_op,1,0,1
"int_binop_types_match_p (MINUS_EXPR, TREE_TYPE (arg0), TREE_TYPE (arg1))",1,0,1
!(sz & 1) && !((word)p & (2 * sizeof(word) - 1)),1,0,1
data->block == new_block,1,0,1
static_1 != static_2,1,0,1
"__builtin_cpu_supports (""sse4.1"") >= 0",1,0,1
TARGET_IEEE && TARGET_SH2E,1,0,1
type != NULL_TREE,1,0,1
"pure_location_p (set, r) || r >= LINE_MAP_MAX_LOCATION_WITH_COLS || map->m_column_and_range_bits == 0",1,0,1
integer_zerop (TMR_BASE (op)),1,0,1
MEM_P (*dst_loc) || REG_P (*dst_loc),1,0,1
1 == GET_MODE_SIZE (GET_MODE (dest)),1,0,1
r.a[6] == 20,1,0,1
frame_off == 0,1,0,1
!STMT_VINFO_DATA_REF (stmt_info),1,0,1
flags != 0,1,0,1
!DEBUG_INSN_P (from->insn) || d_t == ANTI_DEP,1,0,1
alias || TREE_CODE (t) != VAR_DECL || varpool_node::get (t)->definition,1,0,1
"bb2, NOTE_BASIC_BLOCK (insn)",1,0,1
tune_index >= 0,1,0,1
any_condjump_p (jump_insn),1,0,1
cfg_hooks->split_block_before_cond_jump,1,0,1
"XINT (unspec, 1) == UNSPEC_MOV_PCREL_STEP3",1,0,1
check_pattern != NULL,1,0,1
hsa_type_bit_size (dest->m_type) == hsa_type_bit_size (as_a <hsa_op_immed *> (src)->m_type),1,0,1
"REG_P (XEXP (src, 0)) && dwf_regno (XEXP (src, 0)) == cur_cfa->reg && CONST_INT_P (XEXP (src, 1))",1,0,1
saw_barrier,1,0,1
is_variable_sized (orig_var),1,0,1
c->rhs.type == SCALAR && c->lhs.type == SCALAR && c->rhs.offset != 0 && c->lhs.offset == 0,1,0,1
tab->comb_vect.length () >= comb_vect_index + real_vect_length,1,0,1
must_precede && must_follow,1,0,1
ranges_table[off + supercnt].num == BLOCK_NUMBER (chain),1,0,1
src_index > low_index,1,0,1
"op0 == XEXP (op1, 0)",1,0,1
GET_CODE (orig) == CONST,1,0,1
topsort_nodes.length () == n_loop_preorder,1,0,1
flag_sched_stalled_insns || sched_fusion,1,0,1
!(infp->growth[i] % STACK_BYTES),1,0,1
base->ts.type == BT_DERIVED || base->ts.type == BT_CLASS,1,0,1
"alignof (const T) == 2 * alignof (double), ""alignment of const T""",1,0,1
fallback & fb_mayfail,1,0,1
""""", value",1,0,1
!(vnode = varpool_get_node (decl)) || !vnode->finalized,1,0,1
mode == CCmode || mode == CCGCmode || mode == CCNOmode,1,0,1
node->alias,1,0,1
"""cpu=epiphany""",1,0,1
elf,1,0,1
vi,1,0,1
""""", pp_formatted_text (&pp)",1,0,1
is_gimple_assign (stmt_to_insert),1,0,1
saved_last_basic_block == 0 || (bb_state_array != NULL && bb_state != NULL),1,0,1
"!flag_pic || !external_memory_operand (low[0], SImode)",1,0,1
fn->fn_num_ops < MAX_OPS,1,0,1
opc == BRIG_OPCODE_ATOMICNORET || opc == BRIG_OPCODE_ATOMIC || opc == BRIG_OPCODE_SIGNAL || opc == BRIG_OPCODE_SIGNALNORET,1,0,1
OMP_CLAUSE_CODE (*pc) == OMP_CLAUSE_FIRSTPRIVATE,1,0,1
nios2_unspec_reloc_name (unspec) != NULL,1,0,1
"flow_bb_inside_loop_p (loop, orig->src)",1,0,1
EDGE_COUNT (empty_bb->succs) == 1,1,0,1
DECL_INITIAL (bnd) && TREE_CODE (DECL_INITIAL (bnd)) == ADDR_EXPR,1,0,1
reg_size == 0 || (int) reg_size == epiphany_stack_offset,1,0,1
in->op != IPA_PARM_OP_REMOVE,1,0,1
scale_step[i] >= 0 && scale_step[i] <= REG_BR_PROB_BASE,1,0,1
next_qty < max_qty,1,0,1
se->ss == se->ss->loop->ss,1,0,1
ready.n_ready > 0,1,0,1
p->bk == b || chunksize(p->bk) == chunksize(p),1,0,1
parent_ff->call_stack,1,0,1
"(SELFTEST_LOCATION), (EXPECTED), (FMT), (ARG1), (ARG2), (ARG3)",1,0,1
wstartp[0] == L_('1'),1,0,1
e == edge_at_split,1,0,1
bed == body_bb || single_succ_edge (bed)->dest == body_bb,1,0,1
"9, v[6]",1,0,1
sec != NULL,1,0,1
! current_binding_level->exception_range,1,0,1
!IDENTIFIER_OPNAME_P (identifier),1,0,1
"parse_in, ""machine=sparc""",1,0,1
"0, LOCATION_COLUMN (UNKNOWN_LOCATION)",1,0,1
r.a[0] == -20,1,0,1
GET_MODE_CLASS (GET_MODE (op2)) == MODE_VECTOR_INT,1,0,1
s <= SREAL_MAX_EXP,1,0,1
"GET_CODE (XEXP (value, 1)) == PLUS || GET_CODE (XEXP (value, 1)) == MINUS",1,0,1
!info->segment,1,0,1
binding != NULL,1,0,1
tcode > IX86_BT_LAST_PRIM,1,0,1
POINTER_TYPE_P (etype),1,0,1
ctx->outer->outer && is_parallel_ctx (ctx->outer->outer),1,0,1
in && (REG_P (in) || GET_CODE (in) == SUBREG) && GET_MODE (in) == DImode,1,0,1
in_dummy_function,1,0,1
"sparseset_bit_p (pseudos_live, regno)",1,0,1
"float_type_node, TREE_TYPE (fntype)",1,0,1
id->src_node->thunk.this_adjusting,1,0,1
dstv == vloc,1,0,1
reg_equiv_constant (r) || reg_equiv_invariant (r),1,0,1
0 == m_functor,1,0,1
conflicts->nsyms <= outlen,1,0,1
!DECL_ARTIFICIAL (decl),1,0,1
"6, *m.get (ant)",1,0,1
DECL_COMMON (decl) && ((DECL_INITIAL (decl) == NULL) || (DECL_INITIAL (decl) == error_mark_node) || initializer_zerop (DECL_INITIAL (decl))),1,0,1
!virtual_operand_p (def),1,0,1
TREE_TYPE (decl) == vtbl_type_node,1,0,1
UNARY_CLASS_P (genop) || BINARY_CLASS_P (genop) || REFERENCE_CLASS_P (genop),1,0,1
!(LINEMAPS_ORDINARY_USED (set) && (start_location < MAP_START_LOCATION (LINEMAPS_LAST_ORDINARY_MAP (set)))),1,0,1
!building_stmt_list_p () == is_global,1,0,1
module_list == NULL,1,0,1
esize,1,0,1
"__u <= __w, ""template argument substituting "" ""__u out of bound""",1,0,1
fallback & fb_either,1,0,1
length () > 0,1,0,1
and_code != CODE_FOR_nothing,1,0,1
"NULL, exit->succs",1,0,1
"!flow_bb_inside_loop_p (loop, orig->dest)",1,0,1
"""cpu=mn10300""",1,0,1
bb != ENTRY_BLOCK_PTR_FOR_FN (cfun) && bb != EXIT_BLOCK_PTR_FOR_FN (cfun),1,0,1
!unrolling || rewrite_original_loop,1,0,1
!TREE_PUBLIC (result),1,0,1
static_field_count == (int) vec_safe_length (static_fields),1,0,1
!vec_safe_length (current_binding_level->class_shadowed),1,0,1
"type, iv0, iv1, niter, step",1,0,1
"XINT (unspec, 1) == UNSPEC_HW0_PCREL",1,0,1
acc_high <= high,1,0,1
arm_arch5 || arm_arch4t,1,0,1
fixup_graph->num_edges <= fnum_edges_after_transform,1,0,1
REG_OK_FOR_BASE_P (base),1,0,1
insn_code_number < 0,1,0,1
loop.temp_ss->dimen == loop.dimen,1,0,1
ptr->outer == NULL_EH_RANGE,1,0,1
DECL_RTL_KNOWN_SET (DEBUG_EXPR_TREE_DECL (x)) == x,1,0,1
constm1_rtx != xop[1],1,0,1
taskreg_nesting_level == 0,1,0,1
"NULL, gimple_return_retval (stmt)",1,0,1
!for_ctor_p,1,0,1
arrayss1 != gfc_ss_terminator,1,0,1
func_ifc->attr.function && func_ifc->result != NULL,1,0,1
dim == 0,1,0,1
*size >= 0,1,0,1
tok != &eof_token,1,0,1
ORDINARY_MAP_STARTING_LINE_NUMBER (ord_map) <= line,1,0,1
TYPE_LANG_SPECIFIC (type) != NULL,1,0,1
"""system=sde""",1,0,1
TREE_CODE (tmpl_func) == FUNCTION_DECL,1,0,1
!TLS_SYMBOLIC_CONST (addr),1,0,1
bb_pred,1,0,1
processing_template_decl || TREE_CODE (expr) == DEFERRED_NOEXCEPT,1,0,1
curr_reg_pressure[cl] <= ira_class_hard_regs_num[cl],1,0,1
DECL_ORIGINAL_TYPE (TYPE_NAME (type)) != type,1,0,1
"c_parser_next_token_is_keyword (parser, RID_GENERIC)",1,0,1
mode == HImode || mode == PSImode,1,0,1
builtin_fn_p (code),1,0,1
base_type->die_parent == comp_unit_die (),1,0,1
DECL_LANG_SPECIFIC (f->sym->backend_decl) == NULL || GFC_DECL_TOKEN (f->sym->backend_decl) == NULL_TREE,1,0,1
ira_reg_equiv[to_regno].init_insns == NULL_RTX,1,0,1
TREE_CODE (t) != TREE_BINFO,1,0,1
internal_fn_p (code),1,0,1
(unsigned int)index < set->info_macro.used,1,0,1
proc_sym->ts.u.cl->backend_decl != NULL,1,0,1
subtype != NOTE_INSN_DELETED_LABEL && subtype != NOTE_INSN_DELETED_DEBUG_LABEL,1,0,1
argno2 == argno - 1,1,0,1
sched_next_worked == 1,1,0,1
arg3 != NULL,1,0,1
ALLOCNO_CAP_MEMBER (src_allocno) == NULL && ALLOCNO_CAP_MEMBER (dest_allocno) == NULL,1,0,1
verify_vtbl_ptr_fndecl,1,0,1
(piece_size_n & (piece_size_n - 1)) == 0,1,0,1
curr_arc,1,0,1
index + 1 < (int) sizeof(dwarf_reg_size_table),1,0,1
res != acc_device_default && res != acc_device_not_host,1,0,1
ind2reg.length () == (size_t) hsa_cfun->m_reg_count,1,0,1
ifun->eh->region_array,1,0,1
"6, v[5]",1,0,1
"is_same<_Ch_type, typename _Rx_traits::char_type>::value, ""regex traits class must have the same char_type""",1,0,1
delay_insns == (unsigned int) length,1,0,1
PRESERVED_VALUE_P (loc) == PRESERVED_VALUE_P (val->val_rtx),1,0,1
EXPR_TARGET_AVAILABLE (expr) <= 0,1,0,1
dim_expr->ts.type == BT_INTEGER,1,0,1
walk,1,0,1
!BB_INFO (bb)->succ_count && !BB_INFO (bb)->pred_count,1,0,1
expr->value.op.op1->ts.type == expr->value.op.op2->ts.type,1,0,1
!e->callee->alias,1,0,1
TREE_CODE (tmpl) == TEMPLATE_DECL || TREE_CODE (tmpl) == FIELD_DECL,1,0,1
fnad.used_files == fnad.max_files,1,0,1
"__builtin_cpu_is (""core2"")",1,0,1
!m_len,1,0,1
"valid_lattice_transition (*old_val, *new_val)",1,0,1
!gimple_has_lhs (orig_stmt) || !gimple_has_lhs (stmt) || gimple_get_lhs (orig_stmt) == gimple_get_lhs (stmt),1,0,1
"(REGNO (XEXP (XEXP (dest, 0), 0)) == STACK_POINTER_REGNUM) && cur_trace->cfa_store.reg == dw_stack_pointer_regnum",1,0,1
Serious_Errors_Detected,1,0,1
tree_contains_struct[VAR_DECL][TS_DECL_MINIMAL],1,0,1
NOTE_INSN_BASIC_BLOCK_P (ins_pos),1,0,1
STACK_REG_P (*reg),1,0,1
group_size == SLP_TREE_SCALAR_STMTS (node).length (),1,0,1
! MEM_P (dest) || ! MEM_P (src),1,0,1
TREE_CHAIN (DECL_ASSEMBLER_NAME (alias->decl)) && IDENTIFIER_TRANSPARENT_ALIAS (DECL_ASSEMBLER_NAME (alias->decl)),1,0,1
NOTE_P (note) && NOTE_KIND (note) == NOTE_INSN_CFI,1,0,1
RECORD_OR_UNION_TYPE_P (struct_type),1,0,1
GET_CODE (src) == IF_THEN_ELSE,1,0,1
teams,1,0,1
GET_CODE (expr) == PLUS,1,0,1
r.a[0] == 41,1,0,1
nargs == 0,1,0,1
"test_property<is_nothrow_swappable, EnumType>(true), """"",1,0,1
"!target || register_operand (target, VOIDmode)",1,0,1
op0 != NULL,1,0,1
GET_CODE (high) == HIGH,1,0,1
!DECL_CLASS_SCOPE_P (TYPE_MAIN_DECL (pattern)) || COMPLETE_OR_OPEN_TYPE_P (TYPE_CONTEXT (type)),1,0,1
in_words_to_go > 0,1,0,1
"bitmap_bit_p (used, p)",1,0,1
isl_ast_node_get_type (node) == isl_ast_node_if,1,0,1
loc->nextc - loc->lb->line >= 0,1,0,1
primary->symtree->n.sym->attr.referenced,1,0,1
gimple_code (omp_return) == GIMPLE_OMP_RETURN,1,0,1
is_ctrl_stmt (stmt),1,0,1
void_type_node,1,0,1
RECORD_OR_UNION_TYPE_P (rhs_struct_type),1,0,1
"0, CloseHandle(thread)",1,0,1
!TYPE_P (fn),1,0,1
"!(_Tp() > _Tp()), ""more""",1,0,1
!insn_variable_length_p (insn),1,0,1
"!vi_for_tree->put (t, vi)",1,0,1
last.stridx > 0,1,0,1
ptr->outer == range && ptr->end_pc > ptr->start_pc,1,0,1
a->rank > ai,1,0,1
"test_property<is_swappable, funny::F[5]>(true), """"",1,0,1
SYMBOL_REF_TLS_MODEL (x) == 0,1,0,1
"i > 0 && i < JPOOL_SIZE (jcf) && JPOOL_TAG (jcf, i) == CONSTANT_Class",1,0,1
*prot_start == 'r' || *prot_start == '-',1,0,1
NO_LOC_P (value),1,0,1
!flag_sched_stalled_insns && spec_info && spec_info->mask,0,1,1
!TREE_SIDE_EFFECTS (exp),1,0,1
"c == ""gcc$""[i]",1,0,1
(allocate & HOST_WIDE_INT_C (0xffffffff)) == allocate,1,0,1
TREE_CHAIN (void_list_node) == NULL_TREE,1,0,1
separate_args == (unsigned int) option->cl_separate_nargs + 1,1,0,1
EXPR_USEFULNESS (to) <= REG_BR_PROB_BASE,1,0,1
"test_property<is_swappable, std::tuple<construct::Nontrivial>>(true), """"",1,0,1
!(e->flags & EDGE_FAKE),1,0,1
"(C), C90_UNSUF_OCTHEX_TYPE((C))",1,0,1
GET_CODE (pat) == CALL,1,0,1
is_gimple_assign (def_stmt),1,0,1
scratch2 && REG_P (scratch2),1,0,1
arr_b[i] == (i ^ 31) * m,1,0,1
TREE_CODE (rhs) == MEM_REF,1,0,1
shift_count > 0 && shift_count < 64,1,0,1
bb->flags <= BB_ALL_FLAGS,1,0,1
PSEUDO_REGNO_BYTES (regno) <= total_size,1,0,1
"0, value_ptr",1,0,1
target_stack->top != -2,1,0,1
pos + fieldsize <= size,1,0,1
base != NULL && offset != NULL,1,0,1
X == 1337,1,0,1
"tok->type, CPP_STRING",1,0,1
entry->refcount > 0 && entry->index == NO_INDEX_ASSIGNED,1,0,1
FLOAT_TYPE_P (TREE_TYPE (se->expr)),1,0,1
"""foo.c"", 2, 1, loc_c",1,0,1
bit_offset % BITS_PER_UNIT == 0,1,0,1
(signed_word)(-1) < (signed_word)0,1,0,1
DECL_INITIAL (decl),1,0,1
expr->symtree->n.sym->backend_decl == current_function_decl,1,0,1
REG_P (orig_dest),1,0,1
_M_sigma > 0,1,0,1
gimple_modified_p (stmt),1,0,1
index >= 1,1,0,1
GET_CODE (op0_subop1) == PARALLEL,1,0,1
zone != NULL,1,0,1
broken_loop || loop->latch == region->cont || single_pred (loop->latch) == region->cont,1,0,1
tree_contains_struct[RESULT_DECL][TS_RESULT_DECL],1,0,1
TYPE_ADDR_SPACE (TREE_TYPE (type)) == TYPE_ADDR_SPACE (TREE_TYPE (base_type)),1,0,1
gimple_seq_first (body) == gimple_seq_last (body) && gimple_code (gimple_seq_first_stmt (body)) == GIMPLE_BIND,1,0,1
"4, n_edges_for_fn (fun)",1,0,1
"a, b",1,0,1
GET_CODE (loc) == MEM,1,0,1
r.a[1] == INT32x2_MAX,1,0,1
(d1->mode == dm_unit && DECL_UNIT (d1)->name) || (d1->mode == dm_reserv && DECL_RESERV (d1)->name),1,0,1
code1 == TYPENAME_TYPE || code2 == TYPENAME_TYPE,1,0,1
base_type->die_offset == 0 && prev->die_sib == base_type && base_type->die_child == NULL && base_type->die_abbrev,1,0,1
oparms.length () + 1 == otypes.length (),1,0,1
scratch != NULL && GET_MODE (scratch) == SImode,1,0,1
"test_property<is_swappable, int[1]>(true), """"",1,0,1
noperands >= 2,1,0,1
"test_property<is_nothrow_swappable, funny::F>(false), """"",1,0,1
!*symbol,1,0,1
reduc_stmt,1,0,1
STMT_VINFO_LOOP_PHI_EVOLUTION_BASE_UNCHANGED (stmt_vinfo) != NULL_TREE,1,0,1
GET_MODE_CLASS (mode) == MODE_INT || SCALAR_FLOAT_MODE_P (mode) || (TARGET_VX_ABI && vector_ret_type_p),1,0,1
remaining < 2,1,0,1
sym->gfc_new || sym->old_symbol != NULL,1,0,1
"TOLOWER (c) == ""gcc$""[i]",1,0,1
!AGGREGATE_TYPE_P (type),1,0,1
OMP_CLAUSE_CODE (c) == OMP_CLAUSE_DEPEND,1,0,1
deps_pools_are_empty_p (),1,0,1
out >= 0 && in >= 0 && curr_static_id->operand[out].type == OP_OUT && curr_static_id->operand[in].type == OP_IN,1,0,1
REG_VALUES (dreg)->elt == 0,1,0,1
(code != GT && code != LT && code != GE && code != LE) || mode != CCUNSmode,1,0,1
CLASS_INTERFACE (TYPE_NAME (interface)),1,0,1
dig_no >= int_no,1,0,1
!(ds & DEP_OUTPUT),1,0,1
nonzero_halves[0] == 0,1,0,1
(ALLOCNO_LOOP_TREE_NODE (a2) != ira_loop_tree_root),1,0,1
node == cgraph_node::get (node->decl),1,0,1
len > gimple_phi_capacity (phi),1,0,1
"operand_equal_p (expr, boolean_false_node, 0)",1,0,1
pop_insn,1,0,1
cst,1,0,1
source_stack->top == 0 || source_stack->top == 1,1,0,1
final->initializer && final->initializer->expr_type != EXPR_NULL,1,0,1
(DECL_FUNCTION_TEMPLATE_P (templ) || TREE_CODE (templ) == OVERLOAD || BASELINK_P (templ)),1,0,1
pnode && !pnode->next && REG_P (pnode->loc),1,0,1
OMP_FOR_CLAUSES (omp_for) == NULL_TREE,1,0,1
prev_insn != NULL_RTX && PREV_INSN (note) == prev_insn,1,0,1
complete_dtor,1,0,1
"hard_reg_set_subset_p (reg_class_contents[rclass], set)",1,0,1
map->__element_count == (uintptr_t) (intgo) map->__element_count,1,0,1
"(C), C90_UNSUF_DEC_TYPE((C))",1,0,1
in_dummy_function || (!cfun && !current_function_decl) || (cfun && current_function_decl == cfun->decl),1,0,1
reg < FIRST_PSEUDO_REGISTER,1,0,1
"_Generic (i = 0, float: 1, default: 0) == 1, ""3""",1,0,1
r.a[2] == 9,1,0,1
"__builtin_cpu_is (""knl"")",1,0,1
"NULL, find_closest_string ("""", &candidates)",1,0,1
to == STACK_POINTER_REGNUM || to == HARD_FRAME_POINTER_REGNUM,1,0,1
!pedigree_tls->parent || !pedigree_tls->parent->parent,1,0,1
isl_ast_node_get_type (node) == isl_ast_node_block,1,0,1
L(__LINE__) == __LINE__,1,0,1
d->icode != CODE_FOR_nothing,1,0,1
slp || vls_type == VLS_LOAD || gap == 0,1,0,1
"XEXP (reg_save_area, 0) == virtual_stack_vars_rtx",1,0,1
TREE_CODE (ctx) != FUNCTION_DECL,1,0,1
"gimple_code (phi) == GIMPLE_PHI && gimple_bb (phi) == *new_exit_bb && (PHI_ARG_DEF_FROM_EDGE (phi, single_exit (loop)) == loop_arg)",1,0,1
"types_compatible_p (TYPE_MAIN_VARIANT (TREE_TYPE (sc)), TREE_TYPE (vectype))",1,0,1
genproc->is_generic,1,0,1
"3, ^, 2, &, 1, 3, 1, 3",1,0,1
"cp_parser *parser, bool member_p",1,0,1
fence,1,0,1
"TREE_LIST, TREE_CODE (argterm)",1,0,1
(caller_save_regs & ~0xf0) == 0,1,0,1
TYPE_VFIELD (BINFO_TYPE (B)),1,0,1
sizeof (D) == 4 * sizeof (int),1,0,1
depth.complexity || result_first_child == last_child,1,0,1
clone_parm,1,0,1
GET_MODE_SIZE (o) == GET_MODE_SIZE (n),1,0,1
bitmap_last_set_bit (data->ready_try_change) < n_ready,1,0,1
cls->dtable,1,0,1
TREE_CODE (DR_INIT (a)) == INTEGER_CST && TREE_CODE (DR_INIT (b)) == INTEGER_CST,1,0,1
decl1_node != NULL && decl2_node != NULL,1,0,1
TREE_CODE (type) != TEMPLATE_TYPE_PARM || is_auto (type),1,0,1
!STATEMENT_LIST_TAIL (t),1,0,1
GC_active_count > 0,1,0,1
d == data->address (),1,0,1
integer_zerop (TYPE_MIN_VALUE (domain_type)),1,0,1
occ->next != occ,1,0,1
!PA_SYMBOL_REF_TLS_P (orig),1,0,1
ss_info->type == GFC_SS_SCALAR,1,0,1
m_has_been_terminated,1,0,1
decl && ((TREE_CODE (decl) == FIELD_DECL || TREE_CODE (decl) == VAR_DECL || TREE_CODE (decl) == PARM_DECL) || TREE_CODE (decl) == COMPONENT_REF),1,0,1
(*p)->last().index == idx,1,0,1
v.space (3),1,0,1
file_decl_data,1,0,1
"NOTE_INSN_BASIC_BLOCK, NOTE_KIND (insn)",1,0,1
ctx->cb.src_node,1,0,1
DECL_SAVED_TREE (fn),1,0,1
column < (1u << map->m_column_and_range_bits),1,0,1
TREE_CODE (exp) == COMPONENT_REF,1,0,1
CP_TYPE_CONST_P (TREE_TYPE (decl)) || errorcount,1,0,1
r->index == ix,1,0,1
stack_pointer != 1 && count > 0,1,0,1
"0, &&, 0, ||, 1, 1, 1, 0",1,0,1
min <= max,1,0,1
num < ARRAY_SIZE (opts),1,0,1
bb_vinfo || !inv_p,1,0,1
flag_openmp,1,0,1
BB_END (bb) == insn,1,0,1
operands[1] != const0_rtx || code == MINUS,1,0,1
! c->die_mark,1,0,1
BB_VISITED (succ_bb),1,0,1
vectorization_factor == (unsigned)LOOP_VINFO_VECT_FACTOR (loop_vinfo),1,0,1
"et_below (e, a)",1,0,1
vect_can_advance_ivs_p (loop_vinfo),1,0,1
"a->type == FFI_TYPE_VOID || a->alignment > 0, file, line",1,0,1
rss != gfc_ss_terminator,1,0,1
"insn_operand_matches (icode, 2, z)",1,0,1
!complement_op2_p,1,0,1
boolval,1,0,1
!original->alias,1,0,1
gimple_omp_for_kind (fd.for_stmt) == GF_OMP_FOR_KIND_FOR,1,0,1
"cur_trace->cfa_store.reg == dwf_regno (XEXP (src, 0))",1,0,1
ultimate_alias_target () == this,1,0,1
TYPE_PRECISION (gnu_type) <= 64,1,0,1
tree_contains_struct[VAR_DECL][TS_VAR_DECL],1,0,1
data->path[0].bb == first_bb,1,0,1
(v & 1) == 0,1,0,1
"register_operand (op, VOIDmode)",1,0,1
"test_property<is_nothrow_swappable, std::stack<int>>(true), """"",1,0,1
TYPE_P (DECL_CONTEXT (t)),1,0,1
! LOCAL_VAR_OUT_OF_SCOPE_P (decl),1,0,1
TREE_CODE (purp) == INTEGER_CST,1,0,1
gfc_state_stack->state == COMP_DERIVED_CONTAINS,1,0,1
"bin_find(m, m->top) == 0",1,0,1
!(old_ts & ~(SPECULATIVE | HARD_DEP | DEP_CONTROL | DEP_POSTPONED)) && (old_ts == HARD_DEP || old_ts == DEP_POSTPONED || (old_ts & SPECULATIVE) || old_ts == DEP_CONTROL),1,0,1
base_binfo,1,0,1
loop->cond_code == fd->loop.cond_code,1,0,1
exit == single_dom_exit (loop),1,0,1
ff->sync_sp != NULL,1,0,1
TREE_CODE (aggr_type) == ARRAY_TYPE || TREE_CODE (aggr_type) == VECTOR_TYPE,1,0,1
_M_alpha > 0,1,0,1
token->type == CPP_COMMA,1,0,1
p != MAP_FAILED,1,0,1
"test_property<is_nothrow_swappable, ns3::SwapNoThrow>(true), """"",1,0,1
!(ds & SPECULATIVE),1,0,1
"__builtin_cpu_is (""westmere"") >= 0",1,0,1
parent_ff->rightmost_child == child_ff,1,0,1
gs0 && gs1 && is_gimple_assign (gs0) && is_gimple_assign (gs1),1,0,1
"!(*reg_equivs)[check_regno].ARRAY || !loc_mentioned_in_p (r->where, (*reg_equivs)[check_regno].ARRAY)",1,0,1
subreg_regno (op) < FIRST_PSEUDO_REGISTER,1,0,1
2 * GET_MODE_NUNITS (wmode) == nunits,1,0,1
parm_depth == arg_depth,1,0,1
"CONST_INT_P (XEXP (addr, 0))",1,0,1
TYPE_MAX_VALUE (type) == TYPE_MAX_VALUE (TYPE_MAIN_VARIANT (type)),1,0,1
asan_shadow_set != -1 && (ASAN_RED_ZONE_SIZE >> ASAN_SHADOW_SHIFT) == 4,1,0,1
new_callee,1,0,1
m_parenthesized_string,1,0,1
req != -1,1,0,1
ss_type == GFC_SS_SECTION,1,0,1
TREE_CODE_CLASS (tcode) == tcc_comparison,1,0,1
ref && ref->type == REF_COMPONENT,1,0,1
!m->fs.sp_valid || m->fs.sp_offset == frame.stack_pointer_offset,1,0,1
max_depth > 0,1,0,1
argno < PP_NL_ARGMAX,1,0,1
failure == 0 || failure == 3,1,0,1
nops >= 2,1,0,1
path->length () == 0,1,0,1
insn == cur_insn,1,0,1
!edge_new,1,0,1
DECL_STATIC_CHAIN (i->context),1,0,1
TREE_CODE (expression) == OVERLOAD || TREE_CODE (expression) == FUNCTION_DECL,1,0,1
retaddr_reg != NULL_RTX,1,0,1
"TREE_CODE (decl) != TYPE_DECL || !no_linkage_check (TREE_TYPE (decl), true)",1,0,1
DECL_RTL_SET_P (__d),1,0,1
ss_info->refcount == 0,1,0,1
!model->grp_unscalarizable_region,1,0,1
TYPE_NAME (left_base_type) && TYPE_NAME (left_base_type) == TYPE_NAME (right_base_type),1,0,1
BINFO_TYPE (TYPE_BINFO (val->type)) == type,1,0,1
TREE_CODE (type) == RECORD_TYPE || pos == 0,1,0,1
"""cpu=fix""",1,0,1
repl_code == PLUS_EXPR,1,0,1
(loc_note == NULL_RTX && call_insn != NULL_RTX) || (loc_note != NULL_RTX && call_insn == NULL_RTX),1,0,1
gdk_pixbuf_get_bits_per_sample (pixbuf) == 8,1,0,1
(a != b) == (sreal (a) != sreal (b)),1,0,1
outerc,1,0,1
ss->parent != NULL,1,0,1
edge_time <= callee_info->time,1,0,1
POINTER_TYPE_P (treeop0_type),1,0,1
"__builtin_cpu_is (""intel"")",1,0,1
last_arg->expr->ts.type == BT_CLASS || last_arg->expr->ts.type == BT_DERIVED,1,0,1
two_passes && current_pass == 1,1,0,1
constraints.length() == noutputs + ninputs,1,0,1
formatters[argno] == formatters[argno+1],1,0,1
s2var->onepart,1,0,1
JUMP_P (branch),1,0,1
(size_mask & 0xff) == outer_type->size,1,0,1
SCALAR_FLOAT_MODE_P (arg1_mode),1,0,1
code && code->expr1,1,0,1
"SOURCE_LINE (map, r) == to_line",1,0,1
attr < ATTR_LAST,1,0,1
mask_mode != VOIDmode,1,0,1
!TREE_USED (fn),1,0,1
lra_former_scratch_p (regno),1,0,1
"!operand_rank->put (e, rank)",1,0,1
"!sd_lists_empty_p (jump, SD_LIST_BACK)",1,0,1
ns->parent && ns->parent->proc_name,1,0,1
!get_constraints (t),1,0,1
GET_MODE_SIZE (GET_MODE (op)) <= GET_MODE_SIZE (GET_MODE (SUBREG_REG (op))),1,0,1
total_sz_in == total_sz_out,1,0,1
!TARGET_NO_TOC,1,0,1
! TYPE_IS_WIDE (type),1,0,1
rl->secondary_in_reload < 0,1,0,1
max_size >= 0,1,0,1
elem_size && tree_fits_shwi_p (elem_size),1,0,1
TREE_TYPE (args[1]) == type,1,0,1
*slot1 == NULL,1,0,1
from_as == ADDR_SPACE_GENERIC || from_as == ADDR_SPACE_EA,1,0,1
TREE_CODE_CLASS (code) == tcc_unary || TREE_CODE_CLASS (code) == tcc_binary || TREE_CODE_CLASS (code) == tcc_reference,1,0,1
"XEXP (label_note, 0) == LABEL_REF_LABEL (SET_SRC (label_set))",1,0,1
int_no == 0 && *startp != L_('0'),1,0,1
!list->dw_loc_next || list->ll_symbol,1,0,1
OMP_CLAUSE_SHARED_FIRSTPRIVATE (c) || is_global_var (OMP_CLAUSE_DECL (c)),1,0,1
(ep->to_rtx != stack_pointer_rtx) || (ep->from < FIRST_PSEUDO_REGISTER && fixed_regs [ep->from]),1,0,1
elts->length () == 2,1,0,1
char_ref->next == NULL,1,0,1
list2->references == old_references,1,0,1
level == 2,1,0,1
"1, v[8]",1,0,1
"sched_insns_conditions_mutex_p (insn, link)",1,0,1
r.a[1] == 0x7ff7,1,0,1
!STMT_VINFO_STRIDED_P (stmt_info) || gap == 0,1,0,1
((*path)[i]->e->flags & EDGE_DFS_BACK) == 0,1,0,1
TREE_CODE_CLASS (code) == tcc_unary || TREE_CODE_CLASS (code) == tcc_binary || TREE_CODE_CLASS (code) == tcc_comparison || TREE_CODE_CLASS (code) == tcc_reference || TREE_CODE_CLASS (code) == tcc_expression || TREE_CODE_CLASS (code) == tcc_exceptional || TREE_CODE_CLASS (code) == tcc_declaration,1,0,1
subreg_mode == QImode || subreg_mode == HImode,1,0,1
!sel_bb_empty_p (e->src) && !single_pred_p (orig_dest),1,0,1
!distribute && !taskloop,1,0,1
expr->symtree->n.sym->attr.assign == 1,1,0,1
live_available,1,0,1
VAR_OR_FUNCTION_DECL_P (t) || TREE_CODE (t) == TYPE_DECL,1,0,1
m_inner_block,1,0,1
!want_value && (TREE_CODE (*to_p) == VAR_DECL || TREE_CODE (*to_p) == MEM_REF),1,0,1
TREE_CODE (from) == CONSTRUCTOR && vec_safe_is_empty (CONSTRUCTOR_ELTS (from)),1,0,1
"test_property<is_nothrow_swappable, std::tuple<int>>(true), """"",1,0,1
!CALL_WITH_BOUNDS_P (exp),1,0,1
(flags & EDGE_CROSSING) == 0,1,0,1
TREE_CODE (arg) == PARM_DECL && (POINTER_TYPE_P (TREE_TYPE (arg)) || TREE_CODE (TREE_TYPE (arg)) == OFFSET_TYPE),1,0,1
profile_info->runs,1,0,1
dlname,1,0,1
vector_b->rank == 1,1,0,1
 container.crbegin() != container.crend() ,1,0,1
"test_property<is_nothrow_swappable, int[1]>(true), """"",1,0,1
ndfa_flag,1,0,1
"et_below (f, e)",1,0,1
d != code_pattern,1,0,1
subword,1,0,1
lowered,1,0,1
REGNO (mask) == REGNO (scratch),1,0,1
single_pred_edge (bb),1,0,1
dumpname,1,0,1
r2->finish + 1 < r1->start,1,0,1
"REG_P (XEXP (tmp, 0))",1,0,1
"""\""before\\tafter\"""", ""before\tafter""",1,0,1
vtbl_mangled_name_types->length() == vtbl_mangled_name_ids->length(),1,0,1
__rank >= 0,1,0,1
"""cpu=m32c""",1,0,1
!(flags & (ECF_LOOPING_CONST_OR_PURE | ECF_MAY_BE_ALLOCA | ECF_SIBCALL | ECF_NOVOPS)),1,0,1
op0 == constm1_rtx,1,0,1
4 == GET_MODE_SIZE (GET_MODE (dest)),1,0,1
BB_HEAD (empty_bb) == BB_END (empty_bb) || LABEL_P (BB_HEAD (empty_bb)),1,0,1
ff->is_call_child,1,0,1
"!node->transparent_alias || !node->definition || node->weakref || TREE_CHAIN (DECL_ASSEMBLER_NAME (decl)) || symbol_table::assembler_names_equal_p (IDENTIFIER_POINTER (DECL_ASSEMBLER_NAME (decl)), IDENTIFIER_POINTER (DECL_ASSEMBLER_NAME (node->get_alias_target ()->decl)))",1,0,1
!this->m_head,1,0,1
TREE_CODE (lhstype) != REFERENCE_TYPE,1,0,1
VAR_P (val_vtbl_decl),1,0,1
TYPE_USER_ALIGN (t),1,0,1
base == NULL_RTX || REG_P (base),1,0,1
size < GET_MODE_SIZE (shape.inner_mode),1,0,1
"__c <= (__detail::_Shift<_UIntType, __w>::__value - 1), ""template argument substituting __c out of bound""",1,0,1
"__builtin_cpu_supports (""avx512f"") >= 0",1,0,1
AGGREGATE_TYPE_P (TREE_TYPE (arg)),1,0,1
TREE_CODE (current_class) == RECORD_TYPE,1,0,1
!dependent_type_p (type),1,0,1
cpref != NULL,1,0,1
"dwf_regno (XEXP (src, 1)) == cur_trace->cfa_temp.reg",1,0,1
onoff == 0 || onoff == 1,1,0,1
VINSN_RHS (x),1,0,1
instance_field_count == (int) vec_safe_length (instance_fields),1,0,1
mem && GET_CODE (mem) == MEM,1,0,1
r.a[7] == 10,1,0,1
tree_contains_struct[TYPE_DECL][TS_TYPE_DECL],1,0,1
TREE_CODE (lse.expr) == POINTER_PLUS_EXPR || TREE_CODE (lse.expr) == ARRAY_REF,1,0,1
"(rsize) <= 2 * _FP_W_TYPE_SIZE, ""rsize too large""",1,0,1
GET_CODE (op) == SYMBOL_REF,1,0,1
submode == mode,1,0,1
LOW_S < ARG_S < HI_S && LOW_C < ARG_C < HI_C,1,0,1
targetm.generate_version_dispatcher_body,1,0,1
parent_die && parm_pack,1,0,1
TREE_CODE (arg_parms) == TREE_VEC,1,0,1
DECL_STATIC_DESTRUCTOR (this->decl),1,0,1
STMT_VINFO_NUM_SLP_USES (vinfo_for_stmt (stmt)) > 0,1,0,1
fmod != NULL_TREE,1,0,1
type == pat->type,1,0,1
ptr == y + size,1,0,1
"useless_type_conversion_p (TREE_TYPE (restmp), TREE_TYPE (TREE_TYPE (alias)))",1,0,1
operand_num >= 0,1,0,1
type == boolean_type_node,1,0,1
"test_property<is_nothrow_swappable, std::pair<int, int>>(true), """"",1,0,1
cclauses[C_OMP_CLAUSE_SPLIT_SIMD] == NULL_TREE,1,0,1
D[1][1] == 4,1,0,1
REG_P (low_dest) && REG_P (low_src),1,0,1
GET_CODE (SET_SRC (pattern)) == CONST,1,0,1
!crtl->stack_realign_finalized && crtl->stack_realign_needed,1,0,1
BB_HEAD (bb) != insn || BARRIER_P (insn) || NOTE_INSN_BASIC_BLOCK_P (insn),1,0,1
loop->parent == NULL && loop->nested == NULL,1,0,1
curr_insn_input_reloads_num < LRA_MAX_INSN_RELOADS,1,0,1
"NULL, BB_HEAD (entry)",1,0,1
"subgraph_nodes[0], get_immediate_dominator (CDI_DOMINATORS, subgraph_nodes[i])",1,0,1
"4, >, 3, >>, 2, 1, 0, 1",1,0,1
"point.contains_point (8, 1)",1,0,1
bs1 == 32 || ((unsigned HOST_WIDE_INT) 1 << bs1) > mask,1,0,1
TREE_CODE (data.stmts[0]) == DECL_EXPR && TREE_CODE (data.stmts[1]) == DECL_EXPR,1,0,1
"BITSET_P (cfun->machine->frame.mask, RETURN_ADDR_REGNUM)",1,0,1
"""Gtk"", ""gtkcssstylepropertyimpl.c"", 87, ((const char*) (__PRETTY_FUNCTION__)), ""value_type == NONE || query_value != NULL""",1,0,1
single_pred_edge (phi_bb)->src->loop_father != single_pred_edge (phi_bb)->dest->loop_father,1,0,1
"__builtin_cpu_is (""atom"") >= 0",1,0,1
tmp1 != tmp3,1,0,1
GET_MODE_SIZE (GET_MODE (in)) <= GET_MODE_SIZE (inmode),1,0,1
MEM_P (result_rtl),1,0,1
"dominated_by_p (CDI_DOMINATORS, e->src, entry)",1,0,1
!arm_ccfsm_state || reverse,1,0,1
recog_memoized (pre_insn) == expected,1,0,1
(reg_inuse & (1 << (R))) != 0,1,0,1
GC_first_nonempty >= GC_mark_stack && GC_first_nonempty <= GC_mark_stack_top + 1,1,0,1
base == decl && (offset == NULL_TREE || TREE_CODE (offset) == INTEGER_CST),1,0,1
smode != VOIDmode,1,0,1
sel_bb_head (recovery_block) == jump,1,0,1
expr->ts.type == BT_CHARACTER && ts->type == BT_CHARACTER,1,0,1
"test_property<is_nothrow_swappable, std::tuple<>[1][2]>(true), """"",1,0,1
ptr->tune < PROCESSOR_max,1,0,1
"!loop || !nested_in_vect_loop_p (loop, stmt)",1,0,1
arg[pos].type != NOTYPE,1,0,1
x87_regs[0]._ldouble == 42,1,0,1
k >= 1,1,0,1
"bb_d, get_immediate_dominator (CDI_POST_DOMINATORS, bb_c)",1,0,1
"d[0], trunc (c2)",1,0,1
BLOCK_FOR_INSN (insn)->prev_bb != BLOCK_FOR_INSN (last_scheduled_insn),1,0,1
"1, bb2->preds->length ()",1,0,1
fallback == fb_none,1,0,1
int_no <= (uintmax_t) (INTMAX_MAX + MIN_EXP - MANT_DIG) / 4,1,0,1
version_attr != NULL_TREE,1,0,1
init_vec != NULL,1,0,1
GET_MODE_BITSIZE (from_mode) == GET_MODE_BITSIZE (to_mode),1,0,1
cfa_restores == NULL,1,0,1
tree_contains_struct[FUNCTION_DECL][TS_DECL_NON_COMMON],1,0,1
union_or_struct_p (t),1,0,1
!plus,1,0,1
die->die_child,1,0,1
"2, <<, 4, +, 3, 256, 35, 256",1,0,1
val->derived_types.length() == 0,1,0,1
nfiles <= num_gt_files,1,0,1
!existed,1,0,1
((_Bool) 8 / 4) == 0,1,0,1
orig_child_fndecl,1,0,1
single_pred_p (bb) && !(bb->flags & BB_VISITED),1,0,1
"parse_in, ""cpu=sparc""",1,0,1
"et_below (c, b)",1,0,1
"INTEGER_CST, TREE_CODE (one)",1,0,1
c.offset == 0,1,0,1
!DECL_STRUCT_FUNCTION (new_decl),1,0,1
"2, bb2->index",1,0,1
current_function_decl == NULL_TREE || DECL_FILE_SCOPE_P (current_function_decl) || (TREE_CODE (DECL_CONTEXT (current_function_decl)) == NAMESPACE_DECL),1,0,1
!CALL_EXPR_ORDERED_ARGS (*expr_p),1,0,1
nelts == VECTOR_CST_NELTS (arg0),1,0,1
"(C), C99_UNSUF_DEC_TYPE((C))",1,0,1
"EDGE_COUNT (ENTRY_BLOCK_PTR_FOR_FN (cfun)->succs) == 1 && (EDGE_SUCC (ENTRY_BLOCK_PTR_FOR_FN (cfun), 0)->dest == ENTRY_BLOCK_PTR_FOR_FN (cfun)->next_bb)",1,0,1
NEXT_INSN (NEXT_INSN (PREV_INSN (start_insn))) == NEXT_INSN (this_insn),1,0,1
"len <= sizeof (name) - sizeof (""__st_parameter_"")",1,0,1
saved_asm_out_file,1,0,1
gimple_code (sections_stmt) == GIMPLE_OMP_SECTIONS,1,0,1
WORD_REGISTER_OPERATIONS || !MEM_P (out) || GET_MODE_SIZE (GET_MODE (out)) <= GET_MODE_SIZE (outmode),1,0,1
new_template == most_general_template (new_template),1,0,1
TREE_CODE (target) == FUNCTION_DECL || TREE_CODE (target) == IDENTIFIER_NODE,1,0,1
*index < max,1,0,1
loc_insn,1,0,1
single_pred_edge (latch)->src == bb,1,0,1
!src_outside_rgn || flag_sel_sched_pipelining_outer_loops,1,0,1
 __sec_reduce_add(z[0:n])==0 ,1,0,1
reg_info_size >= max_reg_num (),1,0,1
"!TYPE_PTRMEMFUNC_P (type0) || !same_type_p (TYPE_PTRMEMFUNC_FN_TYPE (type0), type1)",1,0,1
linkage.dw_attr == DW_AT_linkage_name || linkage.dw_attr == DW_AT_MIPS_linkage_name,1,0,1
fallback & fb_rvalue,1,0,1
TREE_TYPE (mask) == type,1,0,1
dst == operands[0],1,0,1
alias->icf_merged || remove || redirect_callers,1,0,1
TREE_CODE (TREE_TYPE (tmp)) == ARRAY_TYPE && ref->u.ar.type == AR_ELEMENT,1,0,1
reg_rename_p,1,0,1
node && node->registered,1,0,1
"GET_CODE (XEXP (SET_SRC (XVECEXP (op, 0, 0)), 0)) == REG",1,0,1
GROUP_FIRST_ELEMENT (vinfo_for_stmt (first_stmt)) == first_stmt,1,0,1
parent_a1 != NULL && parent_a2 != NULL,1,0,1
"__builtin_cpu_is (""skylake-avx512"")",1,0,1
dest->m_type == BRIG_TYPE_U32,1,0,1
current_frame_info.total_size || !gmask,1,0,1
arg_type,1,0,1
"rs6000_offsettable_memref_p (dst, reg_mode)",1,0,1
best_distance < m_best_distance,1,0,1
(!node && !*nextp) || node->loc == (*nextp)->loc,1,0,1
argc > 1,1,0,1
postorder.length () == (unsigned) nq,1,0,1
sym->ts.u.cl,1,0,1
!IS_ABSOLUTE_PATH (tooldir_base_prefix),1,0,1
r.a[4] == -55,1,0,1
n == codim - 1,1,0,1
t == TYPE_MAIN_VARIANT (t),1,0,1
!this_insn || (!BARRIER_P (this_insn) && !LABEL_P (this_insn)),1,0,1
current_function_decl == decl_function_context (subprog_decl),1,0,1
iter->var->expr_type == EXPR_VARIABLE,1,0,1
edge_time >= 0,1,0,1
*expr_p == expr || ret != GS_ALL_DONE,1,0,1
"bitmap_equal_p (&eh_block_artificial_uses, &df->eh_block_artificial_uses)",1,0,1
decl == current_function_decl,1,0,1
DECL_ABSTRACT_ORIGIN (expr) != error_mark_node,1,0,1
GET_MODE_PRECISION (wanted_mode) == GET_MODE_BITSIZE (wanted_mode),1,0,1
chrec,1,0,1
!typedef_variant_p (result),1,0,1
get_init_priority() == priority,1,0,1
tmp_arch,1,0,1
!scc_p || code == EQ || code == GT || code == LT || code == UNORDERED || code == GTU || code == LTU,1,0,1
!double_reduc,1,0,1
w->pedigree.parent->parent == NULL,1,0,1
mode == SFmode || mode == DFmode,1,0,1
GET_CODE (rt) == DEFINE_INSN || GET_CODE (rt) == DEFINE_EXPAND,1,0,1
s->h,1,0,1
"wrapped_expr, result",1,0,1
ix <= length (),1,0,1
"TREE_LIST, TREE_CODE (arg1)",1,0,1
r.a[5] == 60,1,0,1
!DECL_INITIAL (decl) || (node->alias && node->get_alias_target () == real_node) || DECL_INITIAL (decl) == error_mark_node,1,0,1
"insn_operand_matches (icode, 0, test)",1,0,1
"2, /, 2, /, 2, 0, 0, 2",1,0,1
prev_opt,1,0,1
"entry_bb != exit_bb && (!exit_bb || dominated_by_p (CDI_DOMINATORS, exit_bb, entry_bb))",1,0,1
"et_below (d, f)",1,0,1
!TREE_ADDRESSABLE (callee_type),1,0,1
nconds && conds.exists (),1,0,1
r2,1,0,1
decl->mode != dm_automaton || DECL_AUTOMATON (decl)->name,1,0,1
!DEBUG_INSN_P (insn_info->insn),1,0,1
targ_options,1,0,1
w->l->original_pedigree_leaf == NULL,1,0,1
matrix->rank == 2,1,0,1
conflicts->nsyms + out == t->nsyms,1,0,1
amd->mem_mode != VOIDmode,1,0,1
GET_MODE_SIZE (data_mode) == GET_MODE_SIZE (mode),1,0,1
in_src_not_tgt,1,0,1
"__w <= std::numeric_limits<_UIntType>::digits, ""template argument substituting __w out of bound""",1,0,1
m_x_offset >= 0,1,0,1
ALLOCNO_UPDATED_HARD_REG_COSTS (allocno) == NULL,1,0,1
"!bitmap_intersect_p (tmp, sccs->sccs[i]->nodes)",1,0,1
hard_regno_nregs[xregno][xmode] == (hard_regno_nregs[xregno][xmode_unit] * GET_MODE_NUNITS (xmode)),1,0,1
name2 != NULL,1,0,1
!quote,1,0,1
REGNO (pic_offset_table_rtx) != tmp_regno,1,0,1
gfc_is_coindexed (rhs_expr),1,0,1
result -> hash[i] == 0,1,0,1
! allocno_p,1,0,1
tree_contains_struct[PARM_DECL][TS_DECL_COMMON],1,0,1
GET_CODE (dexp) == SET,1,0,1
"6, n_edges_for_fn (fun)",1,0,1
"test_property<is_swappable, construct::Any>(true), """"",1,0,1
"test_property<is_swappable, funny::F3[1][2][3]>(true), """"",1,0,1
!EDGE_COUNT (bb->succs),1,0,1
recog_data.n_alternatives <= MAX_RECOG_ALTERNATIVES,1,0,1
(precision & (precision - 1)) == 0,1,0,1
latest_undo_chgset->syms.is_empty (),1,0,1
(VA_LIST_MAX_FPR_SIZE & 3) == 3,1,0,1
(a < b) == (sreal (a) < sreal (b)),1,0,1
0 < n && n <= MAX_DIM,1,0,1
ALLOCNO_LOOP_TREE_NODE (cp->first) == ira_loop_tree_root && ALLOCNO_LOOP_TREE_NODE (cp->second) == ira_loop_tree_root,1,0,1
"wi::eq_p (tree (*slot), t)",1,0,1
!find_btr_use (&src),1,0,1
GET_CODE (pat_src) == COMPARE,1,0,1
dv_onepart_p (dv) != NOT_ONEPART,1,0,1
REGNO (cc_reg) == SPARC_FCC_REG,1,0,1
"2, +, 3, +, 4, 9, 9, 9",1,0,1
!partition_reduction_p (partition) || !copy_p,1,0,1
last_bb == bb,1,0,1
"test_property<is_swappable, std::queue<int>[1]>(true), """"",1,0,1
"EDGE_PRED (bb, 0)->dest == bb",1,0,1
nr_blocks >= 1,1,0,1
!DECL_DECLARED_CONCEPT_P (d),1,0,1
CLASS_TYPE_P (t),1,0,1
entity > EPIPHANY_MSW_ENTITY_CONFIG,1,0,1
mode != VOIDmode || (GET_MODE (op0) == VOIDmode && GET_MODE (op1) == VOIDmode),1,0,1
"test_property<is_nothrow_swappable, int[][1]>(false), """"",1,0,1
sizeof (long double) == 16,1,0,1
!sel_bb_empty_p (new_bb),1,0,1
entry_edge && initial_value && stride && upper_bound && iv,1,0,1
"ptrofftype_p (chrec_type (poly1)) && useless_type_conversion_p (type, chrec_type (poly0))",1,0,1
r.a[2] == UINT8x8_MAX,1,0,1
"__builtin_cpu_supports (""sse3"")",1,0,1
!is_latch || !add_irreducible_flag,1,0,1
"v_ip, 0, volatile int *",1,0,1
!arglist || TREE_CODE (arglist) == TREE_VEC,1,0,1
(stack_realign_drap != 0) == (drap_rtx != NULL),1,0,1
TREE_CODE (expression) != TYPE_DECL,1,0,1
is_tm_load (stmt) || is_tm_store (stmt),1,0,1
v3 == C1,1,0,1
postorder[g->n_vertices - 1] == entry,1,0,1
overriding->n.tb,1,0,1
code->op == EXEC_FORALL,1,0,1
(sizeof(oh) & (2 * sizeof(word) - 1)) == 0,1,0,1
SWITCH_LABELS (switch_expr),1,0,1
(!cfun && !current_function_decl) || (cfun && current_function_decl == cfun->decl),1,0,1
mode != BLKmode && (GET_MODE (val) == mode || GET_MODE (val) == VOIDmode),1,0,1
alias_template_specialization_p (t),1,0,1
CONST_INT_P (off) && (INTVAL (off) & (GET_MODE_SIZE (mem_mode) - 1)) == 0,1,0,1
var->refcount == 1,1,0,1
!PACK_EXPANSION_EXTRA_ARGS (arg),1,0,1
alloca->operand_count () == 2,1,0,1
!strict || lra_in_progress,1,0,1
diff_stmt_vinfo,1,0,1
"vec_pos = XVECLEN (pat, 0)",1,0,1
vec_cmp_insn != -1,1,0,1
vfy_is_primitive (klass),1,0,1
"""get_value() is not allowed on ostream reducers"" && 0",1,0,1
context->parent,1,0,1
var_escaped->id == escaped_id,1,0,1
(STMT_VINFO_RELEVANT_P (exit_phi_vinfo) && !STMT_VINFO_LIVE_P (exit_phi_vinfo)) || double_reduc,1,0,1
f2 () == 0x12345678,1,0,1
INSN_SCHED_CYCLE (pro_insn) > 0,1,0,1
"dominated_by_p (CDI_DOMINATORS, ba, bp)",1,0,1
decl == NULL_TREE,1,0,1
old_bb == e->dest,1,0,1
expr2->ts.type == BT_CLASS || expr2->ts.type == BT_DERIVED,1,0,1
"2, /, 3, -, 4, -4, -4, -2",1,0,1
!all->extra_pretend_bytes && !all->pretend_args_size,1,0,1
adjust == val || adjust == -val,1,0,1
TREE_CODE (declarator->u.pointer.class_type) != NAMESPACE_DECL,1,0,1
GET_MODE_BITSIZE (mode) == GET_MODE_BITSIZE (oldmode),1,0,1
gimple_code (stmt) == GIMPLE_OMP_ATOMIC_STORE,1,0,1
cinuse(p),1,0,1
(word)(-1) > (word)0,1,0,1
!TYPE_HAS_COMPLEX_DFLT (t),1,0,1
change_region || new_lp->region == old_lp->region,1,0,1
"NULL, TREE_CHAIN (argtypes)",1,0,1
cilkg_singleton_ptr,1,0,1
"__builtin_cpu_supports (""ssse3"") >= 0",1,0,1
"gimple_can_coalesce_p (var1, var2)",1,0,1
2 == GET_MODE_SIZE (GET_MODE (dest)),1,0,1
saw[2] != 0,1,0,1
"!TEST_HARD_REG_BIT (rws_insn, regno)",1,0,1
superset == ADDR_SPACE_GENERIC || superset == ADDR_SPACE_EA,1,0,1
"SELFTEST_LOCATION, (TOK), (EXP_FILENAME), (EXP_LINENUM), (EXP_START_COL), (EXP_FINISH_COL)",1,0,1
"2, +, 3, -, 4, 1, 1, 1",1,0,1
"__builtin_cpu_supports (""sse3"") >= 0",1,0,1
sum != 0,1,0,1
expr->expr_type == EXPR_VARIABLE && expr->symtree,1,0,1
TREE_CODE (fn_type) == FUNCTION_TYPE || TREE_CODE (fn_type) == METHOD_TYPE,1,0,1
j < n,1,0,1
ORIG_PAT (insn) != NULL_RTX,1,0,1
ARC_CC_C == ARC_CC_LO,1,0,1
prev->die_sib == old_child,1,0,1
gimple_uid (s1) && gimple_uid (s2),1,0,1
"test_property<is_nothrow_swappable, ns5::SwapThrow>(false), """"",1,0,1
operand_reg[i] != NULL_RTX,1,0,1
ss_type == GFC_SS_INTRINSIC,1,0,1
fn != NULL && DECL_FUNCTION_VERSIONED (fn),1,0,1
r.a[2] == 0x000f,1,0,1
*ppath <= before,1,0,1
(unsigned) nargs <= sizeof(args)/sizeof(args[0]),1,0,1
"SELFTEST_LOCATION, ""normal \33[01;31m\33[Kcolored\33[m\33[K normal 12345678"", ""normal %rcolored%R normal %x"", ""error"", 0x12345678",1,0,1
cl->backend_decl != NULL_TREE,1,0,1
"GET_CODE (XEXP (addr, 1)) == MULT",1,0,1
lp->post_landing_pad,1,0,1
cl->cost_one_list == NULL,1,0,1
"et_below (d, b)",1,0,1
"loc, expected, true, fmt, &ap",1,0,1
other != head,1,0,1
TREE_CODE (record) == RECORD_TYPE,1,0,1
(REGNO (operands[1]) != IP_REGNUM) || (TARGET_ARM && TARGET_LDRD),1,0,1
first->expr_type == EXPR_CONSTANT,1,0,1
build_uses.length () == 0,1,0,1
bb != NULL || reload_completed,1,0,1
alloc < desired,1,0,1
TREE_CODE (op1) == SSA_NAME,1,0,1
b[i] == -2,1,0,1
object != error_mark_node,1,0,1
n >= 2,1,0,1
"strncmp((char *)tag, rsrv_data[card].owner, ORSL_MAX_TAG_LEN) == 0",1,0,1
(misalign & ~(align - 1)) == 0,1,0,1
i == operands.length (),1,0,1
retval == saved_retval,1,0,1
!broken_loop || !in_combined_parallel,1,0,1
info->altivec_size == 0 || info->altivec_save_offset % 16 == 0,1,0,1
type == integer_type_node,1,0,1
cselib_preserved_value_p (v),1,0,1
"3, IDENTIFIER_LENGTH (identifier)",1,0,1
processing_explicit_instantiation,1,0,1
input_count () <= operand_count (),1,0,1
phi_arg,1,0,1
choice < ff->f->num_globals,1,0,1
!TREE_OVERFLOW (orig),1,0,1
stmt && (gimple_code (stmt) == GIMPLE_OMP_PARALLEL || gimple_code (stmt) == GIMPLE_OMP_TASK),1,0,1
sf == fdata->resume_sf,1,0,1
state->state == 0,1,0,1
__rank < __nn,1,0,1
r.a[1] == 0x7ffffff7,1,0,1
cfun->decl == outer,1,0,1
args == NULL || vec_safe_is_empty (*args),1,0,1
!DECIMAL_FLOAT_MODE_P (inner),1,0,1
ss->info->type == GFC_SS_SECTION,1,0,1
(expr->value.function.isym->id == GFC_ISYM_LBOUND || expr->value.function.isym->id == GFC_ISYM_UBOUND) && expr->value.function.actual->next->expr == NULL && expr->value.function.actual->expr->rank == -1,1,0,1
DECL_P (field),1,0,1
!is_gimple_omp_oacc (ctx->stmt) || !task_copy,1,0,1
lab != NULL_RTX,1,0,1
!builtin_decl_explicit (DECL_FUNCTION_CODE (clone->decl)),1,0,1
"test_property<is_nothrow_swappable, void()>(false), """"",1,0,1
!insn_rec->mw_hardregs,1,0,1
insn == NEXT_INSN (end),1,0,1
sym->ts.u.cl && sym->ts.u.cl->length,1,0,1
BITS_PER_UNIT % value_bit == 0,1,0,1
chain->n_reloads == n_reloads,1,0,1
"2, >>, 5, >=, 4, 0, 0, 1",1,0,1
compilation_unit_data_initialized,1,0,1
jclass,1,0,1
GET_CODE (const_vector) == CONST_VECTOR,1,0,1
 container.crbegin() == container.rbegin() ,1,0,1
r.a[1] == -6,1,0,1
POINTER_TYPE_P (caf_type),1,0,1
e->aux == NULL,1,0,1
first_nws,1,0,1
(unsigned) rgn < loop_nests.length (),1,0,1
opmask < (1u << n),1,0,1
!TREE_STATIC (t) && !TREE_ASM_WRITTEN (t),1,0,1
code->expr3->expr_type == EXPR_VARIABLE,1,0,1
"""cpu=tile""",1,0,1
remaining < 4,1,0,1
EDGE_COUNT (region->entry->succs) == 2,1,0,1
!get_alias_set_entry (set),1,0,1
type_with_alias_set_p (type),1,0,1
gfc_fl_struct (sym->attr.flavor) && symtree->n.sym->attr.flavor == FL_PROCEDURE,1,0,1
!DECL_CONSTRUCTOR_P (cand1->fn),1,0,1
flag_coarray != GFC_FCOARRAY_SINGLE,1,0,1
i == 0 && regclass[1] == X86_64_SSEUP_CLASS && regclass[2] == X86_64_SSEUP_CLASS && regclass[3] == X86_64_SSEUP_CLASS && regclass[4] == X86_64_SSEUP_CLASS && regclass[5] == X86_64_SSEUP_CLASS && regclass[6] == X86_64_SSEUP_CLASS && regclass[7] == X86_64_SSEUP_CLASS,1,0,1
arr_b[i] == (i ^ 1023) * 8,1,0,1
TREE_CODE (rhs) == ADDR_EXPR || TREE_CODE (rhs) == COMPONENT_REF || is_overloaded_fn (rhs) || (flag_ms_extensions && TREE_CODE (rhs) == FUNCTION_DECL),1,0,1
DECL_INITIAL (decl1),1,0,1
current_pass->static_pass_number >= 0,1,0,1
"__builtin_cpu_is (""broadwell"")",1,0,1
has_dep_p[DEPS_IN_LHS],1,0,1
filenamesize > lendir,1,0,1
sel,1,0,1
TREE_CODE (gimple_call_lhs (call)) == SSA_NAME,1,0,1
tree_contains_struct[TYPE_DECL][TS_DECL_WITH_VIS],1,0,1
amount >= 0,1,0,1
_M_lambda > 0,1,0,1
m_char_array_type_node,1,0,1
symtree1 == root1,1,0,1
STMT_VINFO_DATA_REF (stmt_info) || is_pattern_stmt_p (stmt_info) || !gsi_end_p (pattern_def_si),1,0,1
dispatch_decl != NULL,1,0,1
decl1->mode == dm_insn_reserv && DECL_INSN_RESERV (decl1)->name && decl2->mode == dm_insn_reserv && DECL_INSN_RESERV (decl2)->name,1,0,1
code == ASHIFT || code == ASHIFTRT || code == LSHIFTRT,1,0,1
GET_MODE (dest) == BLKmode,1,0,1
"test_property<is_swappable, DeletedMoveAssignClass>(false), """"",1,0,1
r.a[1] == 20,1,0,1
array[i - low] == switch2 (i),1,0,1
arr[i] == m,1,0,1
subreg_lowpart_p (xm),1,0,1
mode != CCEQmode || code == EQ || code == NE,1,0,1
tmp_symtree,1,0,1
gpr_base.u <= gpr_end.u,1,0,1
automata_num - automaton_num - 1 <= rest_units_num,1,0,1
TREE_CODE (var) == STRING_CST,1,0,1
PACK_EXPANSION_P (t),1,0,1
!ignore,1,0,1
is_gimple_assign (use_stmt) && gimple_assign_rhs_code (use_stmt) == MEM_REF,1,0,1
node->decl == cfun->decl,1,0,1
"et_below (e, f)",1,0,1
large_alloc == large_size,1,0,1
"GET_CODE (off) == PLUS && rtx_equal_p (reg, XEXP (off, 0))",1,0,1
!unmodified_insns.is_empty (),1,0,1
GET_CODE (loc2) != VALUE,1,0,1
"! ""Shouldn't be here...""",1,0,1
(kind & ASLK_REDUCE_ALIGN) || size == 0 || (crtl->stack_alignment_estimated >= GET_MODE_ALIGNMENT (mode)),1,0,1
node->label,1,0,1
&B[1][1] == &A[1][1],1,0,1
"op (a, b) == c, __LINE__",1,0,1
binding->type == decl,1,0,1
GET_CODE (equiv) == SUBREG,1,0,1
GET_CODE (src) == COMPARE,1,0,1
k <= ptr->_max_k,1,0,1
TREE_CODE (input) != TREE_BINFO,1,0,1
dist_ik <= dist_ij + dist_jk,1,0,1
ready.n_ready,1,0,1
"test_property<is_nothrow_swappable, const void>(false), """"",1,0,1
this != old_node,1,0,1
!int_reg_note_p (kind),1,0,1
"NULL, EXIT_BLOCK_PTR_FOR_FN (fun)->succs",1,0,1
STMT_VINFO_DEF_TYPE (stmt_vinfo) == vect_internal_def,1,0,1
"test_property<is_nothrow_swappable, funny::F[6]>(false), """"",1,0,1
n->weakref == weakref,1,0,1
GET_CODE (pat_src) == UNSPEC,1,0,1
info->subscript[dim] && info->subscript[dim]->info->type == GFC_SS_SCALAR,1,0,1
lra_reg_info[i].nrefs >= 0 && lra_reg_info[i].freq >= 0,1,0,1
"point.contains_point (7, 10)",1,0,1
e < nelt2,1,0,1
size <= 0xffff,1,0,1
"test_property<is_nothrow_swappable, void*>(true), """"",1,0,1
VINSN_INSN_RTX (vi),1,0,1
"BLOCK_REG_PADDING (GET_MODE (mem), data->passed_type, 0) == upward",1,0,1
"test_property<is_nothrow_swappable, funny::F[1]>(false), """"",1,0,1
name != dtor_identifier,1,0,1
!tf->goto_queue_map,1,0,1
"ARITHMETIC_TYPE_P (t2) || TREE_CODE (t2) == ENUMERAL_TYPE, 19990725",1,0,1
_M_spec_char,1,0,1
m_elts_per_block != 0,1,0,1
!fixed_regs[4] && !fixed_regs[5] && !global_regs[4] && !global_regs[5],1,0,1
POINTER_TYPE_P (TREE_TYPE (dest)),1,0,1
oname[0] == '_' && oname[1] == 'Z',1,0,1
rsrv_data[card].rsrv_cnt > 0,1,0,1
a[i] == b[i],1,0,1
old_frame_size == get_frame_size (),1,0,1
!control_flow_insn_p (insn),1,0,1
!REG_P (out) || !REG_P (amount) || !HARD_REGISTER_P (out) || (REGNO (out) != REGNO (amount) && REGNO (out) + 1 != REGNO (amount)),1,0,1
sym->ts.type != BT_UNION,1,0,1
ALLOCNO_CALLS_CROSSED_NUM (parent_a) >= 0 && ALLOCNO_NREFS (parent_a) >= 0 && ALLOCNO_FREQ (parent_a) >= 0,1,0,1
ss_info->expr->expr_type == EXPR_VARIABLE,1,0,1
r->cl == rvc_normal,1,0,1
"__builtin_expect(!this->empty(), true)",1,0,1
arr[i] == i + (31 - (i % 32)) * 2,1,0,1
!*dstslot,1,0,1
cst.get_precision () == TYPE_PRECISION (type),1,0,1
newss->dimen > 0 || newss->info->data.array.ref->u.ar.as->corank > 0,1,0,1
abi > FFI_FIRST_ABI && abi < FFI_LAST_ABI,1,0,1
res == 1,1,0,1
STMT_VINFO_LOOP_PHI_EVOLUTION_PART (stmt_vinfo) != NULL_TREE,1,0,1
i == (fnargs.length () - 1),1,0,1
!INSN_ASM_P (insn),1,0,1
"cpp_in, opt->arg + 1",1,0,1
"test_property<is_swappable, construct::Nontrivial>(true), """"",1,0,1
!SSA_NAME_IS_DEFAULT_DEF (name),1,0,1
cmptf_libfunc && GET_MODE (*op1) == TFmode,1,0,1
offset == NULL_TREE || TREE_CODE (offset) == INTEGER_CST,1,0,1
op1->ts.kind == op2->ts.kind,1,0,1
(char*)oldfirst > (char*)q,1,0,1
CONST_INT_P (amount),1,0,1
ilv[1].length_sensitive == ARC_LS_7 || ilv[1].length_sensitive == ARC_LS_10,1,0,1
"strip_typedefs (arg, NULL) == arg",1,0,1
"REGNO (reg) + HARD_REGNO_NREGS (A7_REG, mode) - 1 == A7_REG",1,0,1
targetm.gen_ccmp_next != NULL,1,0,1
e->ts.type == BT_DERIVED,1,0,1
TREE_CODE_CLASS (code) == tcc_vl_exp,1,0,1
delete_unused >= 0,1,0,1
!arg->special_slot,1,0,1
!stmt || is_a <cgraph_node *> (this),1,0,1
wanted_inner_mode != VOIDmode,1,0,1
xmm0d[0] == 42 && (rax & 0xff) == 43,1,0,1
pct_times_10 <= 1000,1,0,1
"(C), long long int",1,0,1
"hard_regno < 0 || ira_hard_reg_in_set_p (hard_regno, ALLOCNO_MODE (a), reg_class_contents[ALLOCNO_CLASS (a)])",1,0,1
"!is_void<_Tp>::value, ""can't delete pointer to incomplete type""",1,0,1
var_anything->id == anything_id,1,0,1
parts.disp,1,0,1
i == insn_data[icode].n_generator_args,1,0,1
GET_CODE (ADDR) == SYMBOL_REF,1,0,1
node->index != NO_INDEX_ASSIGNED && node->index != NOT_INDEXED,1,0,1
G.finalizers.length() == 1,1,0,1
"et_below (f, c)",1,0,1
ss->info->type != GFC_SS_SCALAR && ss->info->type != GFC_SS_REFERENCE,1,0,1
VAR_P (x) || TREE_CODE (x) == CONST_DECL,1,0,1
r.a[0] == 0xfffffffc,1,0,1
r.a[3] == UINT8x8_MAX,1,0,1
"1, &, 2, !=, 0, 1, 0, 1",1,0,1
insn_id && label_id,1,0,1
__alignof__(s) == ALIGNMENT,1,0,1
"!flag_pic || !external_memory_operand (low[2], SImode)",1,0,1
gimple_omp_for_kind (for_stmt) == GF_OMP_FOR_KIND_GRID_LOOP,1,0,1
cif->abi == FFI_AIX,1,0,1
a[i+j] == i/gangs,1,0,1
cfun->has_nonlocal_label,1,0,1
sinfo->res,1,0,1
"test_property<is_swappable, std::tuple<int>[1][2]>(true), """"",1,0,1
DECL_NONADDRESSABLE_P (f1) == DECL_NONADDRESSABLE_P (f2),1,0,1
"test_property<is_nothrow_swappable, ns4::SwapNoThrow[1]>(true), """"",1,0,1
"1, &, 2, ==, 0, 0, 1, 0",1,0,1
(unsigned long)&u.i == esp+4,1,0,1
!DECLTYPE_FOR_LAMBDA_CAPTURE (type) && !DECLTYPE_FOR_LAMBDA_PROXY (type),1,0,1
EXPR_SPEC_DONE_DS (INSN_EXPR (x)) == 0 && EXPR_SPEC_TO_CHECK_DS (INSN_EXPR (x)) == 0,1,0,1
GET_CODE (x) == SUBREG,1,0,1
!parm_addr->m_reg,1,0,1
c != i,1,0,1
info->first_fp_reg_save >= FIRST_SAVED_FP_REGNO && (info->first_altivec_reg_save >= FIRST_SAVED_ALTIVEC_REGNO),1,0,1
current_binding_level->kind != sk_namespace,1,0,1
code == WIDEN_MULT_EXPR || code == WIDEN_LSHIFT_EXPR,1,0,1
id < 256,1,0,1
op_n_elts == n_elts,1,0,1
t1 && t2 && TREE_CODE (t1) == TREE_CODE (t2) && (TREE_CODE (t1) == BOUND_TEMPLATE_TEMPLATE_PARM || TREE_CODE (t1) == TEMPLATE_TEMPLATE_PARM || TREE_CODE (t1) == TEMPLATE_TYPE_PARM),1,0,1
RECORD_OR_UNION_TYPE_P (type) && COMPLETE_TYPE_P (type),1,0,1
loops->exits == NULL,1,0,1
"(SELFTEST_LOCATION), (EXPECTED), (FMT), (ARG1)",1,0,1
min1 == min2,1,0,1
GET_MODE_CLASS (mode) == MODE_INT || GET_MODE_CLASS (mode) == MODE_PARTIAL_INT || GET_MODE_CLASS (mode) == MODE_VECTOR_INT || GET_MODE_CLASS (mode) == MODE_VECTOR_FLOAT || GET_MODE_CLASS (mode) == MODE_POINTER_BOUNDS,1,0,1
orig_node_count >= redirected_sum,1,0,1
"0, <, 4, >=, 3, 0, 0, 1",1,0,1
code == MULT,1,0,1
chain->type == CT_INVARIANT,1,0,1
GET_MODE (exp) == innermode,1,0,1
tkind_zero <= tree_to_uhwi (TYPE_MAX_VALUE (tkind_type)),1,0,1
!explicit_targs,1,0,1
acc_high != 0,1,0,1
d->in_worklist == false,1,0,1
phi != NULL,1,0,1
(word)(&dummy) >= (word)GC_stackbottom,1,0,1
TREE_CODE_LENGTH (code) == 5,1,0,1
set_a,1,0,1
"2, <<, 5, <=, 4, 0, 0, 2",1,0,1
!GROUP_FIRST_ELEMENT (vinfo_for_stmt (firstp)) && GROUP_FIRST_ELEMENT (vinfo_for_stmt (stmt)),1,0,1
"v_ip, (void *)0, volatile int *",1,0,1
"gsi_end_p (gsi) && !v->iterate (i, &vm)",1,0,1
e->ts.type == BT_CLASS,1,0,1
inner_stmt,1,0,1
amnt >= 0,1,0,1
"std::is_floating_point<_DInputType>::value, ""template argument must be a floating point type""",1,0,1
adjustments_count > 0,1,0,1
unchecked_union && !gnu_field_list && !gnu_rep_list,1,0,1
ret != Z_STREAM_ERROR && ret != Z_DATA_ERROR && ret != Z_NEED_DICT,1,0,1
*cur_idx == node->index,1,0,1
(unsigned int)index < set->info_ordinary.used,1,0,1
"promote_function_mode (tfom, outmode, &unsignedp, fndecl ? TREE_TYPE (fndecl) : fntype, 1) == GET_MODE (valreg)",1,0,1
TREE_CODE (orig_for_stmt) == OMP_FOR,1,0,1
changed_bbs == NULL,1,0,1
"f[4], truncf (c1)",1,0,1
"test_property<is_swappable, void()>(false), """"",1,0,1
"bitmap_equal_p (&saved_def, &bb_info->def)",1,0,1
TREE_CODE (t) == CONST_DECL,1,0,1
GC_is_marked(GC_base(smashed)),1,0,1
base->common.flags & SECTION_NAMED,1,0,1
method_return_type == boolean_type_node,1,0,1
index,1,0,1
gimple_cond_rhs (cond_stmt) == nit,1,0,1
*ref == sym,1,0,1
child->die_parent == prev->die_parent,1,0,1
REGNO (reg) != R0_REGNUM,1,0,1
nargs == 2 || nargs == 3,1,0,1
"test_property<is_swappable, std::pair<int, int>[1]>(true), """"",1,0,1
n < len,1,0,1
!(minus_two < minus_two),1,0,1
"test_property<is_swappable, std::priority_queue<construct::Nontrivial>>(true), """"",1,0,1
d_t == TRUE_DEP,1,0,1
!winner,1,0,1
sel_bb_end_p (insn),1,0,1
DECL_CONTEXT (sym->backend_decl) == DECL_CONTEXT (length),1,0,1
"0, retval",1,0,1
REG_P (oloc) || MEM_P (oloc),1,0,1
GET_CODE (SET_SRC (set)) == COMPARE,1,0,1
TREE_CODE (result) == INTEGER_CST,1,0,1
isxdigit(*end_start),1,0,1
c->expr->expr_type == EXPR_CONSTANT && c->expr->ts.type == BT_INTEGER,1,0,1
tree_contains_struct[VAR_DECL][TS_DECL_WITH_VIS],1,0,1
sizeof(__cilkrts_pedigree_context_t) == sizeof(pedigree_context_t),1,0,1
operands[1] == CONST0_RTX (GET_MODE (operands[0])),1,0,1
ff->fiber_self == fiber,1,0,1
!compare_debug_opt,1,0,1
code0 == MEM && code1 == REG,1,0,1
ret == u.r && ret == var,1,0,1
(len & 3) == 0,1,0,1
(HOST_WIDE_INT_MAX) / x >= y,1,0,1
REG_P (dst) && GET_MODE (dst) == TImode,1,0,1
b->level_chain == current_binding_level,1,0,1
bb == gimple_bb (phi),1,0,1
m_option_suggestions == NULL,1,0,1
"TREE_CODE (TREE_OPERAND (expr, 0)) == ADDR_EXPR",1,0,1
"2, %, 9, /, 3, 0, 0, 2",1,0,1
!option->cl_reject_negative,1,0,1
!trans->is_param,1,0,1
tcctx.cb.src_node,1,0,1
(HOST_WIDE_INT) (intptr_t) expr == (intptr_t) expr,1,0,1
numsize < RETURN_LIMB_SIZE,1,0,1
"test_property<is_swappable, void() const>(false), """"",1,0,1
TARGET_AVX512F,1,0,1
((unsigned long) stack & 0x7) == 0,1,0,1
"REG_P (XEXP (src, 2))",1,0,1
bypass->next == NULL || (bypass->in_insn_reserv != bypass->next->in_insn_reserv),1,0,1
GET_CODE (op) != REG,1,0,1
remap->u.ar.start[dim],1,0,1
!trust_type_canonical || (type_with_alias_set_p (t1) && type_with_alias_set_p (t2)),1,0,1
var->aux != BOTTOM,1,0,1
build_vdef == NULL_TREE,1,0,1
!VALUE_RECURSED_INTO (x) || NO_LOC_P (x),1,0,1
"condition, STATIC_ASSERT_MESSAGE (t), STATIC_ASSERT_SOURCE_LOCATION (t), false",1,0,1
pre_order_num == (n_basic_blocks_for_fn (cfun) - NUM_FIXED_BLOCKS),1,0,1
dv_as_opaque (var1->dv) == dv_as_opaque (var2->dv) && var1->n_var_parts == 1,1,0,1
succ != NULL,1,0,1
canonical_cselib_val (canon) == canon,1,0,1
TARGET_H8300H || TARGET_H8300S,1,0,1
dispatcher_decl != NULL,1,0,1
" aarch64_const_vec_all_same_in_range_p (x, HOST_WIDE_INT_MIN, HOST_WIDE_INT_MAX)",1,0,1
"test_property<is_swappable, construct::NontrivialUnion>(false), """"",1,0,1
cl->length,1,0,1
"conditional_move_operand (operands [3], SImode)",1,0,1
TREE_CODE (TREE_TYPE (v)) == ARRAY_TYPE,1,0,1
esym,1,0,1
TREE_CODE (element_type) == TYPE_DECL && TREE_CODE (object_type) == TYPE_DECL,1,0,1
slot != NULL && *slot == NULL,1,0,1
s.f1 == 0&& s.f2 == 0,1,0,1
e_out != NULL,1,0,1
name != op && TREE_CODE (name) == SSA_NAME,1,0,1
"a->type != FFI_TYPE_COMPLEX || (a->elements != NULL && a->elements[0] != NULL && a->elements[1] == NULL), file, line",1,0,1
TREE_CODE (def_rhs) == ADDR_EXPR,1,0,1
tmp_tune,1,0,1
r.a[1] == 0xfffffff7,1,0,1
test_value == 321,1,0,1
!thr->saved_bound_dev,1,0,1
N <= 255,1,0,1
last_addr != 0,1,0,1
"test_property<is_swappable, std::stack<int>[1][2]>(true), """"",1,0,1
tree_contains_struct[NAMELIST_DECL][TS_DECL_COMMON],1,0,1
gimple_assign_rhs_code (stmt) == CONSTRUCTOR,1,0,1
nthreaded_edges < (n_basic_blocks_for_fn (cfun) - NUM_FIXED_BLOCKS),1,0,1
should_have_column_data_p (LINE_MAP_MAX_LOCATION_WITH_COLS + 1),1,0,1
"test_property<is_nothrow_swappable, std::stack<ThrowCopyConsClass>>(true), """"",1,0,1
opts != NULL,1,0,1
r.a[0] == -16,1,0,1
"GET_CODE (XEXP (dest, 0)) != POST_MODIFY",1,0,1
as->rank == 0 && sym->as->corank == 0,1,0,1
!remap->u.ar.end[dim],1,0,1
rs == 0,1,0,1
tp != lexer->buffer->address (),1,0,1
mode == GET_MODE (new_src_reg),1,0,1
identifier_p (name) || TREE_CODE (name) == BIT_NOT_EXPR,1,0,1
"__builtin_cpu_supports (""pclmul"")",1,0,1
rtx_locs,1,0,1
TYPE_ATTRIBUTES (variant) == old_attrs,1,0,1
!gfc_matching_prefix,1,0,1
"IN_RANGE (from_idx, 0, NUM_MODE_IP_INT - 1)",1,0,1
valtype != NULL_TREE,1,0,1
class_ts.u.derived->components->as->type == AS_ASSUMED_RANK,1,0,1
t != type,1,0,1
"::org::omg::CORBA::IntHolder *, JArray< ::java::lang::String * > *",1,0,1
flags_from_decl_or_type (decl) & ECF_NORETURN,1,0,1
!dont_output_data,1,0,1
dfa_lookahead >= 1 && privileged_n >= 0 && privileged_n <= n_ready,1,0,1
!access_offs,1,0,1
TREE_CODE (ssa) == SSA_NAME,1,0,1
node->global.inlined_to || !gimple_has_body_p (decl) || node->in_other_partition || node->clones || DECL_ARTIFICIAL (decl) || DECL_EXTERNAL (decl),1,0,1
inv->eqto != ~0u,1,0,1
precision == x.precision,1,0,1
(args != NULL) && (*args != NULL),1,0,1
last_def_node,1,0,1
"4, >, 3, <<, 2, 0, 4, 0",1,0,1
tail->preds->length () == 1,1,0,1
d != b,1,0,1
t && CLASS_TYPE_P (t),1,0,1
"sel_bb_empty_p (b) && EDGE_COUNT (b->preds) == 1 && EDGE_PRED (b, 0)->src == b->prev_bb",1,0,1
suppress_errors > 0,1,0,1
num_iregs <= 2 || (iregs.I2 & iregbits.I2) == (I2 & iregbits.I2),1,0,1
block->f2k_derived,1,0,1
entry->reg == reg,1,0,1
r.a[4] == 3,1,0,1
acc_device_type (disp->type) != acc_device_none && acc_device_type (disp->type) != acc_device_default && acc_device_type (disp->type) != acc_device_not_host,1,0,1
vec[i] > 0,1,0,1
!IDENTIFIER_TRANSPARENT_ALIAS (targ),1,0,1
new_spec != NULL_TREE,1,0,1
"test_property<is_swappable, std::array<int, 1>[1]>(true), """"",1,0,1
tree_contains_struct[FUNCTION_DECL][TS_DECL_MINIMAL],1,0,1
op != EQ && op != NE,1,0,1
current_nr_blocks == 1 || sel_sched_p (),1,0,1
"-1, <, 2, ==, 3, 0, 0, 1",1,0,1
!tbp->is_generic,1,0,1
TYPE_IS_WIDE (type),1,0,1
ipa_get_jf_pass_through_operation (jf) == NOP_EXPR || c == IPA_UNDESCRIBED_USE,1,0,1
var->var_part[0].cur_loc,1,0,1
"DF_REF_FLAGS_IS_SET (ref, DF_REF_PARTIAL)",1,0,1
insert == INSERT,1,0,1
!sym->attr.allocatable,1,0,1
TREE_CODE (minidx) == INTEGER_CST,1,0,1
!vnode->definition || prevailing_node->definition,1,0,1
GET_CODE (sym) == SYMBOL_REF && CONSTANT_POOL_ADDRESS_P (sym),1,0,1
"test_property<is_nothrow_swappable, const int[]>(false), """"",1,0,1
oname != NULL,1,0,1
"!(_Tp() < _Tp()), ""less""",1,0,1
BB_LV_SET (to) != NULL,1,0,1
!pred,1,0,1
NULL != sf,1,0,1
capacity >= min_capacity,1,0,1
"cuCtxGetCurrent, &thd_ctx",1,0,1
!targ_die->die_definition,1,0,1
dv_is_decl_p (var->dv),1,0,1
gimple_seq_empty_p (gimplify_ctxp->conditional_cleanups),1,0,1
var1 == 1,1,0,1
SSA_VAR_P (*var_p),1,0,1
"21, line_size",1,0,1
gimple_call_internal_fn (stmt) == IFN_GOACC_DIM_SIZE || gimple_call_internal_fn (stmt) == IFN_GOACC_DIM_POS,1,0,1
!jump_p || ((common_sched_info->sched_pass_id == SCHED_RGN_PASS) && IS_SPECULATION_BRANCHY_CHECK_P (insn)) || (common_sched_info->sched_pass_id == SCHED_EBB_PASS),1,0,1
INTEGRAL_TYPE_P (TREE_TYPE (op)),1,0,1
TREE_CODE (binding) == TYPE_DECL,1,0,1
scratch1 && REG_P (scratch1),1,0,1
cycles < 10,1,0,1
"1, entry->succs->length ()",1,0,1
num_splits == 0,1,0,1
"__builtin_cpu_supports (""avx512f"")",1,0,1
!pipelining_p || current_loop_nest == NULL || loop_latch_edge (current_loop_nest),1,0,1
noperands >= 3,1,0,1
ret + len >= ptr,1,0,1
sset,1,0,1
"mpz_scan1 (x, bitsize-1) == ULONG_MAX",1,0,1
"cuStreamWaitEvent, s2->stream, *e, 0",1,0,1
snode,1,0,1
(GET_CODE (operands[0]) == REG) || (GET_CODE (operands[0]) == SUBREG) || (GET_CODE (operands[1]) == REG) || (GET_CODE (operands[1]) == SUBREG),1,0,1
tree_contains_struct[FIELD_DECL][TS_DECL_COMMON],1,0,1
VECTOR_MODE_P (vmode),1,0,1
m_comment,1,0,1
MEM_P (target) && MEM_P (temp) && (bitpos % BITS_PER_UNIT) == 0,1,0,1
"vp, c_cp, const void *",1,0,1
TREE_CODE (key) == PARM_DECL,1,0,1
child_cfun->cfg == NULL,1,0,1
DECL_TEMPLATE_INSTANTIATION (type_decl),1,0,1
parent == prev->die_parent,1,0,1
addr->m_reg->m_def_insn != this,1,0,1
nregs >= 0,1,0,1
sym != NULL && init != NULL,1,0,1
GET_MODE (addr) == DImode && Pmode == SImode,1,0,1
"test_property<is_nothrow_swappable, const int[1][2]>(false), """"",1,0,1
hsa_type_integer_p (type),1,0,1
expr2->expr_type == EXPR_VARIABLE,1,0,1
tree_contains_struct[LABEL_DECL][TS_DECL_WRTL],1,0,1
strm.avail_in == 0,1,0,1
"""cpu=RX""",1,0,1
stmt1 != NULL,1,0,1
n == rank + corank - 1,1,0,1
map->m_entries == obj,1,0,1
l->next->setting_insn && DEBUG_INSN_P (l->next->setting_insn) && !l->next->next,1,0,1
ok && is_gimple_assign (use_stmt) && gimple_assign_rhs_code (use_stmt) == BIT_IOR_EXPR && gimple_bb (def_stmt) == gimple_bb (use_stmt),1,0,1
GET_MODE (op0) == *inner_mode && *extend == IV_UNKNOWN_EXTEND && *outer_step == const0_rtx,1,0,1
SYMBOL_REF_P (operands[0]) || LABEL_P (operands[0]),1,0,1
SCALAR_FLOAT_MODE_P (arg_mode),1,0,1
element_type,1,0,1
argterm != NULL,1,0,1
TREE_CODE (t) == VECTOR_TYPE,1,0,1
nentry,1,0,1
!id->src_cfun->after_inlining,1,0,1
parent_ff->fiber_child != child_ff->fiber_self,1,0,1
!n_useless_values,1,0,1
!gimple_omp_for_combined_into_p (fd->for_stmt),1,0,1
source->expr_type == EXPR_SUBSTRING,1,0,1
"bitmap_bit_p (b, 6)",1,0,1
!modify_dest,1,0,1
!stmt_vec_info_vec.exists (),1,0,1
GET_MODE_NUNITS (vmode) == 2,1,0,1
"!(IN (kind, Discrete_Or_Fixed_Point_Kind) && Unknown_RM_Size (gnat_entity))",1,0,1
TREE_CODE (*expr_p) == SAVE_EXPR,1,0,1
!processing_explicit_instantiation,1,0,1
LABEL_P (insn),1,0,1
"parse_in, ""cpu=i386""",1,0,1
take_default,1,0,1
r.a[6] == 15,1,0,1
prev,1,0,1
AV_SET_VALID_P (insn),1,0,1
"et_below (d, a)",1,0,1
!prev,1,0,1
"can_merge_blocks_p (bb->prev_bb, bb)",1,0,1
TREE_CODE (TREE_TYPE (value)) == FUNCTION_TYPE,1,0,1
OMP_CLAUSE_CODE (clause) == OMP_CLAUSE_PRIVATE || OMP_CLAUSE_CODE (clause) == OMP_CLAUSE_LASTPRIVATE || OMP_CLAUSE_CODE (clause) == OMP_CLAUSE_LINEAR || OMP_CLAUSE_CODE (clause) == OMP_CLAUSE_REDUCTION,1,0,1
"-1, LABEL_DECL_UID (label_decl)",1,0,1
TREE_CODE (return_slot) != SSA_NAME,1,0,1
"strcmp (final->name, ""_final"") == 0",1,0,1
crtl->args.pretend_args_size == 2,1,0,1
"SELFTEST_LOCATION, ""problem with `bar' at line 10"", ""problem with %qs at line %i"", ""bar"", 10",1,0,1
pos != NULL && pos->file != NULL,1,0,1
!currently_expanding_to_rtl,1,0,1
ADDR_SPACE_GENERIC == ADDR_SPACE_RAM,1,0,1
TREE_CODE (TREE_TYPE (t)) == TEMPLATE_TEMPLATE_PARM,1,0,1
slot->m_offset > 0,1,0,1
GFC_DESCRIPTOR_RANK (source) == 2 && GFC_DESCRIPTOR_RANK (ret) == 2,1,0,1
t1_ != t2_ || (!t2_ || !TREE_VISITED (t2_)),1,0,1
v == canonical_cselib_val (v),1,0,1
fold_deferring_overflow_warnings > 0,1,0,1
"test_property<is_swappable, std::priority_queue<int>[1][2]>(true), """"",1,0,1
"SAME_BINFO_TYPE_P (BINFO_TYPE (binfo), type)",1,0,1
map_idx == map_cnt,1,0,1
loopspec[n],1,0,1
!DECL_RTL_SET_P (decl),1,0,1
!(LEAF_SIBCALL_SLOT_RESERVED_P && final_sequence),1,0,1
TREE_CODE (function) == FUNCTION_DECL,1,0,1
m->fs.fp_valid,1,0,1
! TARGET_ARCH64,1,0,1
dev_str == nvthd->current_stream,1,0,1
2 * len == ssize,1,0,1
fold_conversions != NULL,1,0,1
"SELFTEST_LOCATION, ""the quick brown fox jumps over the lazy dog"", ""the %s %s %s jumps over the %s %s"", ""quick"", ""brown"", ""fox"", ""lazy"", ""dog""",1,0,1
to_as == ADDR_SPACE_GENERIC || to_as == ADDR_SPACE_EA,1,0,1
TREE_CODE (type) == ARRAY_TYPE || VECTOR_TYPE_P (type),1,0,1
"b, gimple_assign_rhs2 (stmt)",1,0,1
DECL_FUNCTION_CODE (decl) == function_code,1,0,1
"INTVAL (XEXP (note, 0)) == old_lp->index",1,0,1
!type_in_anonymous_namespace_p (DECL_CONTEXT (decl)) && DECL_ASSEMBLER_NAME_SET_P (decl),1,0,1
TYPE_DOMAIN (type) == TYPE_DOMAIN (TYPE_MAIN_VARIANT (type)),1,0,1
!((subreg_byte % UNITS_PER_WORD + GET_MODE_SIZE (outer_mode)) > UNITS_PER_WORD && (subreg_byte % UNITS_PER_WORD || GET_MODE_SIZE (outer_mode) % UNITS_PER_WORD)),1,0,1
"real_equal (r, &value_fp0)",1,0,1
global_first_nonempty >= GC_mark_stack && global_first_nonempty <= GC_mark_stack_top + 1,1,0,1
gimple_code (gsi_stmt (gsi)) == GIMPLE_OMP_PARALLEL || gimple_code (gsi_stmt (gsi)) == GIMPLE_OMP_TASK,1,0,1
ff->call_stack == NULL,1,0,1
next,1,0,1
"""machine=nds32""",1,0,1
"n, subgraph_nodes[i]->preds->length ()",1,0,1
!need_ssa_update_p (fun),1,0,1
TREE_CODE (folded) == SSA_NAME,1,0,1
! is_movu,1,0,1
opt_arg,1,0,1
!ie->indirect_info->agg_contents,1,0,1
ptrofftype_p (chrec_type (new_evol)),1,0,1
"j >= XVECLEN (pat, 0) - 1",1,0,1
op0 == dest && GET_CODE (op1) == CONST_INT,1,0,1
digit != 0,1,0,1
REGNO (operands[0]) + 1 == REGNO (operands[1]),1,0,1
*min_size >= (unsigned HOST_WIDE_INT)size || UINTVAL (*count) >= (unsigned HOST_WIDE_INT)size,1,0,1
group_count > 0,1,0,1
rclass == GENERAL_REGS || rclass == BASE_REGS,1,0,1
"__builtin_cpu_is (""istanbul"")",1,0,1
pass->type == GIMPLE_PASS || pass->type == RTL_PASS,1,0,1
TYPE_SIZE_UNIT (type) && TREE_CODE (TYPE_SIZE_UNIT (type)) == INTEGER_CST,1,0,1
arg_ss != gfc_ss_terminator,1,0,1
"9, v[0]",1,0,1
loop->cond_code != NE_EXPR || gimple_omp_for_kind (for_stmt) == GF_OMP_FOR_KIND_CILKSIMD || gimple_omp_for_kind (for_stmt) == GF_OMP_FOR_KIND_CILKFOR,1,0,1
TREE_CODE (data.stmts[6]) == DECL_EXPR,1,0,1
count <= MAX_LDM_STM_OPS,1,0,1
dest_rtx,1,0,1
!optimize || !after->deleted (),1,0,1
capacity > 1 && (capacity & (capacity - 1)) == 0,1,0,1
!g->specific->error,1,0,1
count == 1 && mode == ag_mode,1,0,1
m_nodes == (unsigned int) m_n_basic_blocks - 1,1,0,1
COMPLEX_MODE_P (arg_mode),1,0,1
numsize == 1 && n < d,1,0,1
"can_vec_perm_p (TYPE_MODE (vectype), false, sel)",1,0,1
elt_strict & UNIFY_ALLOW_OUTER_LEVEL,1,0,1
ss_info->string_length,1,0,1
"test_property<is_swappable, std::array<construct::DelCopy, 0>>(true), """"",1,0,1
type_memfn_quals (t1) == type_memfn_quals (t2),1,0,1
path && *path,1,0,1
reg_equiv_constant (regno),1,0,1
!all_misalignments_unknown,1,0,1
TREE_CODE (e1) == ADDR_EXPR,1,0,1
REG_P (index) && REG_OK_FOR_INDEX_P (index),1,0,1
r.a[0] == -2,1,0,1
friendp,1,0,1
!ORIG_PAT (next) || !IS_SPECULATION_BRANCHY_CHECK_P (next),1,0,1
"et_below (c, e)",1,0,1
i != QUEUE_SCHEDULED,1,0,1
DECL_NAME (t) == vtt_parm_identifier,1,0,1
GET_MODE (SUBREG_REG (arg0)) == fieldmode || GET_MODE_CLASS (fieldmode) == MODE_INT || GET_MODE_CLASS (fieldmode) == MODE_PARTIAL_INT,1,0,1
model != 0,1,0,1
bytelen > 0,1,0,1
!parent_ff->fiber_self,1,0,1
tocrel_insn,1,0,1
"sd_lists_empty_p (insn, SD_LIST_HARD_BACK)",1,0,1
DECL_P (gnu_decl),1,0,1
code == OMP_DISTRIBUTE || code == OMP_TEAMS || code == OMP_SIMD,1,0,1
"a->type == FFI_TYPE_VOID || a->size > 0, file, line",1,0,1
r.a[2] == -11,1,0,1
list->use == NULL,1,0,1
"""system=phoenix""",1,0,1
child_ff == parent_ff->rightmost_child,1,0,1
"test_property<is_swappable, funny::F3>(true), """"",1,0,1
g->const_copies.length () == 0,1,0,1
TREE_CODE (v) == TREE_VEC,1,0,1
"int_binop_types_match_p (code, TREE_TYPE (arg0), TREE_TYPE (arg1))",1,0,1
"!timercmp (&stamps[0][0], &stamps[0][1], >)",1,0,1
array_attr->dimension || array_attr->codimension,1,0,1
REG_P (lhs) && REG_P (rhs1),1,0,1
TREE_CODE (decl2) == MEM_REF,1,0,1
!node->local.finalized || node->thunk.thunk_p || gimple_has_body_p (decl),1,0,1
GET_CODE (old_label) == LABEL_REF,1,0,1
offset == VTI (bb)->out.stack_adjust,1,0,1
e->value.op.op == INTRINSIC_CONCAT,1,0,1
"test_property<is_nothrow_swappable, std::priority_queue<int>>(true), """"",1,0,1
symtree4 == root4,1,0,1
"(void *)(1 ? ZERO : (0, ZERO))",1,0,1
last != void_list_node,1,0,1
REG_P (countreg),1,0,1
current_output_insn && get_attr_length (current_output_insn) == 4,1,0,1
exp >= 0,1,0,1
c != c->die_sib,1,0,1
fold_expr != NULL_TREE,1,0,1
"get_expr_type (ae) == type || useless_type_conversion_p (type, get_expr_type (ae))",1,0,1
(shift & 15) == 0,1,0,1
loop_blocks[0] == loop->header,1,0,1
tab->comb_vect[comb_vect_index + vect_index] == undefined_vect_el_value,1,0,1
single_pred_p (entry),1,0,1
(flags_from_code (code) & ~flags) == 0,1,0,1
"logical_immediate_p (x, mode)",1,0,1
GET_MODE_PRECISION (tgtmode) < GET_MODE_PRECISION (mode),1,0,1
cnode->orig_decl,1,0,1
onepart == ONEPART_VALUE || onepart == ONEPART_DEXPR,1,0,1
digcnt > 0,1,0,1
(offset & 3) == 0,1,0,1
!w->l->post_suspend,1,0,1
!n_bbs_in_dom_tree[dir_index],1,0,1
decl_debug_args_lookup (new_decl) == NULL,1,0,1
"loc, exp_filename, LOCATION_FILE (tok_loc)",1,0,1
cond_code == LT_EXPR || cond_code == GT_EXPR,1,0,1
num == 3,1,0,1
1 <= interleave_factor && interleave_factor <= 4,1,0,1
bn != m_start_block,1,0,1
ggc_marked_p (ts),1,0,1
"type_assertion **slot, vec<constructor_elt, va_gc> **v",1,0,1
VALUE_RECURSED_INTO (node->loc),1,0,1
INSN_P (DEP_PRO (new_dep)) && INSN_P (DEP_CON (new_dep)) && DEP_PRO (new_dep) != DEP_CON (new_dep),1,0,1
*time >= 0,1,0,1
!fixed_regs [REGNO (dest)] || (dwf_regno (src) == DWARF_FRAME_RETURN_COLUMN),1,0,1
nbpairs == nbfields,1,0,1
bb_seq (bb2) != NULL,1,0,1
"bitmap_bit_p (b, 149)",1,0,1
body->latch == cont_bb || single_pred (body->latch) == cont_bb,1,0,1
(test0 && test1) || test2,1,0,1
STACK_REG_P (dest),1,0,1
*index != (int) scop->pbbs.length (),1,0,1
!DEFERRED_NOEXCEPT_SPEC_P (add),1,0,1
all_infos,1,0,1
size == sizeof (struct use_optype_d),1,0,1
TREE_CODE (ce->index) == INTEGER_CST || TREE_CODE (ce->index) == RANGE_EXPR,1,0,1
mod_symtree,1,0,1
addr_base && TREE_CODE (addr_base) != MEM_REF,1,0,1
gsi_end_p (psi) && (head == NULL || i == head->length ()),1,0,1
namelen,1,0,1
!w->l->pending_exception,1,0,1
GC_free_bytes[index] >= hhdr -> hb_sz,1,0,1
"!find_reg_note (control, REG_ARGS_SIZE, NULL)",1,0,1
TREE_CODE (TREE_TYPE (decl)) == POINTER_TYPE,1,0,1
r == 665556,1,0,1
local_cum.aapcs_nvrn == 0,1,0,1
t->src == first,1,0,1
root1 && root2 && root1 == root2 && code == gimple_assign_rhs_code (stmt2),1,0,1
tkind_zero < (HOST_WIDE_INT_C (1U) << talign_shift),1,0,1
i == (unsigned) r->index,1,0,1
!sym->attr.external || module_procedure,1,0,1
"test_property<is_swappable, std::tuple<>[1][2][3]>(true), """"",1,0,1
GET_CODE (call) == CALL,1,0,1
sym->attr.flavor == FL_NAMELIST,1,0,1
"GET_CODE (XEXP (high, 0)) == CONST",1,0,1
"JUMP_LABEL (jump_insn) == XEXP (label_note, 0)",1,0,1
s >= -SREAL_MAX_EXP,1,0,1
frame_pointer_needed == m->fs.fp_valid,1,0,1
nios2_custom_builtin_end == ARRAY_SIZE (nios2_builtin_decls),1,0,1
counters,1,0,1
var->rank > 0,1,0,1
tree_contains_struct[VAR_DECL][TS_DECL_WRTL],1,0,1
desc->in_edge->dest != loop->header,1,0,1
old->reg[reg] == new_stack->reg[reg],1,0,1
t1 == cris_no_symbol || t2 == cris_no_symbol,1,0,1
ps && ps_i,1,0,1
ggc_marked_p (root_test_node),1,0,1
GET_MODE_CLASS (vmode) == MODE_VECTOR_INT,1,0,1
!wide,1,0,1
!merge_bb,1,0,1
empty == 1,1,0,1
expr3_len,1,0,1
"!splay_tree_lookup (ctx->field_map, (splay_tree_key) decl)",1,0,1
decl_die,1,0,1
gimple_assign_rhs_code (stmt) == COND_EXPR,1,0,1
"(EXPECTED_TEXT), (const char *)actual_txt",1,0,1
!bb->aux && first_block_aux_obj,1,0,1
insn && DEBUG_INSN_P (insn),1,0,1
"REG_P (XEXP (src, 0)) && dwf_regno (XEXP (src, 0)) == cur_trace->cfa_temp.reg && CONST_INT_P (XEXP (src, 1))",1,0,1
i_bound == wi::to_widest (bound),1,0,1
"GET_CODE (XEXP (rtl, 0)) == SYMBOL_REF",1,0,1
!clone_parms,1,0,1
"!TEST_HARD_REG_BIT (regs_live, 7)",1,0,1
cmp == 0 || cmp == -1 || cmp == -2,1,0,1
"et_below (f, b)",1,0,1
i < MAX_ITER,1,0,1
axis >= 0 && axis < GOMP_DIM_MAX,1,0,1
last_case,1,0,1
step && TREE_CODE (step) == INTEGER_CST,1,0,1
n == rgn_n_insns,1,0,1
vals == NULL || vals->size() % 2 == 0,1,0,1
loc != virtual_incoming_args_rtx,1,0,1
BUILTIN_VALID_P (fncode) && (decl != NULL_TREE || !implicit_p),1,0,1
"!stmt_cand_map->put (gs, c)",1,0,1
POINTER_TYPE_P (TREE_TYPE (sym->ts.u.cl->passed_length)),1,0,1
e == entry,1,0,1
a_elt || b_elt,1,0,1
a || b,1,0,1
ops[i] == NULL_TREE,1,0,1
old_set != NULL,1,0,1
!gnu_std_field,1,0,1
TREE_CODE (t) == FUNCTION_DECL || TREE_CODE (t) == VAR_DECL,1,0,1
TREE_CODE (size) == INTEGER_CST,1,0,1
"__builtin_cpu_is (""shanghai"")",1,0,1
DECL_FILE_SCOPE_P (decl),1,0,1
REG_P (src) || MEM_P (src),1,0,1
self_elim_table.from_rtx != NULL,1,0,1
POINTER_TYPE_P (TREE_TYPE (val1)) == POINTER_TYPE_P (TREE_TYPE (val2)),1,0,1
cif->abi == FFI_ELFBSD,1,0,1
start1 + bytes1 == start2,1,0,1
original_type && TREE_CODE (decl) == FIELD_DECL,1,0,1
index < asm_stmt->nc && TREE_CODE (clobber_op) == TREE_LIST,1,0,1
"zero, PLUS_EXPR, one, one",1,0,1
"cuEventRecord, *e, dev_str->stream",1,0,1
(st_func && !sym_func) || (!st_func && sym_func),1,0,1
DECL_INITIAL (var),1,0,1
loop->inner == NULL,1,0,1
src->n_var_parts == 1 && dst->n_var_parts == 1,1,0,1
n_filled == 0,1,0,1
TYPE_IS_FAT_POINTER_P (ptr),1,0,1
r.a[0] == 80,1,0,1
!alias->transparent_alias || alias->weakref,1,0,1
parts.index == NULL_TREE,1,0,1
slot->width >= total_size,1,0,1
emitted_frame_related_regs[r] == current_frame_info.r[r],1,0,1
frac[fracsize - 1] < 10,1,0,1
dfa_stats_p,1,0,1
"test_property<is_nothrow_swappable, std::tuple<ThrowCopyConsClass>>(false), """"",1,0,1
!insn_rec->defs,1,0,1
vloc == dstv,1,0,1
m->topsize > 0,1,0,1
(DEP_STATUS (dep) & BEGIN_SPEC) == 0 && (DEP_STATUS (dep) & BE_IN_SPEC) != 0 && (DEP_STATUS (dep) & DEP_TYPES) == DEP_TRUE,1,0,1
ps_i == ps->rows[row],1,0,1
fsym->attr.optional,1,0,1
fdata->owner == w,1,0,1
st->n.sym->assoc,1,0,1
EDGE_COUNT (exit->src->succs) == 2,1,0,1
size <= HOST_BITS_PER_WIDE_INT,1,0,1
prim_arg,1,0,1
!decl_is_tm_clone (current_function_decl),1,0,1
plugin->argv == NULL,1,0,1
"IN_RANGE (REGNO (op2), FIRST_GPR_REGNO, LAST_GPR_REGNO)",1,0,1
gimple_code (inner_stmt) == GIMPLE_OMP_TASK && gimple_omp_task_taskloop_p (inner_stmt),1,0,1
class_id,1,0,1
"!RTX_FLAG (x, used)",1,0,1
"test_property<is_swappable, int[][1]>(false), """"",1,0,1
dir > 0 || argp == stack,1,0,1
"1, EXIT_BLOCK_PTR_FOR_FN (fun)->preds->length ()",1,0,1
"same_type_ignoring_top_level_qualifiers_p (type, next_conversion (convs)->type)",1,0,1
"GIMPLE_ASSIGN, gimple_code (stmt1)",1,0,1
gfc_output_buffer_empty_p (pp_error_buffer),1,0,1
fn == cfun,1,0,1
"strip_typedefs_expr (arg, NULL) == arg",1,0,1
linemap_macro_expansion_map_p (cur_map),1,0,1
!optimize || flag_caller_saves || (ALLOCNO_CALLS_CROSSED_NUM (a) == ALLOCNO_CHEAP_CALLS_CROSSED_NUM (a)) || regno >= ira_reg_equiv_len || ira_equiv_no_lvalue_p (regno),1,0,1
VECTOR_CST_NELTS (op1) == count && TYPE_VECTOR_SUBPARTS (type) == count,1,0,1
in_progress_space[n_in_progress] == p,1,0,1
(unsigned) df->n_blocks == loop->num_nodes,1,0,1
VALID_NEON_DREG_MODE (mode) || VALID_NEON_QREG_MODE (mode) || VALID_NEON_STRUCT_MODE (mode),1,0,1
"test_property<is_nothrow_swappable, std::priority_queue<int, std::vector<int>, comps::CompareThrowCopyable>>(false), """"",1,0,1
elem_bitsize % BITS_PER_UNIT == 0,1,0,1
"1, !=, 2, >, 3, 1, 0, 1",1,0,1
onlyjump_p (jump_insn),1,0,1
VOID_TYPE_P (TREE_TYPE (TREE_TYPE (soft_badarrayindex_node))),1,0,1
first_def_node,1,0,1
decl->decl_with_vis.symtab_node || in_lto_p,1,0,1
(sel_sched_p () || insn != tail) && insn != head,1,0,1
d->have_this_obj,1,0,1
node->get_partitioning_class () == SYMBOL_DUPLICATE || !symbol_partitioned_p (node),1,0,1
dst != NULL && src != NULL && ALLOCNO_HARD_REGNO (dst) < 0 && ALLOCNO_HARD_REGNO (src) < 0,1,0,1
se->ss->info->type == GFC_SS_FUNCTION,1,0,1
"1u <= __m && __m <= __n, ""template argument substituting __m out of bounds""",1,0,1
code == BUILT_IN_MEMCPY || code == BUILT_IN_MEMMOVE || code == BUILT_IN_MEMSET,1,0,1
CONST_INT_P (operands[3]),1,0,1
r_reachablep != NULL,1,0,1
mask_changed != 0,1,0,1
!unsuitable_loc (loc_from),1,0,1
!IS_FORWARDING_ADDR_OR_NIL(NHDR(hhdr)),1,0,1
!DECL_ABSTRACT_P (decl),1,0,1
"""cpu=ev5""",1,0,1
loc->dw_loc_oprnd2.val_class == dw_val_class_die_ref,1,0,1
pdata != NULL,1,0,1
call_used_regs [GPR_IP],1,0,1
!any_condjump_p (last_insn),1,0,1
num_operands == 2,1,0,1
n_elem > 0,1,0,1
x != use_insn,1,0,1
gimple_assign_rhs_code (gs1) == BIT_AND_EXPR || gimple_assign_rhs_code (gs1) == BIT_IOR_EXPR,1,0,1
(a <= b) == (sreal (a) <= sreal (b)),1,0,1
get_attr_type (in_insn) == TYPE_FMADD,1,0,1
comp_name == c->name,1,0,1
"one, PLUS_EXPR, zero, one",1,0,1
dep_type == REG_DEP_ANTI,1,0,1
"test_property<is_nothrow_swappable, int&>(true), """"",1,0,1
r.a[1] == 40,1,0,1
!old_racc->last_link || !old_racc->last_link->next,1,0,1
current_loops != NULL && loop_node->loop != NULL && (regno < 0 || regno >= FIRST_PSEUDO_REGISTER),1,0,1
CONST_INT_P (exp),1,0,1
"strcmp (""<anon>"", IDENTIFIER_POINTER (DECL_ASSEMBLER_NAME (TYPE_NAME (t))))",1,0,1
COMPARISON_CLASS_P (a),1,0,1
flag_excess_precision_cmdline != EXCESS_PRECISION_DEFAULT,1,0,1
TREE_VALUE (gnu_cico_list) == void_type_node,1,0,1
"useless_type_conversion_p (TREE_TYPE (stmt), type_left)",1,0,1
epilogue_p,1,0,1
num_calls_to_user_gt_ggc_mx > 0,1,0,1
TREE_CODE_LENGTH (code1) == unary_op,1,0,1
m_vecpfx.m_num > 0,1,0,1
REG_P (temp),1,0,1
ggc_marked_p (((some_other_subclass *) test_some_other_subclass_as_base_ptr)->m_c),1,0,1
(is_gimple_min_invariant (tree_val) && (!POINTER_TYPE_P (TREE_TYPE (tree_val)) || TREE_CODE (tree_val) == INTEGER_CST)) || TREE_CODE (tree_val) == CONSTRUCTOR,1,0,1
GP_REG_P (regno),1,0,1
first_edge_aux_obj,1,0,1
NULL == m_scope,1,0,1
g->workers[0]->l->signal_node,1,0,1
arm_selected_cpu,1,0,1
values,1,0,1
dtable != __objc_uninstalled_dtable,1,0,1
DECL_VIRTUAL_P (BINFO_VTABLE (TYPE_BINFO (t))),1,0,1
ENTRY_BLOCK_PTR_FOR_FN (DECL_STRUCT_FUNCTION (fndecl)),1,0,1
ggc_marked_p (root_test_struct->other),1,0,1
"""machine=microblaze""",1,0,1
ts.type == BT_COMPLEX && flag_f2c,1,0,1
"parse_in, ""machine=sparc64""",1,0,1
first_set,1,0,1
expr2->ts.u.cl->backend_decl,1,0,1
fiber,1,0,1
sign_in_carry + msb_in_carry + lsb_in_carry <= 1,1,0,1
save.is_empty (),1,0,1
JUMP_LABEL (insn) == NULL || JUMP_LABEL (insn) == x,1,0,1
gmode != VOIDmode,1,0,1
ancestor && !sub->attr.abstract,1,0,1
addend == 0,1,0,1
bnd_no < 2,1,0,1
h->nsyms == nsyms,1,0,1
!DECL_NAME (_elt___->index),1,0,1
!inside_oneof_p,1,0,1
limit != var,1,0,1
"!bitmap_intersect_compl_p (df_lr->out_of_date_transfer_functions, &all_blocks)",1,0,1
(sizeof(oh) & (sizeof(word) - 1)) == 0,1,0,1
TREE_CODE (exp) != SSA_NAME,1,0,1
DECL_INHERITED_CTOR_BASE (decl),1,0,1
"test_property<is_swappable, std::pair<int, int>>(true), """"",1,0,1
"test_property<is_nothrow_swappable, std::tuple<>[1]>(true), """"",1,0,1
len > 1,1,0,1
DECL_LOOP_PARM_P (gnu_loop_var),1,0,1
!f->sym->ts.u.cl->backend_decl,1,0,1
high && (TREE_TYPE (low) == TREE_TYPE (high)),1,0,1
!isl_union_set_is_empty (set),1,0,1
DECL_P (arg) || TREE_CODE (arg) == MEM_REF || handled_component_p (arg),1,0,1
TARGET_SOM,1,0,1
TMPL_ARGS_DEPTH (args) >= TMPL_ARGS_DEPTH (extra_args),1,0,1
gimple_code (gsi_stmt (loc->si)) == GIMPLE_COND || (gimple_code (gsi_stmt (loc->si)) == GIMPLE_SWITCH),1,0,1
control_flow_insn_p (jump_insn),1,0,1
!df_regs_ever_live_p (GPR_FIRST + 3),1,0,1
!was_here_p,1,0,1
r.a[6] == 7,1,0,1
(mode == HFmode && TARGET_HARD_FLOAT && TARGET_VFP) || mode == SFmode || mode == DFmode || mode == SImode || mode == DImode || (TARGET_NEON && VALID_NEON_DREG_MODE (mode)),1,0,1
imp_list->imp_context == objc_implementation_context && imp_list->imp_template == implementation_template,1,0,1
src != hard_frame_pointer_rtx && dest != hard_frame_pointer_rtx,1,0,1
DECL_SECTION_NAME (decl) == NULL && ADDR_SPACE_GENERIC_P (as),1,0,1
!fence_insn_p,1,0,1
cy == 0 || tmp[tmpsize - 1] < 20,1,0,1
"example_b.contains_point (6, 1)",1,0,1
!valuevec || len == TREE_VEC_LENGTH (valuevec),1,0,1
tick >= MIN_TICK,1,0,1
CONST_INT_P (displacement),1,0,1
vec_safe_length (gnu_loop_stack) > 0,1,0,1
(unsigned long)&ms.x2 == rsp+72,1,0,1
this_clock >= 0,1,0,1
e_out == NULL,1,0,1
s1.a == 2,1,0,1
(PREV_INSN (INSN) == NULL_RTX) == (NEXT_INSN (INSN) == NULL_RTX),1,0,1
get_edge_src (edge_index) != EXIT_BLOCK_PTR_FOR_FN (cfun),1,0,1
"test_property<is_swappable, void() volatile>(false), """"",1,0,1
num_regs > 0,1,0,1
REGEXP_SEQUENCE (sequence)->regexps_num > 1 && REGEXP_SEQUENCE (regexp)->regexps_num > 1,1,0,1
r.a[7] == 6,1,0,1
add2_insn != NULL_RTX,1,0,1
NEXT_INSN (label),1,0,1
sf->call_parent == 0,1,0,1
descr->dw_loc_oprnd1.val_entry->index == NO_INDEX_ASSIGNED,1,0,1
suffix != NULL,1,0,1
r.a[1] == 70,1,0,1
"strcmp (homoname, hty->u.s.tag) == 0",1,0,1
!s->d,1,0,1
out->op != IPA_PARM_OP_NEW,1,0,1
latest_undo_chgset->previous != NULL,1,0,1
!header->aux,1,0,1
GET_CODE (*pop) == LTU || GET_CODE (*pop) == GEU,1,0,1
((void **)op)[1] == 0,1,0,1
saved_update_index == NOT_KNOWN,1,0,1
REGNO (SUBREG_REG (x)) < FIRST_PSEUDO_REGISTER,1,0,1
u->child[0] == 0,1,0,1
dst_loc,1,0,1
"!hsa_needs_cvt (r1->m_type, r2->m_type)",1,0,1
cclauses[C_OMP_CLAUSE_SPLIT_PARALLEL] == NULL_TREE,1,0,1
entry != exit,1,0,1
REGNO (r0) == LAST_VIRTUAL_REGISTER + 1 && REGNO (r1) == LAST_VIRTUAL_REGISTER + 2,1,0,1
!is_from_desc,1,0,1
size (this) == size (s),1,0,1
! final_p || ! first_p,1,0,1
"EDGE_COUNT (bb->succs) == 1 && in_current_region_p (EDGE_SUCC (bb, 0)->dest) && (BLOCK_TO_BB (e->dest->index) == 0)",1,0,1
(TREE_CODE (base1) == MEM_REF || TREE_CODE (base1) == TARGET_MEM_REF) && (TREE_CODE (base2) == MEM_REF || TREE_CODE (base2) == TARGET_MEM_REF),1,0,1
CONST_INT_P (index),1,0,1
current->gc_used == GC_UNUSED,1,0,1
"strchr (base->named.name + 8, ',')",1,0,1
GFC_ARRAY_TYPE_P (TREE_TYPE (decl)),1,0,1
methods == OPTAB_DIRECT || methods == OPTAB_WIDEN || methods == OPTAB_LIB_WIDEN,1,0,1
n[i] == 4,1,0,1
index > 0 && index < (int)vector_.length (),1,0,1
!TYPE_IS_DUMMY_P (gnu_type),1,0,1
"!dominated_by_p (CDI_DOMINATORS, gimple_bb (oldstmt), gimple_bb (stmt))",1,0,1
lhs.var < varmap.length (),1,0,1
GET_MODE (operands[i]) == GET_MODE (tmp),1,0,1
DECL_HAS_IN_CHARGE_PARM_P (current_function_decl),1,0,1
"test_property<is_swappable, funny::F2>(false), """"",1,0,1
slot == curr->stackdepth,1,0,1
call_used_regs [GPR_16],1,0,1
isxdigit(*p),1,0,1
rs,1,0,1
rf != DEST_REGFILE_UNKNOWN,1,0,1
"level == lim_data->max_loop || flow_loop_nested_p (lim_data->max_loop, level)",1,0,1
ctx->outer,1,0,1
tc != NULL || targetm.sched.alloc_sched_context == NULL,1,0,1
fn_contains_cilk_spawn_p (cfun) && cilk_cp_detect_spawn_and_unwrap (expr_p),1,0,1
"""fix-it:\""test.c\"":{5:10-5:10}:\""added content\""\n"", pp_formatted_text (&pp)",1,0,1
i <= 1,1,0,1
DECL_VIRTUAL_P (field),1,0,1
(*gimple_test_f) (*expr_p),1,0,1
new_non_dominating_edge,1,0,1
TREE_CODE (*basep) == VAR_DECL,1,0,1
(GET_MODE (dest) == V2DImode && (GET_MODE (src2) == DImode || src2 == const0_rtx)) || (GET_MODE (dest) == V2DFmode && GET_MODE (src2) == DFmode),1,0,1
length () >= size,1,0,1
!DECL_P (init),1,0,1
TREE_CODE (attrs) == STRING_CST,1,0,1
"et_below (f, a)",1,0,1
"test_property<is_nothrow_swappable, ns4::SwapNoThrow>(true), """"",1,0,1
scop->transformed_schedule,1,0,1
"chunk_plus_offset(p, sz)->head == FENCEPOST_HEAD",1,0,1
!mutate_p,1,0,1
!ignore_first,1,0,1
get_gimple_rhs_class (code) == GIMPLE_UNARY_RHS || get_gimple_rhs_class (code) == GIMPLE_BINARY_RHS || get_gimple_rhs_class (code) == GIMPLE_TERNARY_RHS,1,0,1
mask == 0,1,0,1
!analyzed && !vec_safe_length (ref_list.references),1,0,1
GET_MODE_SIZE (wmode) == GET_MODE_SIZE (mode),1,0,1
pcum->can_split == false,1,0,1
regno < LR_REGNUM,1,0,1
"insn_operand_matches (icode, 1, v0)",1,0,1
w->tail == w->l->ltq,1,0,1
!MEM_VOLATILE_P (*memop),1,0,1
before == boundary,1,0,1
!ret || mmap_result == addr,1,0,1
ptx_dev->ctx,1,0,1
"""cpu=nvptx""",1,0,1
(*p)->last().index == index,1,0,1
nargs == DECL_NTPARMS (maintmpl),1,0,1
"REG_P (XEXP (XVECEXP (newpat, 0, i), 0))",1,0,1
ps->rows_length[row] == length,1,0,1
*curp,1,0,1
se->ss == ss,1,0,1
call_expr_nargs (exp) == n_elt,1,0,1
info == NULL,1,0,1
"2, -, 3, *, 4, -10, -4, -10",1,0,1
GET_CODE (value) == PARALLEL || MEM_P (value) || REG_P (value),1,0,1
inpfx != NULL && inpfy != NULL,1,0,1
*h,1,0,1
op2 && GET_CODE (op2) == CONST_VECTOR,1,0,1
TREE_CODE (alt_bound) == INTEGER_CST,1,0,1
EDGE_COUNT (ENTRY_BLOCK_PTR_FOR_FN (cfun)->succs) == 1,1,0,1
target == EXIT_BLOCK_PTR_FOR_FN (cfun),1,0,1
success || modulo_scheduling,1,0,1
gimple_code (last) == GIMPLE_COND,1,0,1
TREE_CODE (attr_identifier) == IDENTIFIER_NODE,1,0,1
TREE_CODE (t) == MEM_REF,1,0,1
"""system=rdos""",1,0,1
*list_head != NULL,1,0,1
is_reference (var) && var == orig_var,1,0,1
current_function_has_lr_slot (),1,0,1
is_mmapped(p),1,0,1
descr,1,0,1
phi->get_op (i),1,0,1
a == -(-(sreal (a))).to_int (),1,0,1
i < len || gimple_omp_section_last_p (gsi_stmt (si)),1,0,1
"loop_exit_edge_p (loop, exit_edge)",1,0,1
MAYBE_CLASS_TYPE_P (t),1,0,1
!m->fs.fp_valid || m->fs.fp_offset == frame.hard_frame_pointer_offset,1,0,1
!orig_stmt,1,0,1
tmp && POINTER_TYPE_P (TREE_TYPE (tmp)),1,0,1
thread_if_true,1,0,1
build_vuse == NULL_TREE,1,0,1
 constant-expression ,1,0,1
(((1 << shift) - 1) & intval) == 0,1,0,1
(TARGET_ARCH32 && size <= 8) || (TARGET_ARCH64 && size <= 16),1,0,1
(TREE_CODE (base1) == MEM_REF || TREE_CODE (base1) == TARGET_MEM_REF) && DECL_P (base2),1,0,1
REGNO_REG_CLASS (REGNO (base)) == ADDR_REGS,1,0,1
direct_internal_fn_p (fn),1,0,1
clauses,1,0,1
"TREE_VEC_ELT (TYPE_CACHED_VALUES (type), ix) == NULL_TREE",1,0,1
can_overrun_p,1,0,1
"bb_c, get_immediate_dominator (CDI_POST_DOMINATORS, bb_b)",1,0,1
fn->x_current_loops == NULL || loops == NULL,1,0,1
TREE_VEC_LENGTH (args) > 0,1,0,1
r.a[1] == UINT8x8_MAX - 5,1,0,1
!bitpos,1,0,1
NULL == child_ff->right_pending_exception,1,0,1
new_lp,1,0,1
DECL_P (newdecl),1,0,1
"wi::ge_p (base_min, type_min, sgn) && wi::le_p (base_max, type_max, sgn)",1,0,1
GET_MODE (src) == V2DImode,1,0,1
n && n <= WIDE_INT_MAX_ELTS,1,0,1
!IS_MAPPED(nexthdr),1,0,1
i < DECL_MAX_LOCALS (fndecl),1,0,1
tree_contains_struct[TRANSLATION_UNIT_DECL][TS_DECL_COMMON],1,0,1
TREE_CODE (outer_type) == RECORD_TYPE || TREE_CODE (outer_type) == UNION_TYPE,1,0,1
r == 0xd0cd08e1d1a70b6ull,1,0,1
cur_parm_size > 0,1,0,1
labels >= 1,1,0,1
TARGET_THUMB2,1,0,1
base != NULL_TREE && (bitpos % BITS_PER_UNIT) == 0,1,0,1
GET_MODE_CLASS (GET_MODE (sel)) == MODE_VECTOR_INT,1,0,1
j == DECL_INSN_RESERV (decl)->insn_num,1,0,1
"et_below (c, a)",1,0,1
stackbase_main_ss_sp != NULL,1,0,1
GET_CODE (x) != SYMBOL_REF || !CONSTANT_POOL_ADDRESS_P (x),1,0,1
finput,1,0,1
REG_P (elt),1,0,1
default_label != NULL,1,0,1
"0, strcmp (""test_fndecl_int_void"", identifier_ptr)",1,0,1
!scan_array_reductions || !is_gimple_omp_oacc (ctx->stmt),1,0,1
address.offset != NULL_RTX,1,0,1
REG_P (op) && (int) REGNO (op) >= new_regno_start,1,0,1
str == NULL,1,0,1
"MODEL_REF_PRESSURE (group, point, pci) == max_pressure",1,0,1
!last_bytes || part_bytes_reg,1,0,1
"test_property<is_swappable, decltype(nullptr)>(true), """"",1,0,1
"alignof (S) == 2 * alignof (double), ""alignment of S""",1,0,1
!CONSTANT_P (operands[2]) || code == PLUS,1,0,1
"test_property<is_nothrow_swappable, std::array<int, 0>>(true), """"",1,0,1
TYPE_SATURATING (type) == TYPE_SATURATING (TREE_TYPE (arg1)),1,0,1
label != const0_rtx,1,0,1
single_succ (se->dest) == body_bb,1,0,1
scratch_constraint[0] == '=' && (in_p || scratch_constraint[1] == '&'),1,0,1
"(float)dd, i",1,0,1
"!timercmp (&stamps[0][1], &stamps[0][2], >)",1,0,1
"IN_RANGE (icode, 0, NUM_INSN_CODES - 1)",1,0,1
nt,1,0,1
TYPE_CANONICAL (t) == NULL_TREE,1,0,1
DECL_CONTEXT (label) == dest_cfun->decl,1,0,1
"GET_CODE (XVECEXP (pat, 0, 0)) == SET",1,0,1
"cfi_row_equal_p (cur_row, ti->beg_row)",1,0,1
int_reg_note_p (kind),1,0,1
tls_base,1,0,1
"dd, main",1,0,1
"DECL_P (decl) || TREE_CODE (decl) == OVERLOAD || TREE_CODE (decl) == SCOPE_REF || BASELINK_P (decl), 20000619",1,0,1
TREE_CODE (masktype) == INTEGER_TYPE && TREE_CODE (rettype) == VOID_TYPE,1,0,1
!TYPE_IS_BY_REFERENCE_P (TREE_TYPE (TREE_TYPE (fndecl))),1,0,1
block == ST_MAP,1,0,1
"wrapped_expr, TREE_OPERAND (result, 0)",1,0,1
SYMBOL_REF_BLOCK (symbol),1,0,1
"test_property<is_swappable, funny::F2[1]>(false), """"",1,0,1
"!TREE_SIDE_EFFECTS (TREE_OPERAND (lhs, 0)) && !TREE_SIDE_EFFECTS (TREE_OPERAND (lhs, 1))",1,0,1
code != TREE_BINFO,1,0,1
!e->aux && first_edge_aux_obj,1,0,1
"child->die_parent == parent || (child->die_parent == get_AT_ref (parent, DW_AT_specification))",1,0,1
BB_PARTITION (new_bb) == BB_PARTITION (test_bb),1,0,1
trick_no != 0,1,0,1
DECL_P (name),1,0,1
op2->ts.type == BT_LOGICAL,1,0,1
JUMP_P (jmp),1,0,1
dst->onepart ? k == 1 : k <= MAX_VAR_PARTS,1,0,1
ggc_marked_p (test_some_subclass->m_a),1,0,1
crtl->emit.regno_pointer_align_length,1,0,1
reg->m_spill_sym,1,0,1
ptr->start_pc >= ptr->outer->start_pc && ptr->end_pc <= ptr->outer->end_pc,1,0,1
GFC_TYPE_ARRAY_CAF_TOKEN (TREE_TYPE (decl)) != NULL_TREE,1,0,1
REG_P (outval) || SUBREG_P (outval),1,0,1
"__cilkrts_static_assert_, __LINE__",1,0,1
"REGNO (XEXP (code, 0)) == CC_REGNUM",1,0,1
identifier_p (unqualified_name) || TREE_CODE (unqualified_name) == BIT_NOT_EXPR || TREE_CODE (unqualified_name) == TEMPLATE_ID_EXPR,1,0,1
sym->assoc->target,1,0,1
*dest == cc0_rtx,1,0,1
arr_b[i] == (i ^ 31) * 8,1,0,1
"test_property<is_nothrow_swappable, ns2::SwapThrow>(false), """"",1,0,1
MEM_VOLATILE_P (tmem0),1,0,1
!m_classes.elements(),1,0,1
sym->ts.type == BT_DERIVED || sym->ts.type == BT_CLASS,1,0,1
CONST_INT_P (pos),1,0,1
DECL_SAVED_TREE (fndecl),1,0,1
size == 1 || size == 2 || size == 4 || size == 8 || size == 16,1,0,1
strinfo_shared (),1,0,1
GET_MODE_PRECISION (mode) > GET_MODE_PRECISION (GET_MODE (op)),1,0,1
hard_regno < 0 || reg_renumber[regno] < 0,1,0,1
i + 1 == n_region || region_copy[i + 1] == single_succ_edge (bb)->dest,1,0,1
gimple_code (cont) == GIMPLE_OMP_CONTINUE,1,0,1
IS_SPECULATION_SIMPLE_CHECK_P (insn) && (TODO_SPEC (insn) & SPECULATIVE) == 0,1,0,1
saved_sched_dump == NULL,1,0,1
j == k_ctrs_types,1,0,1
EDGE_COUNT (gsi_bb (gsi)->succs) == 0,1,0,1
!global_scope_p (scope),1,0,1
ira_conflicts_p || !loops_p,1,0,1
BB_AV_SET (to) == NULL,1,0,1
ref_info->ref_order != DF_REF_ORDER_NO_TABLE,1,0,1
ggc_marked_p (iter_node),1,0,1
in_group != 0 || num_changes == 0,1,0,1
"(C), C99_SUFll_OCTHEX_TYPE((C))",1,0,1
vecsub[d],1,0,1
c1->nop == c2->nop,1,0,1
GET_MODE_SIZE (GET_MODE (op)) <= 4,1,0,1
__alignof__(s) != ALIGNMENT,1,0,1
"encoder->map->put (last_node.node, index + 1)",1,0,1
merge1 == merge2,1,0,1
"test_property<is_nothrow_swappable, int[1][2][3]>(true), """"",1,0,1
DECL_RESULT (method),1,0,1
cy == 1 || (frac[fracsize - 2] == 0 && frac[0] == 0),1,0,1
!previous_p || lexer->next_token != &eof_token,1,0,1
"TREE_OPERAND (t, 0) == v",1,0,1
args != NULL_TREE,1,0,1
TREE_CODE (fn) == FUNCTION_DECL || (processing_template_decl && TREE_CODE (fn) == OFFSET_REF),1,0,1
!cl_options[opt_index].cl_separate_alias && !cl_options[opt_index].cl_negative_alias,1,0,1
sizeof (ctx->vregs[0]) == 16,1,0,1
!ti->args_size_undefined,1,0,1
to->succs == 0,1,0,1
sym->attr.pointer || sym->attr.allocatable || sym_has_alloc_comp || has_finalizer,1,0,1
lgup <= n,1,0,1
mode != CCFPmode || flag_finite_math_only || (code != LE && code != GE && code != UNEQ && code != LTGT && code != UNGT && code != UNLT),1,0,1
to < MAX_INSNS_PER_PEEP2 + 1,1,0,1
cclauses[C_OMP_CLAUSE_SPLIT_TARGET] == NULL_TREE,1,0,1
"bitmap_equal_p (&saved_gen, &bb_info->gen)",1,0,1
"!(TREE_CODE (val) == SSA_NAME && TREE_CODE (*op_p) == SSA_NAME && !may_propagate_copy (*op_p, val))",1,0,1
DECL_INITIAL (fn_decl),1,0,1
e->time >= 0,1,0,1
GET_CODE (exp) == EQ_ATTR,1,0,1
TREE_CODE (call) == CALL_EXPR || TREE_CODE (call) == AGGR_INIT_EXPR || call == error_mark_node,1,0,1
cclauses[C_OMP_CLAUSE_SPLIT_TEAMS] == NULL_TREE,1,0,1
"point.contains_point (7, 11)",1,0,1
bbs_size > n_bbs,1,0,1
"test_property<is_nothrow_swappable, int[]>(false), """"",1,0,1
!q->is_label,1,0,1
eh_array && lp_array,1,0,1
hsa_type_integer_p (arg->m_type),1,0,1
DECL_P (var) && SSA_VAR_P (var),1,0,1
created,1,0,1
"strcmp (name, ""_data"") == 0",1,0,1
!addreg0 && !addreg1,1,0,1
"2, -, 4, %, 4, 2, -2, 2",1,0,1
GET_MODE (op0) == mode,1,0,1
(!comp && gfc_return_by_reference (sym) && sym->result->attr.dimension) || (comp && comp->attr.dimension) || gfc_is_alloc_class_array_function (expr),1,0,1
n_replace == 1,1,0,1
loc != cfa_base_rtx,1,0,1
decl == void_type_node,1,0,1
g && gimple_code (g) == GIMPLE_OMP_TARGET,1,0,1
CLASS_TYPE_P (basetype),1,0,1
fieldpos == local->total_bytes,1,0,1
(ctx->region_type & ORT_ACC) != 0 || ((nflags & GOVD_DATA_SHARE_CLASS) == (GOVD_FIRSTPRIVATE | GOVD_LASTPRIVATE)) || (flags & GOVD_DATA_SHARE_CLASS) == 0,1,0,1
"GET_CODE (XEXP (x, 0)) == PLUS && GET_CODE (XEXP (XEXP (x, 0), 1)) == CONST_INT",1,0,1
CALL_P (sibling),1,0,1
EXPR_TARGET_AVAILABLE (expr_vliw) == 1,1,0,1
TREE_CODE (TREE_TYPE (expr)) != VOID_TYPE,1,0,1
GET_CODE (body) == SET,1,0,1
!value,1,0,1
!queued_reg_saves.length (),1,0,1
"GET_CODE (prev_pat) == UNSPEC && ((XINT (prev_pat, 1) == UNSPEC_REAL_LOAD && type == TYPE_LOAD_SHADOW) || (XINT (prev_pat, 1) == UNSPEC_REAL_MULT && type == TYPE_MULT_SHADOW))",1,0,1
cfun->after_inlining,1,0,1
next_pinuse(p),1,0,1
"cached_lhs, e->src, stmt",1,0,1
scopy,1,0,1
data->entry_parm,1,0,1
(s != NULL && dc != NULL && tc != NULL) || (s == NULL && dc == NULL && tc == NULL),1,0,1
!DEBUG_INSN_P (dest_node->insn) || t == ANTI_DEP,1,0,1
res >= 0,1,0,1
final_expr->expr_type == EXPR_VARIABLE,1,0,1
"""machine=xtensa""",1,0,1
"test_property<is_swappable, int>(true), """"",1,0,1
POINTER_TYPE_P (TREE_TYPE (initial)),1,0,1
swap_insn,1,0,1
!DECL_RESULT_THUNK_P (function) || this_adjusting,1,0,1
"REGNO (XEXP (XEXP (dest, 0), 0)) == STACK_POINTER_REGNUM && cur_trace->cfa_store.reg == dw_stack_pointer_regnum",1,0,1
"""cpu=ev6""",1,0,1
insp != BB_HEAD (b),1,0,1
"tree_int_cst_equal (TYPE_SIZE (type), TYPE_SIZE (orig))",1,0,1
*expr_p || ret != GS_OK,1,0,1
NOTE_P (usage_insn) || NONDEBUG_INSN_P (usage_insn),1,0,1
imm,1,0,1
frame->frm_cur_depth < MAX_STACK_DEPTH,1,0,1
parmnum == vec_safe_length (values),1,0,1
"INTVAL (newval) == trunc_int_for_mode (INTVAL (newval), GET_MODE (oldval))",1,0,1
this->classification_ == TOKEN_CHARACTER,1,0,1
r.a[0] == 0xfffffff7,1,0,1
ggc_marked_p (test_example_base),1,0,1
mem->operand_count () == 2,1,0,1
ii->offset == 0,1,0,1
"false, m.put (eric, 3)",1,0,1
offset % (elt_size * BITS_PER_UNIT) == 0,1,0,1
fd->loops[i].cond_code == LT_EXPR || fd->loops[i].cond_code == GT_EXPR,1,0,1
!store,1,0,1
!TYPE_IS_DUMMY_P (type),1,0,1
!onepart,1,0,1
cselib_preserved_value_p (val),1,0,1
"""fix-it:\""test.c\"":{5:10-5:21}:\""replacement\""\n"", pp_formatted_text (&pp)",1,0,1
cls->members.length (),1,0,1
vr->type == VR_RANGE || vr->type == VR_ANTI_RANGE,1,0,1
modifycode == PLUS_EXPR || modifycode == MINUS_EXPR,1,0,1
old < ira_reg_equiv_len,1,0,1
conds.length () == 0,1,0,1
tmp_ss->dimen != 0,1,0,1
"1, postdom_by_b.length ()",1,0,1
!side_effects_p (x),1,0,1
lowest_node < FIRST_REF_NODE,1,0,1
GET_MODE (operands[1]) == SFmode,1,0,1
GET_MODE_CLASS (mode) == MODE_INT || GET_MODE_CLASS (mode) == MODE_FLOAT || GET_MODE_CLASS (mode) == MODE_VECTOR_INT || GET_MODE_CLASS (mode) == MODE_VECTOR_FLOAT,1,0,1
first_clone == cgraph_node::get (first_clone->decl),1,0,1
newgroup,1,0,1
!transform_pattern_stmt,1,0,1
(void *)-1 == __bnd_get_ptr_ubound (buf),1,0,1
(*pargz && *pargz_len) || (!*pargz && !*pargz_len),1,0,1
"old_size != args_size || (CALL_P (i3) && !ACCUMULATE_OUTGOING_ARGS && find_reg_note (i3, REG_NORETURN, NULL_RTX))",1,0,1
arr[idx] == idx + (i ^ j * 3) * k,1,0,1
5,1,0,1
"15, v.length ()",1,0,1
GET_CODE (to) != SUBREG || !SUBREG_PROMOTED_VAR_P (to),1,0,1
last == get_last_insn (),1,0,1
ALTIVEC_REGNO_P (REGNO (dest)),1,0,1
i < dest_op_info->n_chains,1,0,1
"!timercmp (&stamps[0][1], &stamps[1][2], >)",1,0,1
to_emit,1,0,1
TYPE_MIN_VALUE (type) == TYPE_MIN_VALUE (TYPE_MAIN_VARIANT (type)),1,0,1
v->index >= 0,1,0,1
lto_tag_is_tree_code_p (tag),1,0,1
(unsigned) df->n_blocks_inverted == loop->num_nodes,1,0,1
!expr->value.compcall.tbp->is_generic,1,0,1
regset_pool.diff == 0,1,0,1
TREE_CODE (repl) != ERROR_MARK,1,0,1
is_visited,1,0,1
"bb == cur || dominated_by_p (CDI_POST_DOMINATORS, cur, bb)",1,0,1
!(nunits & (nunits - 1)),1,0,1
"__builtin_cpu_supports (""avx512er"")",1,0,1
"test_property<is_nothrow_swappable, ClassType*>(true), """"",1,0,1
!cfun->machine->split_branches_pending_p,1,0,1
m_name,1,0,1
dvar->refcount == 1 && dvar->onepart == onepart && dvar->n_var_parts == 1,1,0,1
e_true->src == split_bb,1,0,1
"__builtin_cpu_is (""intel"") >= 0",1,0,1
(idx == NTREEBINS-1) || (tsize < minsize_for_tree_index((idx+1))),1,0,1
get_fini_priority() == priority,1,0,1
"types_compatible_p (srctype, rettype)",1,0,1
"bitmap_bit_p (dst, 70)",1,0,1
t->gc_used == GC_UNUSED,1,0,1
dir,1,0,1
phiarg_p,1,0,1
"i.e., move the assertion up in the dominance tree",1,0,1
ff2,1,0,1
s1.b == 3,1,0,1
!cnode->definition || cnode->thunk.thunk_p || cnode->alias || gimple_has_body_p (decl),1,0,1
r_index != MAX_REAL_KINDS,1,0,1
"et_below (c, f)",1,0,1
!(ctype != NULL_TREE && DECL_STATIC_FUNCTION_P (decl1) && TREE_CODE (TREE_TYPE (decl1)) == METHOD_TYPE),1,0,1
proc,1,0,1
GET_CODE (mem) == LO_SUM || GET_CODE (mem) == MEM,1,0,1
derived->components,1,0,1
(DF_REF_FLAGS (ref) & DF_REF_IN_NOTE) == 0,1,0,1
"""foo.c"", 3, 700, loc_e",1,0,1
lexer->saved_tokens.length () == len,1,0,1
r.a[2] == 14,1,0,1
"rtx_equal_p (XEXP (XEXP (value, 1), 0), XEXP (value, 0))",1,0,1
tree_contains_struct[PARM_DECL][TS_PARM_DECL],1,0,1
"GET_CODE (p0) == SET && GET_CODE (p1) == UNSPEC && XINT (p1, 1) == UNSPEC_EMBEDDED_ROUNDING",1,0,1
ia == nargs_without_in_chrg,1,0,1
"bb_b, get_immediate_dominator (CDI_DOMINATORS, bb_c)",1,0,1
BARRIER_P (last),1,0,1
TREE_CODE (TREE_TYPE (newrhs)) != REFERENCE_TYPE,1,0,1
cmp,1,0,1
overlapping % UNITS_PER_WORD == 0,1,0,1
loop->incoming_dest == loop->head,1,0,1
mode == TYPE_MODE (types.second),1,0,1
"2, *, 3, +, 4, 10, 10, 14",1,0,1
results->length () == 1,1,0,1
location < RESERVED_LOCATION_COUNT,1,0,1
r.a[3] == -50,1,0,1
"!CONSTRUCTOR_ELT (init, access_index)->index",1,0,1
"mpz_cmp_si (con->repeat, 1) > 0",1,0,1
k_ctrs[tag_ix].num == 0,1,0,1
lhs_method_count > 0,1,0,1
!expr->value.function.actual->next->expr,1,0,1
ref->dw_attr_val.val_class == dw_val_class_die_ref,1,0,1
ar->codimen,1,0,1
"__a <= (__detail::_Shift<_UIntType, __w>::__value - 1), ""template argument substituting __a out of bound""",1,0,1
br->m_opcode == BRIG_OPCODE_CBR,1,0,1
to_inherit_num < LRA_MAX_INSN_RELOADS,1,0,1
dk == REG_DEP_ANTI,1,0,1
i != noperands - 1,1,0,1
load_place != -1,1,0,1
!copy,1,0,1
(size_t)pch_address_space % pagesize == 0 && sizeof (pch_address_space) % pagesize == 0,1,0,1
info.type0 == info.type1,1,0,1
type_die,1,0,1
index < sizeof content_memory,1,0,1
r.a[2] == 60,1,0,1
sparc_leaf_function_p == crtl->uses_only_leaf_regs,1,0,1
ff->children_reducer_map == 0,1,0,1
entry->type != NULL && entry->var_decl != NULL,1,0,1
usage->item->cls,1,0,1
c == token[i],1,0,1
tree_contains_struct[FUNCTION_DECL][TS_DECL_COMMON],1,0,1
!virtual_operand_p (name),1,0,1
buf_size >= 24,1,0,1
Linemap::is_unknown_location(this->location_),1,0,1
(unsigned) l_frame_offset == frame_offset_,1,0,1
TREE_CODE (args) == STRING_CST,1,0,1
S >= MIN_CHUNK_SIZE,1,0,1
code != ARM_NV,1,0,1
r.a[3] == 0x7ff7,1,0,1
TREE_CHAIN (parm_types) == NULL,1,0,1
e->ref->u.ar.type == AR_ELEMENT,1,0,1
stack->current->next->op == EXEC_END_NESTED_BLOCK,1,0,1
!map->old_tree,1,0,1
SCALAR_INT_MODE_P (outer_mode),1,0,1
ivtab && CLASS_DATA (ivtab)->initializer,1,0,1
TREE_CODE (*expr_p) == CALL_EXPR,1,0,1
"!bitmap_bit_p (current->split_bbs, e->src->index)",1,0,1
c <= start,1,0,1
is_location_from_builtin_token (loc_a),1,0,1
!linemap_macro_expansion_map_p (LINEMAPS_LAST_ORDINARY_MAP (set)),1,0,1
GC_mark_state == MS_NONE,1,0,1
tbp->pass_arg_num > 0,1,0,1
aliasn != NULL,1,0,1
i == len,1,0,1
!hash,1,0,1
"MEM_P (target) && GET_CODE (XEXP (target, 0)) == SYMBOL_REF && SYMBOL_REF_HAS_BLOCK_INFO_P (XEXP (target, 0))",1,0,1
!FP_REG_RTX_P (op),1,0,1
!param1.is_param && !param2.is_param,1,0,1
loop->latch == region->cont || single_pred (loop->latch) == region->cont,1,0,1
(n->value & GOVD_DATA_SHARE_CLASS & flags) == 0,1,0,1
"test_property<is_nothrow_swappable, std::tuple<int>[1]>(true), """"",1,0,1
!switched_sections,1,0,1
!branch_ctx || is_gimple_omp (branch_ctx),1,0,1
array_arg->expr->expr_type == EXPR_VARIABLE,1,0,1
a && AT_class (a) == dw_val_class_unsigned_const,1,0,1
(C1 O1 C2 O2 C3) == V1,1,0,1
"(rval.lattice_val == CONSTANT && TREE_CODE (rval.value) == INTEGER_CST) || wi::sext (rval.mask, TYPE_PRECISION (TREE_TYPE (rhs))) == -1",1,0,1
e->expr_type == EXPR_FUNCTION,1,0,1
(int)VECTOR_NONE == 0,1,0,1
ss->loop->dimen <= as->rank,1,0,1
!TREE_USED (olddecl) || !TREE_SYMBOL_REFERENCED (DECL_ASSEMBLER_NAME (olddecl)),1,0,1
level >= 0,1,0,1
w->head == w->l->ltq,1,0,1
num_transitions == sinfo2->num_transitions,1,0,1
"useless_type_conversion_p (type, chrec_type (poly))",1,0,1
current_length != -1,1,0,1
TREE_CODE (min) == INTEGER_CST,1,0,1
after == NULL,1,0,1
"(C), C99_UNSUF_OCTHEX_TYPE((C))",1,0,1
GET_CODE (x) == CONST_INT && (INTVAL (x) == 1 || INTVAL (x) == 2 || INTVAL (x) == 3),1,0,1
tertiary_reload < 0,1,0,1
numsize == densize,1,0,1
GET_CODE (ptr) == INSN_LIST,1,0,1
"""cpu=max""",1,0,1
cclauses[C_OMP_CLAUSE_SPLIT_FOR] == NULL_TREE,1,0,1
!val->bases.length (),1,0,1
!flag_reduced_reflection || TARGET_VTABLE_USES_DESCRIPTORS == 0,1,0,1
r1 >= lra_constraint_new_regno_start && r2 >= lra_constraint_new_regno_start,1,0,1
"!use_return_insn (FALSE, NULL) || (cfun->machine->return_used_this_function != 0) || offsets->saved_regs == offsets->outgoing_args || frame_pointer_needed",1,0,1
!se->ignore_optional,1,0,1
!DECL_INITIAL (decl) || DECL_INITIAL (decl) == error_mark_node,1,0,1
"1, bb_d->succs->length ()",1,0,1
popcnt,1,0,1
!rtl,1,0,1
peep2_current_count >= match_len + 1,1,0,1
QUEUE_INDEX (insn->insn) == QUEUE_NOWHERE,1,0,1
num != 0,1,0,1
(void *)&s HOTTER_THAN s.ss_sp,1,0,1
TREE_CODE (field) != ERROR_MARK,1,0,1
"ipcp_val_agg_replacement_ok_p (aggvals, index, offset, val->value)",1,0,1
REGNO (nmask) == REGNO (dest),1,0,1
"st, st, struct s",1,0,1
!e,1,0,1
!regstat_n_sets_and_refs,1,0,1
"stage_count == calculate_stage_count (ps, 0)",1,0,1
"tok, tmp.get_filename (), 2, 35, 48",1,0,1
TYPE_PRECISION (c1->type) == TYPE_PRECISION (c2->type),1,0,1
TREE_CODE (decl) == FIELD_DECL && DECL_BIT_FIELD_TYPE (decl),1,0,1
(bb->flags & BB_REACHABLE) != 0,1,0,1
!DECL_NONLOCAL (label) && !FORCED_LABEL (label),1,0,1
max_cycles_num > 0 && automaton,1,0,1
phase == TDI_original || phase == TDI_class,1,0,1
(mask.to_uhwi () & (aligni - 1)) == 0,1,0,1
sym->ts.u.cl->backend_decl != NULL_TREE,1,0,1
r.a[2] == 4096,1,0,1
"__atomic_always_lock_free (1, p), """"",1,0,1
DF_REF_PREV_REG (DF_REF_NEXT_REG (ref)) == ref,1,0,1
TREE_CODE (addr) == SSA_NAME,1,0,1
"(mask & 1) == 0 || !splay_tree_lookup (ctx->field_map, key)",1,0,1
cmode == SImode || cmode == SFmode || cmode == DFmode,1,0,1
"test_property<is_swappable, funny::F[1][2][3]>(false), """"",1,0,1
__nn != 0,1,0,1
n_args <= (int) ARRAY_SIZE (args),1,0,1
occ->next->parent == occ,1,0,1
"BASIC_BLOCK_FOR_FN (cfun, old_index) == NULL",1,0,1
cclauses[C_OMP_CLAUSE_SPLIT_DISTRIBUTE] == NULL_TREE,1,0,1
low > 0 && high > 0,1,0,1
!in_p || rclass != reload_class || icode != CODE_FOR_nothing || t_icode != CODE_FOR_nothing,1,0,1
!(parent_ff->call_stack->flags & CILK_FRAME_MBZ),1,0,1
"example_b.contains_point (5, 9)",1,0,1
worklist.length () >= 1,1,0,1
"0, >=, 2, <=, 3, 1, 1, 0",1,0,1
r.a[1] == 8,1,0,1
STACK_TOP_P (cmp_op0),1,0,1
GET_MODE (dest) == QImode,1,0,1
!sinfo->merged_p,1,0,1
"!find_omp_clause (gimple_omp_target_clauses (tgt_stmt), OMP_CLAUSE__GRIDDIM_)",1,0,1
TREE_CODE (decl) == LABEL_DECL,1,0,1
(TREE_CODE (root) == NAMESPACE_DECL || TREE_CODE (root) == FUNCTION_DECL || CLASS_TYPE_P (root)),1,0,1
INTVAL (cookie) == 0,1,0,1
sz >= s,1,0,1
tem == op,1,0,1
"bb, as_a <gcond *> (last)",1,0,1
!context.invalid,1,0,1
!CONST_DOUBLE_HIGH (x),1,0,1
a->size >= dst_size,1,0,1
tp_mode == DImode,1,0,1
r.a[1] == 4096,1,0,1
"reg_class_subset_p (REGNO_REG_CLASS (REGNO (lhs)), POINTER_REGS)",1,0,1
val->odr_violated || !odr_must_violate,1,0,1
"test_property<is_nothrow_swappable, ns2::SwapThrow[1]>(false), """"",1,0,1
ff->sync_master == w,1,0,1
ppath && *ppath,1,0,1
r.a[1] == 42,1,0,1
"TREE_CODE (TREE_OPERAND (node, 0)) == ADDR_EXPR",1,0,1
"!""should not execute the the stub filter""",1,0,1
INSN_SIMPLEJUMP_P (insn),1,0,1
"!outside_finally_tree (temp, tf->try_finally_expr)",1,0,1
int_no <= (uintmax_t) (exponent < 0 ? (INTMAX_MAX - bits + 1) / 4 : (INTMAX_MAX - exponent - bits + 1) / 4),1,0,1
X == 4896,1,0,1
old_time_est == estimate_edge_time (edge),1,0,1
next->m_first_line >= current->m_first_line,1,0,1
tok < peek,1,0,1
!TARGET_AIX || (sel & SAVRES_REG) != SAVRES_GPR,1,0,1
latches.length () > 0,1,0,1
tb,1,0,1
target_part,1,0,1
TREE_CODE (t2) == TREE_LIST,1,0,1
"TREE_CODE (fns) == TEMPLATE_DECL || TREE_CODE (fns) == OVERLOAD || TREE_CODE (fns) == IDENTIFIER_NODE || TREE_CODE (fns) == LOOKUP_EXPR, 20020730",1,0,1
(CILK_DEFAULT_STACK_SIZE % PAGE) == 0,1,0,1
best_fit,1,0,1
OBJECT_P (index),1,0,1
bitsize % value_bit == 0,1,0,1
size_in_bytes != -1,1,0,1
"1, !=, 2, !=, 3, 1, 1, 0",1,0,1
(func_type->__common.__code & GO_CODE_MASK) == GO_FUNC,1,0,1
GET_MODE_SIZE (mode) <= 16,1,0,1
ainsn,1,0,1
REG_P (SET_SRC (PATTERN (insn))),1,0,1
TREE_CODE (arg0) == INTEGER_CST,1,0,1
first->ts.type == BT_CHARACTER,1,0,1
TYPE_PRECISION (val_type) == TYPE_PRECISION (TREE_TYPE (arg[0])),1,0,1
w->l->fiber_to_free == NULL,1,0,1
sz == m->topsize,1,0,1
gimple_assign_single_p (s),1,0,1
DR_IS_READ (STMT_VINFO_DATA_REF (stmt_info)),1,0,1
gfc_wide_fits_in_byte (s[i]),1,0,1
g->sysdep->threads,1,0,1
gimple_omp_for_collapse (for_stmt) == 1,1,0,1
ALLOCNO_UPDATED_CONFLICT_HARD_REG_COSTS (allocno) == NULL,1,0,1
"1 <= __r && __r <= __p, ""template argument substituting __r out of bounds""",1,0,1
!arc->insn->insn_reserv_decl->equiv_class_num,1,0,1
nested_loop->parent == loop,1,0,1
temp_bb != NULL,1,0,1
BB_END (bb) == last,1,0,1
ix86_cmodel == CM_LARGE_PIC && !TARGET_PECOFF,1,0,1
!ie->indirect_info->by_ref,1,0,1
!JUMP_P (BB_END (a)),1,0,1
arr[i] == i + (i / 32) * 13,1,0,1
MEM_P (memref),1,0,1
(MARK_BITS_SZ & 1) == 0,1,0,1
sum == 33,1,0,1
code == HTM_BUILTIN_GET_TEXASRU || code == HTM_BUILTIN_SET_TEXASRU,1,0,1
"test_property<is_nothrow_swappable, ns3::SwapNoThrow[1]>(true), """"",1,0,1
i2 && JUMP_P (i2),1,0,1
new_pos < old_pos,1,0,1
in_n_elts < n_elts,1,0,1
len < sz,1,0,1
!VAR_P (decl) || !DECL_VTABLE_OR_VTT_P (decl),1,0,1
do_code->op == EXEC_DO || do_code->op == EXEC_DO_CONCURRENT,1,0,1
!edge->call_stmt_cannot_inline_p || edge->inline_failed != CIF_BODY_NOT_AVAILABLE,1,0,1
shift_count > 0 && shift_count < 32,1,0,1
"test_property<is_swappable, std::pair<int, int>[1][2]>(true), """"",1,0,1
offset % 2 == 0,1,0,1
poly,1,0,1
"this_target_recog->x_bool_attr_masks[code][attr] == get_bool_attr_mask_uncached (insn, attr)",1,0,1
!dispatchers[disp->type],1,0,1
hty->u.s.lang_struct == current,1,0,1
TREE_CODE_LENGTH (code) == 1,1,0,1
!(TREE_CODE (decl) == FUNCTION_DECL && DECL_VIRTUAL_P (decl)),1,0,1
!m_initialized,1,0,1
!q_size && !ready.n_ready && !ready.n_debug,1,0,1
max_distance > 0,1,0,1
"!TYPE_SIZE_UNIT (t1) || !TYPE_SIZE_UNIT (t2) || operand_equal_p (TYPE_SIZE_UNIT (t1), TYPE_SIZE_UNIT (t2), 0)",1,0,1
stmt_index < i,1,0,1
ar,1,0,1
DEBUG_INSN_P (ins),1,0,1
stmt2 != NULL,1,0,1
node->clone_of || !node->has_gimple_body_p () || in_lto_p || DECL_RESULT (node->decl),1,0,1
TYPE_PTRMEMFUNC_P (ptrmem_type),1,0,1
nop >= 0 && ndup >= 0 && nalt >= 0,1,0,1
bbs_p->length () > 0,1,0,1
shift == 0 || shift == 1 || shift == 2 || shift == 3,1,0,1
vector_a->rank == 1,1,0,1
!insn_rec->eq_uses,1,0,1
"false, s.add (blue)",1,0,1
GET_CODE (op1) == CONST_VECTOR,1,0,1
TYPE_SIZE (type),1,0,1
terminated_this_insn->regno == REGNO (recog_data.operand[1]),1,0,1
!gimple_seq_last (*i->seq),1,0,1
sched_pressure != SCHED_PRESSURE_NONE,1,0,1
lo != NULL && lo->sobj_r == NULL && lo->sobj_w != NULL && lo->section == NULL,1,0,1
"__builtin_cpu_supports (""avx"")",1,0,1
TREE_CODE (type) == TYPENAME_TYPE,1,0,1
"GET_CODE (XEXP (decl_rtl, 0)) == SYMBOL_REF",1,0,1
nregs >= 1,1,0,1
text,1,0,1
!((uintptr_t)p & (G.pagesize - 1)),1,0,1
"XVECLEN (trueop1, 0) == GET_MODE_NUNITS (mode)",1,0,1
"(GET_CODE (cond) == EQ || GET_CODE (cond) == NE) && GET_CODE (XEXP (cond, 0)) == REG && CR_P (REGNO (XEXP (cond, 0))) && XEXP (cond, 1) == const0_rtx",1,0,1
argp <= &stack[bytes],1,0,1
TYPE_NAME (t1) && TYPE_NAME (t2) && TREE_CODE (TYPE_NAME (t1)) == TYPE_DECL && TREE_CODE (TYPE_NAME (t2)) == TYPE_DECL,1,0,1
fallback & fb_lvalue,1,0,1
NULL == active_playback_ctxt,1,0,1
code == REALPART_EXPR || code == IMAGPART_EXPR,1,0,1
"""system=tpf""",1,0,1
GET_CODE (x) != NEG,1,0,1
INSN_PRIORITY_KNOWN (tmp) && INSN_PRIORITY_KNOWN (tmp2),1,0,1
postorder[i] < rev_top_order_index_len,1,0,1
path,1,0,1
!trail,1,0,1
self != INVALID_THREADID,1,0,1
"best_reg == NULL_RTX || TEST_HARD_REG_BIT (sel_hrd.regs_ever_used, REGNO (best_reg))",1,0,1
"ENTRY_BLOCK, entry->index",1,0,1
"1, !=, 2, <, 3, 0, 1, 0",1,0,1
exit_label,1,0,1
TREE_CODE (temp) == INIT_EXPR || TREE_CODE (temp) == MODIFY_EXPR,1,0,1
union_or_struct_p (base),1,0,1
!*init,1,0,1
src_node->cuid < dest_node->cuid,1,0,1
ar->start[i] == NULL,1,0,1
r.a[1] == (-3*12 + -2*13),1,0,1
0 <= exponent && exponent < 3 && exponent + to_shift < BITS_PER_MP_LIMB,1,0,1
dflow->block_info_size > index,1,0,1
first != NULL && second != NULL,1,0,1
dwf_regno (addr) == cur_cfa->reg,1,0,1
"GET_CODE (*r->where) != LABEL_REF || !JUMP_P (insn) || find_reg_note (insn, REG_LABEL_OPERAND, XEXP (*r->where, 0)) || label_is_jump_target_p (XEXP (*r->where, 0), insn)",1,0,1
sched_cfv4_bypass_data.pro == def_insn && sched_cfv4_bypass_data.con == insn,1,0,1
"__b <= (__detail::_Shift<_UIntType, __w>::__value - 1), ""template argument substituting __b out of bound""",1,0,1
Empty != Deleted,1,0,1
new_arg,1,0,1
No (Name (gnat_node)) && Back_End_Exceptions (),1,0,1
"0, postdom_by_b.length ()",1,0,1
"!virtual_offset || wi::eq_p (virtual_offset, virtual_value)",1,0,1
"tmpl == gen_tmpl || ((fndecl = retrieve_specialization (tmpl, orig_args, 0)) == spec) || fndecl == NULL_TREE",1,0,1
here <= limit,1,0,1
new_bb == EXIT_BLOCK_PTR_FOR_FN (cfun),1,0,1
"pred, __LINE__",1,0,1
"!timercmp (&stamps[1][0], &stamps[0][1], >)",1,0,1
from_mode != BLKmode,1,0,1
!DECL_COMDAT (decl),1,0,1
addr == 0,1,0,1
ggc_marked_p (test_some_other_subclass),1,0,1
binop,1,0,1
 ((_RAIter1)__seq0 - __seqs_begin[0].first) + ((_RAIter1)__seq1 - __seqs_begin[1].first) + ((_RAIter1)__seq2 - __seqs_begin[2].first) == __orig_length,1,0,1
code != CODE_FOR_nothing && promoted_val != NULL_RTX,1,0,1
ret_val == result,1,0,1
!child_cfun->cfg,1,0,1
TREE_CODE (ind) == INDIRECT_REF,1,0,1
dir && *dir,1,0,1
gimple_code (s) >= GIMPLE_OMP_ATOMIC_LOAD && gimple_code (s) <= GIMPLE_OMP_TEAMS,1,0,1
PAGE_ALIGNED(hhdr -> hb_sz),1,0,1
dup_count == acc.dupnums.length (),1,0,1
supercnt >= thiscnt,1,0,1
"example_b.contains_point (5, 7)",1,0,1
POINTER_TYPE_P (va_type),1,0,1
inline_edge_summary (edge)->call_stmt_size || !edge->callee->analyzed,1,0,1
syms > left && left > 0 && len < max,1,0,1
bbs.length () >= 2,1,0,1
"""machine=tilegx""",1,0,1
m->dvsize == chunksize(m->dv),1,0,1
"4, >=, 3, >>, 2, 1, 0, 1",1,0,1
GET_CODE (reg_save_area) == MEM,1,0,1
old_size_est == estimate_edge_size (edge),1,0,1
regno1 != regno2,1,0,1
t1->specific && t2->specific,1,0,1
gimple_code (a->stmt) == GIMPLE_PHI,1,0,1
can_increase_alignment_p () && align < MAX_OFILE_ALIGNMENT,1,0,1
!VOID_TYPE_P (TREE_TYPE (*expr_p)),1,0,1
(expr->value.function.esym != NULL && expr->value.function.esym->attr.elemental) || (expr->value.function.isym != NULL && expr->value.function.isym->elemental) || gfc_inline_intrinsic_function_p (expr),1,0,1
DECL_FUNCTION_CODE (clone) == fcode,1,0,1
r_pfedge->type,1,0,1
latest_undo_chgset->previous == NULL,1,0,1
current_frame_info.total_size || !current_frame_info.gmask,1,0,1
EDGE_COUNT (gimple_bb (stmt)->succs) == 2,1,0,1
DECL_INVALID_OVERRIDER_P (overrider_target) || !DECL_THUNK_P (fn),1,0,1
!e->value.compcall.assign,1,0,1
ggc_marked_p (test_some_subclass),1,0,1
MEM_P (sfr),1,0,1
"rtx_equal_p (src, operands[1]) || (REG_P (src) && REG_P (operands[1]))",1,0,1
expr2->expr_type == EXPR_FUNCTION,1,0,1
"""cpu=mipsel""",1,0,1
!n_edges_for_fn (fn),1,0,1
"integer_zero_node, null_pointer_node, null_pointer_node",1,0,1
decl_state,1,0,1
"et_below (b, c)",1,0,1
0 == (start_location & ((1 << set->default_range_bits) - 1)),1,0,1
name == complete_ctor_identifier || name == base_ctor_identifier || name == complete_dtor_identifier || name == base_dtor_identifier || name == deleting_dtor_identifier || name == ansi_assopname (NOP_EXPR),1,0,1
DECL_P (not_handled_by_others_decl),1,0,1
w->g->work_done,1,0,1
regno1 >= lra_constraint_new_regno_start && regno2 >= lra_constraint_new_regno_start,1,0,1
MEM_P (operands[1]),1,0,1
slp == PURE_SLP_STMT (stmt_info),1,0,1
!update_overall_summary || !overall_size || new_edges_found || abs (estimated_growth - (new_size - old_size)) <= 1 || speculation_removed || predicated,1,0,1
datum != NULL_RTX && GET_CODE (datum) == SYMBOL_REF,1,0,1
!complement_final_p,1,0,1
opt < GCC_JIT_NUM_BOOL_OPTIONS,1,0,1
"strcmp ((S1), (S2))",1,0,1
frame.frm_pc < fn->fn_num_ops,1,0,1
"test_property<is_swappable, std::tuple<int>[1]>(true), """"",1,0,1
sub_cons == NULL,1,0,1
!((TREE_CODE (lhstype) == REFERENCE_TYPE && MAYBE_CLASS_TYPE_P (TREE_TYPE (lhstype))) || MAYBE_CLASS_TYPE_P (lhstype)),1,0,1
fd->collapse == 1 || collapse_iter != NULL,1,0,1
"n + 2, n_basic_blocks_for_fn (fun)",1,0,1
decl_function_context (LABEL_EXPR_LABEL (*expr_p)) == current_function_decl,1,0,1
true_dependency_cache == NULL || present_p,1,0,1
TREE_CODE (TREE_TYPE (value)) != VECTOR_TYPE,1,0,1
params == orig_params,1,0,1
tree_contains_struct[RESULT_DECL][TS_DECL_COMMON],1,0,1
!in_words_to_go,1,0,1
"test_property<is_swappable, std::tuple<int>[1][2][3]>(true), """"",1,0,1
opt < GCC_JIT_NUM_STR_OPTIONS,1,0,1
max_distance >= 0,1,0,1
flag_schedule_interblock || current_nr_blocks == 1,1,0,1
"hard_reg_set_equal_p (old->reg_set, new_stack->reg_set)",1,0,1
mp != min_mp,1,0,1
pedigree_tls[1].rank != -1,1,0,1
TARGET_SOFT_FLOAT,1,0,1
head != tail || INSN_P (head),1,0,1
code->op == EXEC_COMPCALL,1,0,1
DECL_CHAIN (*adjust),1,0,1
TREE_CODE (alias) == VAR_DECL,1,0,1
first_arg == NULL_TREE,1,0,1
decimal_len > 0,1,0,1
"rs6000_is_valid_and_mask (GEN_INT (mask2), mode)",1,0,1
r.a[2] == -10,1,0,1
!is_gimple_debug (stmt),1,0,1
tree_contains_struct[VAR_DECL][TS_DECL_COMMON],1,0,1
"__builtin_cpu_supports (""avx2"") >= 0",1,0,1
GC_find_header((ptr_t)hbp) == hhdr,1,0,1
"""machine=mn10300""",1,0,1
bb->index < last_basic_block_for_fn (cfun),1,0,1
"1, >, 2, ==, 3, 0, 0, 1",1,0,1
code->ext.actual->next->expr->expr_type == EXPR_VARIABLE,1,0,1
"r_ipp, (void *)0, int *restrict *",1,0,1
TYPE_VECTOR_SUBPARTS (TREE_TYPE (arg0)) == nelts && TYPE_VECTOR_SUBPARTS (TREE_TYPE (arg1)) == nelts,1,0,1
x == CONST0_RTX (GET_MODE (x)),1,0,1
e == v->address (),1,0,1
"exp_filename, LOCATION_FILE (loc)",1,0,1
VFP_REGNO_OK_FOR_DOUBLE (regno) || NEON_REGNO_OK_FOR_QUAD (regno),1,0,1
tem == last_case,1,0,1
targetm_common.have_named_sections,1,0,1
"VOID_TYPE_P (TREE_TYPE (value)) || TREE_TYPE (decl) == TREE_TYPE (value) || useless_type_conversion_p (TREE_TYPE (decl), TREE_TYPE (value))",1,0,1
expr->ts.type == BT_CHARACTER || !se->post.head,1,0,1
target_prob >= 0,1,0,1
"""machine=epiphany""",1,0,1
info2->n_functions == n_functions,1,0,1
BB_HEAD (e->dest) == label_rtx (lp->post_landing_pad),1,0,1
insns && INSN_P (insns) && NEXT_INSN (insns),1,0,1
FIRST_PSEUDO_REGISTER >= 144,1,0,1
descr < (word)GC_greatest_plausible_heap_addr - (word)GC_least_plausible_heap_addr,1,0,1
!(VAR_P (decl) && DECL_VIRTUAL_P (decl)),1,0,1
"reload_completed && mode != QImode && mode != HImode && nonimmediate_operand (dest, mode) && general_operand (src, mode)",1,0,1
tree_contains_struct[FUNCTION_DECL][TS_DECL_WRTL],1,0,1
mask >= 1 && mask <= 14,1,0,1
pos <= 3,1,0,1
saved_profile_info,1,0,1
active_playback_ctxt == this,1,0,1
xvar,1,0,1
info.ndimensions >= 0 && (info.ndimensions <= DWARF2OUT_ARRAY_DESCR_INFO_MAX_DIMEN),1,0,1
ARC_INVERSE_CONDITION_CODE (raw_cc) == statep->cc,1,0,1
vector_ctor,1,0,1
from == ARG_POINTER_REGNUM || from == FRAME_POINTER_REGNUM,1,0,1
"test_property<is_nothrow_swappable, construct::DelCopy>(false), """"",1,0,1
chainsi->length || chainsi->stmt,1,0,1
"gfc_array_size (expr, &size)",1,0,1
NULL == cilk_fiber_get_data(w->l->scheduling_fiber)->owner,1,0,1
"ctor_p::value, ""default constructor not trivial""",1,0,1
node_info,1,0,1
locked,1,0,1
"is_attribute_p (spec->name, name)",1,0,1
get_attr_trap (i) != TRAP_YES || (!(sum.defd.i & sum.used.i) && !(sum.defd.fp & sum.used.fp)),1,0,1
" !is_void<_Tp1>::value, ""incomplete type"" ",1,0,1
! (hi & lo),1,0,1
(symbol && addrtype == hsa_get_segment_addr_type (symbol->m_segment)) || (!symbol && addrtype == hsa_get_segment_addr_type (BRIG_SEGMENT_FLAT)),1,0,1
num_uses < ARRAY_SIZE (uses),1,0,1
"""machine=nvptx""",1,0,1
lhsc.length () == 1,1,0,1
"GET_CODE (XEXP (addr, 0)) == PLUS && GET_CODE (XEXP (XEXP (addr, 0), 0)) == SYMBOL_REF",1,0,1
is_load,1,0,1
loops_state_satisfies_p (LOOP_CLOSED_SSA),1,0,1
"useless_type_conversion_p (old_type, type)",1,0,1
"!reg_overlap_mentioned_p (dest, temp)",1,0,1
DECL_ARTIFICIAL (decl),1,0,1
sizeof (insert_only_hash_set) == 2 * sizeof (size_type),1,0,1
!old_node->ipa_transforms_to_apply.exists (),1,0,1
(pcum->aapcs_reg != NULL_RTX) != (pcum->aapcs_stack_words != 0),1,0,1
(!ref1->ref || DECL_P (ref1->ref) || handled_component_p (ref1->ref) || INDIRECT_REF_P (ref1->ref) || TREE_CODE (ref1->ref) == TARGET_MEM_REF) && (!ref2->ref || DECL_P (ref2->ref) || handled_component_p (ref2->ref) || INDIRECT_REF_P (ref2->ref) || TREE_CODE (ref2->ref) == TARGET_MEM_REF),1,0,1
"test_property<is_swappable, funny::F>(false), """"",1,0,1
!p->clause[1] && p->clause[0] == 1 << predicate_false_condition,1,0,1
*sparams->original_insns,1,0,1
r.a[0] == 0x7ff7,1,0,1
nested_loop->next == NULL,1,0,1
loop->from[n] == gfc_index_zero_node,1,0,1
"""\""before\\013after\"""", ""before\vafter""",1,0,1
var_nonlocal->id == nonlocal_id,1,0,1
!origin_node->next_sibling_clone,1,0,1
"__builtin_cpu_supports (""popcnt"")",1,0,1
state != NULL,1,0,1
ds == 0,1,0,1
lto_tag_is_gimple_code_p (tag),1,0,1
fd >= 0,1,0,1
sched_deps_info->generate_spec_deps,1,0,1
TREE_CODE (call) == AGGR_INIT_EXPR,1,0,1
w->current_stack_frame != sf,1,0,1
dest == seh->cfa_reg,1,0,1
GET_MODE_CLASS (TYPE_MODE (TREE_TYPE (op0))) == MODE_VECTOR_INT,1,0,1
entry -> thread == pthread_self(),1,0,1
!use_insn,1,0,1
GET_CODE (rhs) == MEM,1,0,1
STACK_TOP_P (operands[1]),1,0,1
nargs == 2 && insn_data[new_icode].operand[0].mode == tmode && insn_data[new_icode].operand[1].mode == tmode && insn_data[new_icode].operand[2].mode == mode && insn_data[new_icode].operand[0].predicate == insn_data[icode].operand[0].predicate && insn_data[new_icode].operand[1].predicate == insn_data[icode].operand[1].predicate,1,0,1
t->kind == TYPE_ARRAY,1,0,1
"!bitmap_bit_p (bbs, single_succ (exit)->index)",1,0,1
result >= min,1,0,1
(seven + minus_nine) == -2,1,0,1
var1 != var2,1,0,1
!TREE_ASM_WRITTEN (olddecl),1,0,1
*loopss != gfc_ss_terminator,1,0,1
remap->u.ar.start[dim] && remap->u.ar.end[dim],1,0,1
scope,1,0,1
r == -665556,1,0,1
"test_property<is_swappable, std::array<int, 1>[1][2]>(true), """"",1,0,1
"dwf_regno (XEXP (src, 0)) == cur_cfa->reg",1,0,1
n <= peep2_current_count,1,0,1
expr->value.function.actual->next->expr == NULL,1,0,1
indirect_unknown_callee,1,0,1
"dom_info_state (fn, CDI_POST_DOMINATORS) == DOM_NONE",1,0,1
!was_changed,1,0,1
(sizeof p++) == (sizeof p),1,0,1
"rsrv_data[card].rsrv_cnt == 0 || strncmp((char *)tag, rsrv_data[card].owner, ORSL_MAX_TAG_LEN) == 0",1,0,1
sign_p == SIGNED,1,0,1
pinuse(q),1,0,1
nargs >= 2,1,0,1
arg_stores,1,0,1
GET_CODE (op1) != CONST_VECTOR,1,0,1
DEP_LINK_PREV_NEXTP (l) == NULL && DEP_LINK_NEXT (l) == NULL,1,0,1
omp_parallel_combined_clauses == NULL,1,0,1
loop->former_header != NULL,1,0,1
integer_zerop (DR_STEP (ref)),1,0,1
rclass != NO_REGS || (optional != 0 && type == RELOAD_FOR_OUTPUT),1,0,1
got_wi,1,0,1
last_action != -3 || (last_action_insn == last_no_action_insn_before_switch),1,0,1
e1->dest == new_bb,1,0,1
"GIMPLE_BIND, gimple_code (bind_stmt)",1,0,1
insn != NULL && set_src != NULL && set_rtx != NULL,1,0,1
"(TREE_CODE (cond) == TRUTH_NOT_EXPR && is_gimple_condexpr (TREE_OPERAND (cond, 0))) || is_gimple_condexpr (cond)",1,0,1
REG_P (r) && SCALAR_INT_MODE_P (GET_MODE (r)),1,0,1
ctx->variant_part_offset == NULL_TREE || TREE_CODE (DECL_FIELD_CONTEXT (decl)) != QUAL_UNION_TYPE,1,0,1
EXPR_LOCATION (map->new_tree) == UNKNOWN_LOCATION,1,0,1
var != NULL_TREE && DECL_P (var),1,0,1
decl == error_mark_node || variable_template_p (tmpl) || !(DECL_CONSTRUCTOR_P (decl) || DECL_DESTRUCTOR_P (decl)) || DECL_CLONED_FUNCTION_P (DECL_CHAIN (decl)),1,0,1
!dc->readonly,1,0,1
scratch_class == rclass,1,0,1
"IN_RANGE (*amountp, 0, 31)",1,0,1
unop,1,0,1
TREE_CODE (*node) == POINTER_TYPE,1,0,1
!arg->locate.offset.var && arg->locate.size.var == 0 && CONST_INT_P (size_rtx),1,0,1
opt < GCC_JIT_NUM_INT_OPTIONS,1,0,1
k == 0 || (curr_static_id->operand[j].type == OP_OUT && curr_static_id->operand[i].type == OP_IN && (curr_static_id->operand [goal_alt_matched[j][0]].type == OP_IN)),1,0,1
die,1,0,1
TREE_CODE (expr) == INTEGER_CST,1,0,1
tramp == codeloc,1,0,1
pass_tab.exists (),1,0,1
fn->eh,1,0,1
"test_property<is_swappable, UnionType>(true), """"",1,0,1
depth <= ldepth,1,0,1
DECL_FUNCTION_CODE (new_decl) < BEGIN_CHKP_BUILTINS,1,0,1
crtl->has_bb_partition,1,0,1
ret != ALL_REGS,1,0,1
!optimize || flag_caller_saves || (ALLOCNO_CALLS_CROSSED_NUM (a) == ALLOCNO_CHEAP_CALLS_CROSSED_NUM (a)) || ira_equiv_no_lvalue_p (regno),1,0,1
s[0] == '0',1,0,1
TREE_CODE (t1) == SSA_NAME,1,0,1
TARGET_V32 && flag_pic,1,0,1
ref->u.ar.type == AR_FULL && ref->next == NULL,1,0,1
dist_ij > 0,1,0,1
!alias->weakref || TREE_PUBLIC (alias->decl),1,0,1
info->op_info[opno1].n_chains == 1,1,0,1
augmenting_path,1,0,1
"test_property<is_swappable, void>(false), """"",1,0,1
TREE_CODE (decl) == DEBUG_EXPR_DECL,1,0,1
info->mode != VOIDmode,1,0,1
!(new_ts & HARD_DEP) || new_ts == old_ts,1,0,1
INSN_SEQNO (insn) <= new_hs,1,0,1
have_regs_of_mode[mode],1,0,1
cfun == DECL_STRUCT_FUNCTION (current_function_decl),1,0,1
is_a <bb_vec_info> (vinfo),1,0,1
start < (MEM_P (op) ? BITS_PER_UNIT : BITS_PER_WORD),1,0,1
red[i] == i + 100,1,0,1
prefix != NULL,1,0,1
"""machine=ia64""",1,0,1
!edge_old,1,0,1
ENTRY_BLOCK_PTR_FOR_FN (DECL_STRUCT_FUNCTION (callee_fndecl)),1,0,1
mode == V4SFmode,1,0,1
"MEM_P (XEXP (call, 0))",1,0,1
"m_filename, NULL",1,0,1
is_mmapped(p) || pinuse(p) || next_chunk(prev_chunk(p)) == p,1,0,1
kfor->cont,1,0,1
!cost2.infinite_cost_p (),1,0,1
num_versions >= 2,1,0,1
nfences >= 2,1,0,1
GET_MODE (data_regs[i]) == QImode,1,0,1
decoded->canonical_option_num_elements == 1,1,0,1
(rax & 0xffff) == 42 && xmm0d[0] == 43,1,0,1
!bb_vinfo && (relevance == vect_used_in_outer || relevance == vect_used_in_outer_by_reduction || relevance == vect_used_by_reduction || relevance == vect_unused_in_scope || relevance == vect_used_only_live),1,0,1
slot * 4 <= bytes,1,0,1
empty_expr_stmt_p (cond),1,0,1
r.a[5] == 4,1,0,1
"GET_CODE (src) == PARALLEL && GET_CODE (dst) == PARALLEL && XVECLEN (src, 0) == XVECLEN (dst, 0)",1,0,1
sel_bb_empty_p (recovery_block),1,0,1
b == last_bb,1,0,1
be >= back_edge_space,1,0,1
"et_below (d, c)",1,0,1
! CLASS_INTERFACE (TYPE_NAME (DECL_CONTEXT (method))),1,0,1
!id->prevent_decl_creation_for_types,1,0,1
link->racc == racc,1,0,1
current_frame.fpu_no >= MIN_FMOVEM_REGS,1,0,1
innermost_scope_kind () == sk_template_parms || innermost_scope_kind () == sk_template_spec,1,0,1
opc == BRIG_OPCODE_LD || opc == BRIG_OPCODE_ST,1,0,1
pc_set (jump_insn),1,0,1
ftmp,1,0,1
DECL_LANG_SPECIFIC (r) != 0,1,0,1
TREE_CODE (attr1) == IDENTIFIER_NODE && TREE_CODE (attr2) == IDENTIFIER_NODE,1,0,1
"TREE_NAME_EQ (name, ATTR_INTR)",1,0,1
!occ->next || occ->next != occ->prev,1,0,1
ggc_marked_p (((some_subclass *) test_some_subclass_as_base_ptr)->m_b),1,0,1
OMP_CLAUSE_DECL (OMP_CLAUSE_CHAIN (c)) == get_base_address (ovar),1,0,1
NULL == ff->child_pending_exception,1,0,1
(!TREE_OVERFLOW_P (min) || is_overflow_infinity (min)) && (!TREE_OVERFLOW_P (max) || is_overflow_infinity (max)),1,0,1
depths[len] == depth && datas[len] == occ->of,1,0,1
!processing_template_decl || (SCALAR_TYPE_P (type) || TREE_CODE (type) == ARRAY_TYPE),1,0,1
w->l->frame_ff->fiber_self == starting_fiber,1,0,1
rclass == GENERAL_REGS,1,0,1
die->die_child == NULL,1,0,1
TREE_CODE (type) == ARRAY_TYPE || VECTOR_TYPE_P (type) || TREE_CODE (type) == RECORD_TYPE || TREE_CODE (type) == UNION_TYPE || TREE_CODE (type) == COMPLEX_TYPE,1,0,1
"bitmap_bit_p (subloop_node->all_allocnos, ALLOCNO_NUM (subloop_allocno))",1,0,1
GET_MODE (src_reg) == mode,1,0,1
*phandle == 0,1,0,1
TREE_CODE (expr) == COMPONENT_REF,1,0,1
e->expr_type == EXPR_VARIABLE || !e->ref,1,0,1
node->global.inlined_to || !gimple_has_body_p (decl) || DECL_EXTERNAL (decl),1,0,1
"sizeof(fpu_state_t) <= (size_t) GFC_FPE_STATE_BUFFER_SIZE, ""GFC_FPE_STATE_BUFFER_SIZE is too small""",1,0,1
ptr == buffer + length,1,0,1
u->index == tindex,1,0,1
desired_align <= size,1,0,1
TREE_CODE (decl) != PARM_DECL && TREE_CODE (decl) != RESULT_DECL,1,0,1
nregs == 0 || nregs == 1 || nregs == 2,1,0,1
r.a[6] == 50,1,0,1
!occ->parent || occ->parent->prev == occ || occ->parent->next == occ,1,0,1
GET_CODE (in_pat) == PARALLEL,1,0,1
 _S_container.cbegin() == _S_container.begin() ,1,0,1
"f[3], log2f (c1)",1,0,1
(! DECL_PT_UID_SET_P (node->decl) || DECL_PT_UID (node->decl) == DECL_UID (node->decl)) && (! DECL_PT_UID_SET_P (t) || DECL_PT_UID (t) == DECL_UID (node->decl)),1,0,1
"!bitmap_intersect_compl_p (df_live->out_of_date_transfer_functions, &all_blocks)",1,0,1
a->expr == NULL,1,0,1
TARGET_SIMD,1,0,1
bufsz > 3,1,0,1
GET_MODE_SIZE (orig_mode) % UNITS_PER_WORD == 0,1,0,1
flag_delayed_branch,1,0,1
stderr,1,0,1
"!TREE_SIDE_EFFECTS (CALL_EXPR_ARG (exp, 1)) && (call_expr_nargs (exp) < 3 || !TREE_SIDE_EFFECTS (CALL_EXPR_ARG (exp, 2)))",1,0,1
large_base != NULL,1,0,1
(int) LINEMAPS_ORDINARY_USED (line_table) == i,1,0,1
"!Unknown_Esize (gnat_entity) || Has_Size_Clause (gnat_entity) || (!IN (kind, Numeric_Kind) && !IN (kind, Enumeration_Kind) && (!IN (kind, Access_Kind) || kind == E_Access_Protected_Subprogram_Type || kind == E_Anonymous_Access_Protected_Subprogram_Type || kind == E_Access_Subtype || type_annotate_only))",1,0,1
"__l <= __w, ""template argument substituting "" ""__l out of bound""",1,0,1
"loc_cmp (node->loc, next->loc) < 0",1,0,1
"bitmap_bit_p (b, 12)",1,0,1
key <= node->m_key,1,0,1
icode < (int) NUM_INSN_CODES,1,0,1
asm_switch->nesting_level,1,0,1
"NOTE, insn->code",1,0,1
GET_MODE (SET_SRC (prev_set)) == GET_MODE (regno_reg_rtx[sregno]),1,0,1
op_output_p (op_index),1,0,1
cl == 0,1,0,1
base_term || index_term,1,0,1
DECL_ALIGN (t) != 0,1,0,1
JUMP_LABEL (insn),1,0,1
m->complex_available,1,0,1
"""system=qnx""",1,0,1
"n + 1, subgraph_nodes[0]->preds->length ()",1,0,1
existed_p,1,0,1
!TARGET_64BIT || POINTER_SIZE >= GET_MODE_BITSIZE (mode),1,0,1
(((size_t)(chunk2mem(p))) % alignment) == 0,1,0,1
!processing_spec_function,1,0,1
lto_tree_ref_encoder_size (encoder) == 0,1,0,1
!maybe_get_identifier (label),1,0,1
TREE_CODE (t) == SSA_NAME || DECL_P (t),1,0,1
node2->summary_uid > 0,1,0,1
!racc->last_link,1,0,1
s->start[i] != INVALID_START,1,0,1
VAR_P (decl) || TREE_CODE (decl) == RESULT_DECL,1,0,1
!stmt_list_stack->is_empty (),1,0,1
NULL != *sem,1,0,1
"loops_state_satisfies_p (fn, LOOPS_HAVE_RECORDED_EXITS)",1,0,1
sizeof(Type) == s,1,0,1
i == n,1,0,1
"ref1 == ref2 || (DECL_P (ref1) && DECL_P (ref2) && compare_base_decls (ref1, ref2) != 0)",1,0,1
e2->dest != current_loop_nest->header,1,0,1
sizeof(struct callinfo) == sizeof(void *),1,0,1
"""endian=big""",1,0,1
code == EQ || code == GT || code == NE || code == LE,1,0,1
TREE_CODE (f) == FIELD_DECL,1,0,1
!TREE_ASM_WRITTEN (new_block),1,0,1
ptr != end,1,0,1
powers != &_fpioconst_pow10[0],1,0,1
"!in_lto_p || !DECL_ASSEMBLER_NAME_SET_P (t) || !strcmp (""<anon>"", IDENTIFIER_POINTER (DECL_ASSEMBLER_NAME (TYPE_NAME (t))))",1,0,1
NOTE_P (temp),1,0,1
event >= PLUGIN_EVENT_FIRST_DYNAMIC,1,0,1
buf == __bnd_get_ptr_lbound (buf),1,0,1
is_mmapped(p) || sz < (s + MIN_CHUNK_SIZE),1,0,1
OMP_CLAUSE_CODE (clause) == OMP_CLAUSE_FIRSTPRIVATE || OMP_CLAUSE_CODE (clause) == OMP_CLAUSE_LINEAR,1,0,1
"__builtin_cpu_supports (""popcnt"") >= 0",1,0,1
ACCESS_REG_P (reg),1,0,1
"(mask & 2) == 0 || !ctx->sfield_map || !splay_tree_lookup (ctx->sfield_map, key)",1,0,1
code != PRE_INC && code != POST_DEC,1,0,1
(PREFETCH_BLOCK & (PREFETCH_BLOCK - 1)) == 0,1,0,1
"dtor_p::value, ""destructor not trivial""",1,0,1
ALLOCNO_NUM_OBJECTS (to) == ALLOCNO_NUM_OBJECTS (from),1,0,1
code == GIMPLE_CALL,1,0,1
num_buckets >= min_capacity,1,0,1
var->onepart && var->n_var_parts == 1,1,0,1
eltmode != BLKmode,1,0,1
gimple_code (gsi_stmt (si)) == GIMPLE_OMP_SINGLE || gimple_code (gsi_stmt (si)) == GIMPLE_OMP_MASTER || gimple_code (gsi_stmt (si)) == GIMPLE_OMP_TASKGROUP || gimple_code (gsi_stmt (si)) == GIMPLE_OMP_ORDERED || gimple_code (gsi_stmt (si)) == GIMPLE_OMP_CRITICAL || gimple_code (gsi_stmt (si)) == GIMPLE_OMP_TEAMS,1,0,1
DEBUG_INSN_P (insn) && VAR_LOC_UNKNOWN_P (INSN_VAR_LOCATION_LOC (insn)),1,0,1
param_string_cst,1,0,1
!chain->is_caller_save_insn,1,0,1
"test_property<is_swappable, std::queue<construct::Nontrivial>>(true), """"",1,0,1
dwarf_split_debug_info,1,0,1
!list->proc_tree,1,0,1
DF_REF_REG_DEF_P (def),1,0,1
t == void_node && VOID_TYPE_P (TREE_TYPE (t)),1,0,1
NULL == parent_ff->pending_exception,1,0,1
(rax & 0xffffffff) == 42 && x._float[1] == 43,1,0,1
(TREE_CODE (child) == NAMESPACE_DECL || CLASS_TYPE_P (child)),1,0,1
GET_CODE (x) == LABEL_REF,1,0,1
!COMPLETE_TYPE_P (TREE_TYPE (decl)) || !is_variable_sized (decl),1,0,1
t == redirect_edge_var_map_result (vm),1,0,1
ipa,1,0,1
"NULL, bb_seq (exit)",1,0,1
new_pos > ebb_head[BLOCK_TO_BB (bbi)],1,0,1
!tree_int_cst_sign_bit (step),1,0,1
expr->value.function.isym && expr->value.function.isym->conversion,1,0,1
free_section_f,1,0,1
SSANAMES (func),1,0,1
inner_opt >= 0 && inner_opt < NUM_INNER_BOOL_OPTIONS,1,0,1
decl == error_mark_node || !(DECL_CONSTRUCTOR_P (decl) || DECL_DESTRUCTOR_P (decl)) || DECL_CLONED_FUNCTION_P (DECL_CHAIN (decl)),1,0,1
"!bitmap_bit_p (disqualified_constants, DECL_UID (base))",1,0,1
GET_MODE (insn) != SImode,1,0,1
"test_property<is_swappable, EnumType>(true), """"",1,0,1
" &t, &routinep, error, &failure",1,0,1
DECL_P (ovar2),1,0,1
"operand_equal_p (c->base_expr, basis->base_expr, 0)",1,0,1
!as || (as->type != AS_DEFERRED && array->expr_type == EXPR_VARIABLE && !gfc_expr_attr (array).allocatable && !gfc_expr_attr (array).pointer),1,0,1
"optab_handler (mov_optab, move_mode) != CODE_FOR_nothing",1,0,1
in_lto_p && !DECL_RESULT (decl),1,0,1
"5, m.elements ()",1,0,1
GET_MODE (reg) == DImode,1,0,1
"!def_bb || flow_bb_inside_loop_p (def_bb->loop_father, bb)",1,0,1
len < 8,1,0,1
wrap || count <= 2,1,0,1
acg,1,0,1
REG_P (op0),1,0,1
"IN_RANGE (ret, 0, 31)",1,0,1
(build_vdef == NULL_TREE || build_vdef == var) && (build_vuse == NULL_TREE || build_vuse == var),1,0,1
whole_jump_insn != NULL_RTX && (JUMP_P (whole_jump_insn) || (TARGET_V32 && INSN_P (whole_jump_insn) && GET_CODE (PATTERN (whole_jump_insn)) == SEQUENCE)),1,0,1
token () == TYPEDEF,1,0,1
GET_MODE (tp) == SImode,1,0,1
TREE_CODE (pre) == SAVE_EXPR,1,0,1
page_size >= full_size,1,0,1
stree->n.tb->access != ACCESS_UNKNOWN,1,0,1
tmp == gfc_get_element_type (TREE_TYPE (desc)),1,0,1
!bb_info->artificial_uses,1,0,1
fixup_graph->num_vertices == fnum_vertices_after_transform,1,0,1
alias_item->type == VAR,1,0,1
nop_pattern == NULL_RTX && exit_insn == NULL_RTX,1,0,1
TREE_CODE (alias) == FUNCTION_DECL,1,0,1
DECL_BUILT_IN_CLASS (fndecl) == BUILT_IN_NORMAL && fcode < BEGIN_CHKP_BUILTINS,1,0,1
candidate,1,0,1
(ds1 & SPECULATIVE) && (ds2 & SPECULATIVE),1,0,1
succ_bbi > bbi,1,0,1
!label_ctx || is_gimple_omp (label_ctx),1,0,1
ainsn->first_insn_with_same_reservs,1,0,1
"test_property<is_swappable, construct::Empty>(true), """"",1,0,1
entry != (DIR *) NULL,1,0,1
TREE_CODE (parm) == TEMPLATE_PARM_INDEX,1,0,1
e->value.op.op1,1,0,1
GET_MODE (VINSN_LHS (vi)) == GET_MODE (new_reg),1,0,1
flag_f2c && proc_sym->ts.type == BT_COMPLEX,1,0,1
GET_CODE (splat_vec) == VEC_DUPLICATE,1,0,1
fd->iter_type == long_integer_type_node || !in_combined_parallel,1,0,1
"3, |, 2, ^, 1, 3, 2, 3",1,0,1
is_gimple_min_invariant (op),1,0,1
*insn_constraint == '=',1,0,1
LAMBDA_EXPR_THIS_CAPTURE (t) == NULL_TREE && LAMBDA_EXPR_PENDING_PROXIES (t) == NULL,1,0,1
"_Tp() >= _Tp(), ""meq""",1,0,1
TREE_CODE (target) == IDENTIFIER_NODE,1,0,1
&C[3] == &A[1][1],1,0,1
GFC_DESCRIPTOR_TYPE_P (TREE_TYPE (pointer)),1,0,1
TREE_CODE (maxidx) == INTEGER_CST,1,0,1
EDGE_COUNT (e->src->succs) == 2,1,0,1
"__if_hash_cached<is_default_constructible<_H2>>::value, ""Functor used to map hash code to bucket index"" "" must be default constructible""",1,0,1
insn_static_data->operand[i].type == (insn_static_data->operand[i].constraint[0] == '=' ? OP_OUT : insn_static_data->operand[i].constraint[0] == '+' ? OP_INOUT : OP_IN),1,0,1
j <= nargs,1,0,1
breg == 0,1,0,1
num_ops > 0 && num_ops <= tilepro_multiply_insn_seq_MAX_OPERATIONS,1,0,1
fd->sched_kind == OMP_CLAUSE_SCHEDULE_CILKFOR,1,0,1
!bytepos,1,0,1
GET_CODE (*memop) == MEM,1,0,1
REG_P (loc) && GET_MODE (loc) == V1TImode,1,0,1
module_ns->proc_name->attr.flavor == FL_MODULE,1,0,1
ALLOCNO_NUM_OBJECTS (another_a) == ALLOCNO_NUM_OBJECTS (another_parent_a),1,0,1
!m->fs.realigned,1,0,1
(ts & BEGIN_CONTROL) != 0,1,0,1
!VALUE_RECURSED_INTO (node->loc),1,0,1
TREE_CODE (use) == SSA_NAME,1,0,1
idx == -1,1,0,1
spill_class != NO_REGS,1,0,1
bb_index < (unsigned) last_basic_block_for_fn (cfun),1,0,1
"!real_equal (&bcv, &dconst1) && !real_less (&bcv, &dconst1)",1,0,1
"x, MULT_EXPR, zero, zero",1,0,1
r.a[4] == 9,1,0,1
HAVE_PRE_DECREMENT,1,0,1
i < units,1,0,1
TREE_CODE (t1) == TREE_LIST,1,0,1
"0, ==, 2, &, 1, 0, 0, 1",1,0,1
start_ix == BUILT_IN_GOMP_TARGET || start_ix == BUILT_IN_GOMP_TARGET_DATA || start_ix == BUILT_IN_GOMP_TARGET_UPDATE || start_ix == BUILT_IN_GOMP_TARGET_ENTER_EXIT_DATA,1,0,1
gimple_phi_num_args (phi) <= gimple_phi_capacity (phi),1,0,1
NULL == w->l->next_frame_ff,1,0,1
t->expr_type == EXPR_VARIABLE,1,0,1
next_stmt_line > body_line,1,0,1
GET_CODE (e) == SET,1,0,1
TREE_CODE (dummy) == PARM_DECL && POINTER_TYPE_P (TREE_TYPE (dummy)),1,0,1
nregs,1,0,1
tree_contains_struct[FUNCTION_DECL][TS_FUNCTION_DECL],1,0,1
lr->m_start.m_line <= lr->m_finish.m_line,1,0,1
!bb_seen_p (bb),1,0,1
(unsigned long)&ms.x2 == rsp+24,1,0,1
"f[5], sqrtf (c1)",1,0,1
reload_completed && targetm.have_conditional_execution (),1,0,1
"""cpu=lm32""",1,0,1
LOCATION_LOCUS (BLOCK_SOURCE_LOCATION (scope)) == UNKNOWN_LOCATION,1,0,1
cur_cfa->reg == dw_frame_pointer_regnum,1,0,1
TREE_CODE (DEBUG_PARAMETER_REF_DECL (rtl)) == PARM_DECL,1,0,1
!info->base,1,0,1
has_dependence_data.where == DEPS_IN_NOWHERE,1,0,1
s[1] == 'x',1,0,1
mem != NULL && MEM_P (mem),1,0,1
GET_CODE (x) == CALL,1,0,1
REG_P (op) || GET_CODE (op) == POST_INC || GET_CODE (op) == PRE_DEC || GET_CODE (op) == POST_DEC,1,0,1
"0, strcmp (name, identifier_ptr)",1,0,1
num_elts == 1 && last_type,1,0,1
array[i] == foo (i),1,0,1
!flag_objc_sjlj_exceptions,1,0,1
 container.cbegin(0) == container.begin(0) ,1,0,1
"sscanf (&p[j+2], ""%01x"", &n) == 1",1,0,1
opc == BRIG_OPCODE_STOF || opc == BRIG_OPCODE_FTOS,1,0,1
"2, bb_a->succs->length ()",1,0,1
num_ops > 3,1,0,1
ira_reg_equiv[from_regno].invariant == NULL_RTX && ira_reg_equiv[from_regno].constant == NULL_RTX,1,0,1
TREE_CODE (argtype) == POINTER_TYPE,1,0,1
ptr->tune == ix86_tune,1,0,1
"gimple_nop_p (def_stmt) || gimple_plf (def_stmt, STMT_NECESSARY)",1,0,1
!cfg_blocks_empty_p (),1,0,1
var < os->var_to_id.length () && os->var_to_id[var] == pos->id,1,0,1
i < num_files,1,0,1
TREE_TYPE (info.index_expr) != error_mark_node,1,0,1
computed_goto_p (last),1,0,1
GET_CODE (sexp) == SET,1,0,1
X == 2448,1,0,1
TREE_CODE (op) != CONSTRUCTOR,1,0,1
DECL_DECLARES_FUNCTION_P (function),1,0,1
"test_property<is_swappable, funny::F2[4]>(false), """"",1,0,1
gimple_assign_rhs_code (gs0) == BIT_AND_EXPR || gimple_assign_rhs_code (gs0) == BIT_IOR_EXPR,1,0,1
!(fs & (GET_MODE_SIZE (DImode) - 1)),1,0,1
clones == next_inline_clone,1,0,1
j == -1 || j == -3,1,0,1
m68k_symbolic_call == NULL,1,0,1
"""Gtk"", ""gtkcssstylepropertyimpl.c"", 106, ((const char*) (__PRETTY_FUNCTION__)), ""get_id (node) == expected_id""",1,0,1
ORIGINAL_REGNO (DF_REF_REG (ref)) == i,1,0,1
gfc_static_ctors == NULL_TREE,1,0,1
nop <= MAX_RECOG_OPERANDS,1,0,1
plen != NULL || (op[2] && REG_P (op[2])),1,0,1
"false, m.put (ostrich, 2)",1,0,1
"x, PLUS_EXPR, zero, x",1,0,1
true_exp == exp,1,0,1
from == FRAME_POINTER_REGNUM || from == ARG_POINTER_REGNUM || from == RETURN_ADDRESS_POINTER_REGNUM,1,0,1
r.a[2] == UINT8x8_MAX - 4,1,0,1
hints,1,0,1
!arg->locate.offset.var && GET_CODE (size_rtx) == CONST_INT,1,0,1
dig_no > int_no && exponent <= 0 && exponent >= MIN_10_EXP - (DIG + 1),1,0,1
address.offset == addr,1,0,1
occ->prev != occ,1,0,1
w->l->type == WORKER_SYSTEM,1,0,1
gimple_transaction_body (txn) == NULL,1,0,1
"array[i] == switch5 (i, i + 1)",1,0,1
!((TARGET_ALTIVEC_ABI && ALTIVEC_VECTOR_MODE (mode)) || (TARGET_VSX && ALTIVEC_OR_VSX_VECTOR_MODE (mode)) || (TARGET_E500_DOUBLE && mode == DFmode) || (TARGET_SPE_ABI && SPE_VECTOR_MODE (mode) && !SPE_CONST_OFFSET_OK (offset))),1,0,1
resolver != NULL_TREE,1,0,1
(__alignof p++) == (__alignof p),1,0,1
BLOCK_TO_BB (bb->index) == target_bb && BLOCK_TO_BB (bb->next_bb->index) == target_bb,1,0,1
mips_ls2.cycle_has_multi_p,1,0,1
code->expr4->expr_type == EXPR_VARIABLE,1,0,1
df_regs_ever_live_p (hard_regno + j),1,0,1
opt,1,0,1
cfun->decl == current_function_decl,1,0,1
"test_property<is_swappable, int[]>(false), """"",1,0,1
vls_type == VLS_LOAD,1,0,1
x_canonicalized ? (x_addr != NULL_RTX && x_mode != VOIDmode) : (x_addr == NULL_RTX && x_mode == VOIDmode),1,0,1
code->ext.alloc.ts.u.cl->length != NULL,1,0,1
data->ifetch_block_n_insns <= core2i7_ifetch_block_max_insns,1,0,1
"!autoinc_var_is_used_p (u->insn, e->dest->insn)",1,0,1
new_loop != NULL,1,0,1
ggc_marked_p (root_test_of_length->elem[i]),1,0,1
"triple, some",1,0,1
"strlen (str) == strlen (""vector=sw0"")",1,0,1
offload_register,1,0,1
data->name != NULL,1,0,1
init != NULL_TREE,1,0,1
e1->where.lb,1,0,1
 EXPR_LOCATION (jump_func->value.constant.value) == UNKNOWN_LOCATION,1,0,1
"2, n_basic_blocks_for_fn (fun)",1,0,1
ggc_marked_p (referenced_by_other),1,0,1
r.a[0] == 6,1,0,1
ref->u.ar.as->corank > 0,1,0,1
"x, MINUS_EXPR, zero, x",1,0,1
"targetm.addr_space.valid_pointer_mode (mode, as)",1,0,1
(seven + minus_two) == 5,1,0,1
"test_property<is_nothrow_swappable, std::array<ns1::SwapThrow, 0>>(true), """"",1,0,1
arf != ADDR_REGFILE_UNKNOWN,1,0,1
!e->symtree->n.sym->ts.deferred,1,0,1
ggc_marked_p (dummy_unittesting_tree),1,0,1
definition || type_annotate_only || is_type || kind == E_Discriminant || kind == E_Component || kind == E_Label || (kind == E_Constant && Present (Full_View (gnat_entity))) || Is_Public (gnat_entity),1,0,1
"sdata_symbolic_operand (base, Pmode)",1,0,1
"__builtin_cpu_supports (""sse4.2"")",1,0,1
!DECL_P (t) || ref != DECL_RTL_IF_SET (t),1,0,1
new_version_node,1,0,1
!class_binding_level,1,0,1
"x, MULT_EXPR, one, x",1,0,1
EDGE_COUNT (region->cont->succs) == 2,1,0,1
!hints,1,0,1
"(r2val.lattice_val == CONSTANT && TREE_CODE (r2val.value) == INTEGER_CST) || wi::sext (r2val.mask, TYPE_PRECISION (TREE_TYPE (rhs2))) == -1",1,0,1
"test_property<is_swappable, const int>(false), """"",1,0,1
cand->iv,1,0,1
"REG_P (XEXP (op1, 0))",1,0,1
!SSA_NAME_PTR_INFO (name),1,0,1
attribs == TYPE_ATTRIBUTES (result),1,0,1
DECL_RESULT_THUNK_P (fn),1,0,1
abs_stmt_vinfo,1,0,1
TARGET_V32,1,0,1
local.versionable,1,0,1
ms0 == HOST_BITS_PER_WIDE_INT,1,0,1
fn_ptr,1,0,1
"conditional_move_operand (operands [2], SImode)",1,0,1
r.a[1] == INT16x4_MAX - 1,1,0,1
len >= GFC_XTOA_BUF_SIZE,1,0,1
orig_max_seqno >= 1,1,0,1
!MEM_P (dest),1,0,1
!VAR_LOC_1PAUX (var) || emit_notes,1,0,1
"et_below (c, c)",1,0,1
subreg != NULL,1,0,1
bc_label[bc_continue] == NULL,1,0,1
TREE_CHAIN (mem_inits) == NULL_TREE,1,0,1
bb_state_array == NULL && bb_state == NULL,1,0,1
e->rank == 1 || e->rank == 2,1,0,1
length () < allocated (),1,0,1
ASM_OPERANDS_LABEL_LENGTH (asmop) == 1,1,0,1
BB_END (bb) != last,1,0,1
use->iv->ssa_name == cand->var_after,1,0,1
regno_save_mem[regno + i][1],1,0,1
!dslot->to,1,0,1
lowest_bit_set != -1 && highest_bit_set != -1,1,0,1
(GET_CODE (operands[2]) == CONST_INT) || (GET_CODE (operands[2]) == REG) || (GET_CODE (operands[2]) == SUBREG),1,0,1
BB_PARTITION (new_bb) == BB_PARTITION (cur_bb),1,0,1
"icode != CODE_FOR_nothing && insn_operand_matches (icode, 0, test)",1,0,1
total_module_num == 0,1,0,1
dim < ndim,1,0,1
bblst_last <= bblst_size,1,0,1
word_mode == SImode,1,0,1
arg_types[i]->type == FFI_TYPE_STRUCT,1,0,1
offset % 4 == 0,1,0,1
"mips_split_move_p (dest, src, split_type)",1,0,1
gimple_call_lhs (call_stmt) == NULL_TREE,1,0,1
"test_property<is_nothrow_swappable, UnionType>(true), """"",1,0,1
!(ts & ~SPECULATIVE),1,0,1
group->type == USE_ADDRESS,1,0,1
lastq == 0 || cinuse(lastq),1,0,1
!(set->depth == 0 && reason == LC_RENAME),1,0,1
GET_CODE (exp) == CONST_VECTOR,1,0,1
ret >= 0,1,0,1
ar && ar->type == AR_FULL,1,0,1
code == HTM_BUILTIN_GET_TEXASR || code == HTM_BUILTIN_SET_TEXASR || code == HTM_BUILTIN_GET_TEXASRU || code == HTM_BUILTIN_SET_TEXASRU,1,0,1
g2 () == 0x12345678,1,0,1
__reserved_right[__r] == 1,1,0,1
*x != ref,1,0,1
"__builtin_cpu_is (""bdver1"")",1,0,1
sp_adj2,1,0,1
"test_property<is_swappable, std::queue<int>[1][2][3]>(true), """"",1,0,1
BLOCK_FOR_INSN (*succp) == bb,1,0,1
obj != loc,1,0,1
tag_ix < GCOV_COUNTERS,1,0,1
"2, /, 4, %, 3, 0, 0, 2",1,0,1
DECL_ABSTRACT_P (decl) || cgraph_function_possibly_inlined_p (decl),1,0,1
"test_property<is_swappable, const void>(false), """"",1,0,1
ext_code == SIGN_EXTEND || ext_code == ZERO_EXTEND,1,0,1
VOID_TYPE_P (TREE_TYPE (DECL_RESULT (kern_fndecl))),1,0,1
!DONE_SPEC (insn),1,0,1
node && con == (gfc_constructor *) node->value && node->key == (splay_tree_key) mpz_get_si (con->offset),1,0,1
!exp->in_progress,1,0,1
"1, *, 2, *, 3, 6, 6, 6",1,0,1
source->rank < GFC_MAX_DIMENSIONS,1,0,1
gimple_code (gsi_stmt (switch_si)) == GIMPLE_OMP_SECTIONS_SWITCH,1,0,1
"cuMemcpy, (CUdeviceptr) dp, (CUdeviceptr) hp, mapnum * sizeof (void *)",1,0,1
target_mode == GET_MODE (then),1,0,1
!fmt->has_signed_zero || !HONOR_SIGNED_ZEROS (fmode),1,0,1
"test_property<is_nothrow_swappable, const int[1][2][3]>(false), """"",1,0,1
"void_type_node, TREE_VALUE (argterm)",1,0,1
access->offset >= low && access->offset + access->size <= high,1,0,1
"hard_reg_set_equal_p (regstack.reg_set, bi->out_reg_set) || any_malformed_asm",1,0,1
TREE_CODE (TREE_TYPE (t)) == TREE_CODE (type),1,0,1
s == n * (n + 1),1,0,1
line >= LINEMAPS_MACRO_LOWEST_LOCATION (set),1,0,1
ref->u.ar.as->type == AS_EXPLICIT || alloc_w_e3_arr_spec,1,0,1
"!TYPE_PTRMEMFUNC_P (type1) || !same_type_p (TYPE_PTRMEMFUNC_FN_TYPE (type1), type0)",1,0,1
s2var->var_part[0].loc_chain && s2var->onepart == onepart && s2var->n_var_parts == 1,1,0,1
"io_address_operand (operands[1], QImode)",1,0,1
"Is_Concurrent_Type (gnat_entity) || (IN (kind, Record_Kind) && Is_Concurrent_Record_Type (gnat_entity))",1,0,1
step != NULL_TREE,1,0,1
pool->pool_insn || pool->size == 0,1,0,1
"test_property<is_nothrow_swappable, const bool>(false), """"",1,0,1
"test_property<is_nothrow_swappable, const int[1]>(false), """"",1,0,1
"TREE_CODE (orig) == VECTOR_TYPE && tree_int_cst_equal (TYPE_SIZE (type), TYPE_SIZE (orig))",1,0,1
count1 + count2 <= all,1,0,1
"et_below (b, b)",1,0,1
"!index && REG_P (XEXP (base, 0))",1,0,1
DECL_INITIAL (fn),1,0,1
classes == size,1,0,1
hard_regno >= 0 && ALLOCNO_CLASS (allocno) != NO_REGS,1,0,1
*new_var && *new_var != error_mark_node,1,0,1
(int)TREE_CODE (decl) > NUM_TREE_CODES,1,0,1
!dom->aux,1,0,1
REG_P (dst),1,0,1
operator_code != MAX_TREE_CODES,1,0,1
result >= 1 && result <= ARRAY_SIZE (decoded->canonical_option),1,0,1
init->shape,1,0,1
GET_CODE (x) == SYMBOL_REF || GET_CODE (x) == LABEL_REF,1,0,1
TREE_CODE_CLASS (rhs_code) == tcc_comparison,1,0,1
"!strncmp (name, "".objc_class_name_"", 17)",1,0,1
disp_index == num_dispatch,1,0,1
DECL_OMP_DECLARE_REDUCTION_P (newdecl),1,0,1
reg_mode_size * nregs == GET_MODE_SIZE (mode),1,0,1
!(seven < seven),1,0,1
*vectype != NULL_TREE,1,0,1
v5 == C1,1,0,1
TREE_PUBLIC (decl) || DECL_EXTERNAL (decl),1,0,1
s->m_kind != HSA_NONE,1,0,1
!as_a<rtx_insn *> (tmp)->deleted (),1,0,1
init != error_mark_node && type != error_mark_node,1,0,1
"__builtin_cpu_is (""ivybridge"")",1,0,1
"arg, value",1,0,1
!TYPE_SIZE_UNIT (type) || TREE_CODE (TYPE_SIZE_UNIT (type)) == INTEGER_CST,1,0,1
"2, n_edges_for_fn (fun)",1,0,1
tmp_ss_info->type == GFC_SS_TEMP,1,0,1
param == SSA_NAME_VAR (PHI_RESULT (phi)),1,0,1
!*reg,1,0,1
"test_property<is_nothrow_swappable, funny::A[3]>(false), """"",1,0,1
"""cpu=ev4""",1,0,1
res_l && res_h,1,0,1
! TREE_CONSTANT (info.index_expr),1,0,1
vfy_is_array (klass),1,0,1
has_single_use (lhs),1,0,1
(*SSANAMES (fn))[SSA_NAME_VERSION (t)] == NULL,1,0,1
p1->u.rsym.ns == p2->u.rsym.ns,1,0,1
stdarg_p (*node),1,0,1
fndecl == chkp_bndstx_fndecl || fndecl == chkp_bndldx_fndecl || fndecl == chkp_ret_bnd_fndecl,1,0,1
"test_property<is_swappable, const int[]>(false), """"",1,0,1
(a > b) == (sreal (a) > sreal (b)),1,0,1
__reserved_left[__r] == 1,1,0,1
"0, <=, 2, ==, 3, 0, 0, 1",1,0,1
root_region >= 0,1,0,1
!TREE_ADDRESSABLE (var_type),1,0,1
GET_MODE (scale) == SImode || GET_CODE (scale) == CONST_INT,1,0,1
as == 0,1,0,1
is_overloaded_fn (overload),1,0,1
seq_bind_body != NULL,1,0,1
"(expr), msg",1,0,1
mode == SImode || mode == DImode || val == const0_rtx,1,0,1
"loc, exp_linenum, LOCATION_LINE (tok_loc)",1,0,1
"""cpu=bwx""",1,0,1
occ->prev->parent == occ,1,0,1
GET_CODE (dst) == PARALLEL,1,0,1
"parser, tok, ""test_name""",1,0,1
regno <= LAST_LO_REGNUM,1,0,1
pdir,1,0,1
r.a[7] == -88,1,0,1
!need_flags || dest_class != SP_REGS,1,0,1
NULL == other_data->resume_sf,1,0,1
(TREE_CODE (type) != METHOD_TYPE && TREE_CODE (type) != REFERENCE_TYPE) || ((quals & (TYPE_QUAL_CONST|TYPE_QUAL_VOLATILE)) == TYPE_UNQUALIFIED),1,0,1
global_bindings_p (),1,0,1
rtype,1,0,1
TARGET_SUPPORTS_WEAK,1,0,1
static_chain,1,0,1
_M_is_ready,1,0,1
!vnode->externally_visible,1,0,1
this_loop != NULL,1,0,1
DECL_BUILT_IN_CLASS (fn_decl) == BUILT_IN_NORMAL,1,0,1
nvar <= total_var,1,0,1
!alias->alias,1,0,1
VINSN_COUNT (vi) > 0,1,0,1
j == description->units_num,1,0,1
clone_of || !node->clone_of,1,0,1
ar->as->upper[i]->expr_type == EXPR_CONSTANT && ar->as->lower[i]->expr_type == EXPR_CONSTANT,1,0,1
VINSN_COUNT (vi) == 0,1,0,1
dst_mode == SFmode,1,0,1
!nested,1,0,1
!(REGNO (reg) & 1),1,0,1
INTEGRAL_TYPE_P (orig) || POINTER_TYPE_P (orig) || TREE_CODE (orig) == VECTOR_TYPE,1,0,1
!INSN_NOP_P (EXPR_INSN_RTX (expr)),1,0,1
NULL == w->l->stats,1,0,1
"NULL, find_closest_identifier (get_identifier (""not like the others""), &candidates)",1,0,1
dest_cfun->cfg == NULL,1,0,1
lp != NULL,1,0,1
REGNO (op1) == REGNO (scratch),1,0,1
e->expr_type != EXPR_COMPCALL,1,0,1
"dom_info_state (fn, CDI_POST_DOMINATORS) == pre_verify_pstate",1,0,1
index < asm_stmt->nc,1,0,1
seven == ((seven << 10) >> 10),1,0,1
ret != NULL_RTX,1,0,1
arg_mask != NULL,1,0,1
jump_label == simple_return_rtx,1,0,1
!crtl->stack_realign_finalized,1,0,1
!BB_LV_SET_VALID_P (to) && !BB_AV_SET_VALID_P (to),1,0,1
high >= low-1 && high - low + 1 <= GC_mark_stack_size,1,0,1
"""index"",""VEC(reg_stat_type,base)"" ,file_,line_,function_",1,0,1
tmode1 == tmode0,1,0,1
DECL_IN_CONSTANT_POOL (decl),1,0,1
TYPE_ATOMIC (lhs_type),1,0,1
"filename_cmp (ORDINARY_MAP_FILE_NAME (from), to_file) == 0",1,0,1
array[i] == switch2 (i),1,0,1
GET_CODE (orig) == PARALLEL,1,0,1
red == NULL || red->reduc_phi == phi,1,0,1
!attr->default_val,1,0,1
"false, m.put (ant, 6)",1,0,1
src->type == IPA_JF_CONST,1,0,1
num == 1,1,0,1
!parts.step || integer_onep (parts.step),1,0,1
offset > *last_view_index,1,0,1
w->protected_tail == w->ltq_limit,1,0,1
"1, ==, 3, >=, 2, 1, 0, 1",1,0,1
b[i] == 2.0,1,0,1
precision < 2,1,0,1
guard_exploc.file == next_stmt_exploc.file,1,0,1
cfun->machine->frame.num_fp == 0,1,0,1
"0 == strncmp (bd.name, prefix, prefix_len)",1,0,1
VECTOR_TYPE_P (TREE_TYPE (vec)),1,0,1
r == -2,1,0,1
sel_bb_head_p (FENCE_INSN (f)) && !sched_next && !FENCE_SCHED_NEXT (f),1,0,1
f3 () == 0x12345678,1,0,1
(int)CODE_FOR_nothing == 0,1,0,1
TREE_CODE (glen) == INTEGER_CST,1,0,1
p <= q,1,0,1
vtbl_var_decl,1,0,1
expr1->rank == expr2->rank,1,0,1
nelts == VECTOR_CST_NELTS (arg2),1,0,1
ctx->outer && gimple_code (ctx->outer->stmt) == GIMPLE_OMP_SECTIONS,1,0,1
oldlen <= len,1,0,1
u->child[1]->parent == u,1,0,1
m->fs.sp_offset == frame.stack_pointer_offset,1,0,1
var_string->id == string_id,1,0,1
binfo != data->binfo,1,0,1
dd == 1,1,0,1
a==8,1,0,1
!LAMBDA_TYPE_P (TREE_TYPE (t)),1,0,1
r.a[3] == UINT8x8_MAX - 3,1,0,1
vectype != NULL_TREE,1,0,1
__m != 0,1,0,1
spill_add_cost[best_reg + i] == 0,1,0,1
ggc_marked_p (referenced),1,0,1
recog_memoized (fork) == CODE_FOR_nvptx_fork,1,0,1
!(size % align),1,0,1
"1, >=, 2, >=, 3, 0, 0, 1",1,0,1
TREE_CODE (mask1) == VECTOR_CST && TREE_CODE (mask2) == VECTOR_CST,1,0,1
se->post.head == NULL,1,0,1
counter->histogram_p,1,0,1
i->next != NULL_TREE,1,0,1
"8, *m.get (spider)",1,0,1
"__atomic_always_lock_free (1, 0), """"",1,0,1
BB_LV_SET (block_new) == NULL,1,0,1
!base || DECL_P (base),1,0,1
"""cpu=hppa""",1,0,1
cached_reg_save_code[reg][mode],1,0,1
tgtcopy_stmt != NULL,1,0,1
hwi == 0,1,0,1
tmp_spans.length () > 0,1,0,1
innermode != VOIDmode && innermode != BLKmode,1,0,1
mode == GET_MODE (cc_src),1,0,1
m->footprint <= m->max_footprint,1,0,1
REG_P (pat),1,0,1
"test_property<is_swappable, std::priority_queue<int>[1][2][3]>(true), """"",1,0,1
note != NULL_RTX,1,0,1
name[0] == (char) TOUPPER (name[0]),1,0,1
!DECL_HAS_IN_CHARGE_PARM_P (fn),1,0,1
symtree2 == root2,1,0,1
target && REG_P (target),1,0,1
minus_two != seven,1,0,1
before - *ppath <= strlen (*ppath),1,0,1
GET_MODE_SIZE (sec_mode) >= GET_MODE_SIZE (rld_mode),1,0,1
step_expr != NULL_TREE,1,0,1
m_jit_client_items,1,0,1
canonical && *canonical,1,0,1
current_info_for_ssa_name_age != 0,1,0,1
comp == NE_EXPR || comp == EQ_EXPR,1,0,1
"3, -, 2, <<, 4, 16, 16, -29",1,0,1
p1->u.rsym.sym == NULL,1,0,1
parm && TREE_VALUE (parm) && arg,1,0,1
"""Gtk"", ""gtkcssstylepropertyimpl.c"", 88, ((const char*) (__PRETTY_FUNCTION__)), ""value_type == NONE || assign_value != NULL""",1,0,1
j->ts.type == BT_INTEGER,1,0,1
ALLOCNO_NUM_OBJECTS (a) == ALLOCNO_NUM_OBJECTS (parent_a),1,0,1
(root->offset % BITS_PER_UNIT) == 0 && (root->size % BITS_PER_UNIT) == 0,1,0,1
"locus < RESERVED_LOCATION_COUNT || locus >= LINE_MAP_MAX_LOCATION_WITH_PACKED_RANGES || locus >= LINEMAPS_MACRO_LOWEST_LOCATION (set) || pure_location_p (set, locus)",1,0,1
!size || !(PARM_BOUNDARY % BITS_PER_WORD),1,0,1
!gcc_data,1,0,1
"__builtin_cpu_is (""westmere"")",1,0,1
"4, >=, 3, <<, 2, 0, 4, 0",1,0,1
!g->closing_branch,1,0,1
offset + GET_MODE_SIZE (GET_MODE (ref)) <= GET_MODE_SIZE (SImode),1,0,1
base_term == index_term,1,0,1
gimplify_omp_ctxp == NULL,1,0,1
flag_reorder_blocks_and_partition,1,0,1
ARGUMENT_PACK_INCOMPLETE_P (oldelt),1,0,1
w->l->type == WORKER_SYSTEM || w->l->team == w,1,0,1
slot < MAX_386_STACK_LOCALS,1,0,1
size (result) == size (s),1,0,1
"optab_handler (ot, TYPE_MODE (vectype_unsigned)) != CODE_FOR_nothing",1,0,1
"condition, STATIC_ASSERT_MESSAGE (t), STATIC_ASSERT_SOURCE_LOCATION (t), true",1,0,1
tv,1,0,1
xmm0f[0] == 42 && xmm0f[1]==42 && xmm1f[0] == 42 && xmm1f[1] == 42,1,0,1
(GET_MODE (dest) == V2DImode && (GET_MODE (src) == DImode || src == const0_rtx)) || (GET_MODE (dest) == V2DFmode && GET_MODE (src) == DFmode),1,0,1
"test_property<is_nothrow_swappable, ns1::SwapThrow[2][3][4]>(false), """"",1,0,1
default_label,1,0,1
arr[i] == i + (i % 5) + 1,1,0,1
"__builtin_cpu_supports (""avx512ifma"")",1,0,1
cvar->n_var_parts == 1,1,0,1
!unique_p || inside_insn_group,1,0,1
i == i2,1,0,1
regno >= FIRST_PSEUDO_REGISTER && reg_renumber[regno] >= 0,1,0,1
ud > 0 && dd > 0,1,0,1
(mask & (mask - 1)) == 0,1,0,1
e->value.constructor,1,0,1
s_mode == KFmode || s_mode == TFmode,1,0,1
COMPLETE_TYPE_P (basetype),1,0,1
i < MAX_RECOG_OPERANDS,1,0,1
"example_b.contains_point (3, 14)",1,0,1
TREE_CODE (mask) == VECTOR_CST,1,0,1
"memcmp (saved_cfg, new_map, saved_cfg[0] * sizeof (int)) == 0",1,0,1
in == out,1,0,1
ARC_FIRST_SIMD_DMA_CONFIG_REG == 128,1,0,1
!NO_LOC_P (x),1,0,1
N % HOST_BITS_PER_WIDE_INT == 0,1,0,1
!NOTE_P (insn),1,0,1
"test_property<is_swappable, std::tuple<>[1][2]>(true), """"",1,0,1
"(int_mode_for_mode (mode), true)",1,0,1
bodyp == gimple_body (current_function_decl),1,0,1
i == LOCAL_ELEMS,1,0,1
should_have_column_data_p (LINE_MAP_MAX_LOCATION_WITH_COLS),1,0,1
!TREE_OVERFLOW (t),1,0,1
TREE_CODE (pd->def) == SSA_NAME,1,0,1
old_cand != NULL && best_cp != NULL,1,0,1
(sf->flags & CILK_FRAME_FLAGS_MASK) == 0,1,0,1
BB_LV_SET (bb) != NULL,1,0,1
TREE_CODE (hint) == IDENTIFIER_NODE,1,0,1
hard_regs_node_vec.length () == 0,1,0,1
"! ""should not be here!""",1,0,1
lead_zero == 0 && int_no <= (uintmax_t) INTMAX_MAX / 4,1,0,1
isl_ast_expr_get_type (name_expr) == isl_ast_expr_id,1,0,1
virtual_operand_p (val),1,0,1
shift != 0,1,0,1
DECL_PARM_INDEX (patparm) == DECL_PARM_INDEX (parm),1,0,1
false_edge == e1,1,0,1
callee && DECL_BUILT_IN_CLASS (callee) == BUILT_IN_NORMAL,1,0,1
flag,1,0,1
state == none,1,0,1
!n || token != &eof_token,1,0,1
tree_contains_struct[NAMELIST_DECL][TS_DECL_MINIMAL],1,0,1
to_mode != BLKmode,1,0,1
(a + b) == (sreal (a) + sreal (b)).to_int (),1,0,1
"ira_reg_equiv[to_regno].constant == NULL_RTX || rtx_equal_p (ira_reg_equiv[to_regno].constant, x)",1,0,1
num_iregs <= 1 || (iregs.I1 & iregbits.I1) == (I1 & iregbits.I1),1,0,1
stack_vars[b].next == EOC,1,0,1
"*p != 0 && *p != ','",1,0,1
new_ref->u.c.component->ts.type == BT_CLASS || new_ref->u.c.component->ts.type == BT_DERIVED,1,0,1
sf->worker == data->owner,1,0,1
insn != last,1,0,1
decl != DECL_TEMPLATE_RESULT (fn),1,0,1
DECL_SEEN_IN_BIND_EXPR_P (temp),1,0,1
ntparms > 0,1,0,1
param,1,0,1
f->types[i - NUM_TYPES],1,0,1
(TYPE_ALIGN (eff_type) < GET_MODE_ALIGNMENT (TYPE_MODE (field_type))) || (TYPE_ALIGN (eff_type) > GET_MODE_BITSIZE (TYPE_MODE (field_type))),1,0,1
isl_ast_expr_get_type (for_cond) == isl_ast_expr_op,1,0,1
CONST_DOUBLE_P (x),1,0,1
dtype_die,1,0,1
is_gimple_call (bi_call),1,0,1
TREE_CODE_CLASS (pred_code) == tcc_comparison,1,0,1
index < asm_stmt->nl && TREE_CODE (label_op) == TREE_LIST,1,0,1
"et_below (a, f)",1,0,1
!TODO_SPEC (insn),1,0,1
"names[i], tmp, LE_EXPR, new_val, NULL, e, bsi",1,0,1
!objc_static_instances,1,0,1
base_reg != NULL,1,0,1
(GET_MODE (src) == V2DImode && GET_MODE (dest) == DImode) || (GET_MODE (src) == V2DFmode && GET_MODE (dest) == DFmode),1,0,1
wi::fits_uhwi_p (dist),1,0,1
current_function_decl == fco,1,0,1
vtable_map_node,1,0,1
rhs.var < varmap.length (),1,0,1
entry && entry->var_decl && entry->type,1,0,1
"bb2, from_entry_to_bb2->dest",1,0,1
"test_property<is_swappable, int[1][2][3]>(true), """"",1,0,1
note_bb,1,0,1
my_words_allocd_tmp >= 0,1,0,1
ggc_marked_p (test_example_base->m_a),1,0,1
"et_below (f, d)",1,0,1
bits <= TYPE_PRECISION (type),1,0,1
"GET_CODE (from_expand) == MEM && XEXP (from_expand, 0) == NULL_RTX",0,1,1
!BINFO_PRIMARY_P (B) || BINFO_VIRTUAL_P (B),1,0,1
sym || c,1,0,1
deps && deps->max_reg > 0,1,0,1
size == init_frag.size,1,0,1
mask > 0 && mask < 15,1,0,1
"NULL, bind_stmt->next",1,0,1
to->obstack == from->obstack,1,0,1
sym->attr.dummy || as->cp_was_assumed,1,0,1
ptr->branch_cost == ix86_branch_cost,1,0,1
"4L, >>, 2L, <<, 3L, 8L, 8L, 0L",1,0,1
"""foo.c"", 2, 17, loc_d",1,0,1
"!IN_RANGE (statep->state, 1, 2)",1,0,1
type_node,1,0,1
"strcmp (last->label, label) != 0",1,0,1
"0, s.elements ()",1,0,1
FORCED_LABEL (label_decl),1,0,1
code == EQ || code == NE,1,0,1
destination_class,1,0,1
n_src <= 2,1,0,1
GET_CODE (val) == CONST_INT || GET_MODE (val) == QImode,1,0,1
REG_P (x) && GET_MODE (x) == CCmode,1,0,1
"(void)0, (void)1, void",1,0,1
!(stack_pointer_delta & (PREFERRED_STACK_BOUNDARY / BITS_PER_UNIT - 1)),1,0,1
target_prob <= base_prob,1,0,1
new_block == DECL_INITIAL (current_function_decl),1,0,1
p->u.generic,1,0,1
pre_order_num == n_basic_blocks_for_fn (cfun),1,0,1
r.a[1] == UINT16x4_MAX,1,0,1
on_true,1,0,1
sym->refs == 0,1,0,1
!diff_seen && idx > 0 && (p[idx - 1] == 'C' || p[idx - 1] == 'D') && p[idx] == '1' && q[idx] == '2',1,0,1
i == avr_addrspace[i].id,1,0,1
bs == hsa_type_bit_size (mem->m_type),1,0,1
OMP_CLAUSE_REDUCTION_GIMPLE_MERGE (expr) == NULL,1,0,1
m_refcount == 0,1,0,1
r.a[7] == 9,1,0,1
i >= 1 && i <= N,1,0,1
"__builtin_cpu_supports (""mmx"") >= 0",1,0,1
w->g->total_workers > 1,1,0,1
comparison == EQ || comparison == NE,1,0,1
old->value == NULL,1,0,1
event,1,0,1
"3, +, 2, >>, 4, 0, 0, 3",1,0,1
cur_reg && params->dest && REG_P (params->dest),1,0,1
base_decl,1,0,1
latch_index >= 0,1,0,1
"__builtin_cpu_is (""barcelona"") >= 0",1,0,1
"cuEventRecord, *e, nvthd->current_stream->stream",1,0,1
lead_zero <= (base == 16 ? ((uintmax_t) exponent - (uintmax_t) INTMAX_MIN) / 4 : ((uintmax_t) exponent - (uintmax_t) INTMAX_MIN)),1,0,1
args[i].partial % UNITS_PER_WORD == 0,1,0,1
arg->expanded == NULL && arg->expanded_virt_locs == NULL,1,0,1
s && s->type == FFI_TYPE_STRUCT,1,0,1
TMPL_PARMS_DEPTH (DECL_TEMPLATE_PARMS (gen_tmpl)) == TMPL_ARGS_DEPTH (gen_args),1,0,1
a[i] == b[i] + sarg,1,0,1
identifier_p (placeholder),1,0,1
!TREE_ASM_WRITTEN (function),1,0,1
TREE_CODE (CHREC_RIGHT (chrec)) == INTEGER_CST,1,0,1
!t1->specific->is_generic,1,0,1
queued_nodes,1,0,1
enonpathdup,1,0,1
"GET_CODE (clobber) == CLOBBER && rtx_equal_p (XEXP (clobber, 0), r0_rtx)",1,0,1
!needed,1,0,1
GET_CODE (val) == VAR_LOCATION,1,0,1
current_function_decl == fun,1,0,1
"test_property<is_nothrow_swappable, ns2::SwapThrow[2][3][4]>(false), """"",1,0,1
out == 0,1,0,1
!mips_split_p[symbol_type],1,0,1
"INTVAL (x.first) == sext_hwi (INTVAL (x.first), precision) || (x.second == BImode && INTVAL (x.first) == 1)",1,0,1
decl_binds_to_current_def_p (new_decl) && targetm.binds_local_p (new_decl),1,0,1
REG_P (cmp_reg),1,0,1
empty_block_p (scalar_e->src) && single_pred_p (scalar_e->src),1,0,1
"IN_RANGE (regno, FIRST_STACK_REG, LAST_STACK_REG)",1,0,1
REGNO (orig) < FIRST_PSEUDO_REGISTER,1,0,1
loop == current_loop_nest,1,0,1
cpi->next_result == pat->num_results,1,0,1
data.nregs == nregs,1,0,1
r.a[4] == UINT8x8_MAX - 2,1,0,1
"wi::ltu_p (wi::to_offset (cookie_size), max_size)",1,0,1
sym->attr.referenced || sym->attr.flavor == FL_PROCEDURE || sym->attr.use_assoc || sym->attr.used_in_submodule || sym->ns->proc_name->attr.if_source == IFSRC_IFBODY || (sym->module && sym->attr.if_source != IFSRC_DECL && sym->backend_decl),1,0,1
conds >= 0,1,0,1
!G.context_depth,1,0,1
"""machine=tic6x""",1,0,1
r <= set->highest_location,1,0,1
REGNO (cmp_reg) == CC_REG,1,0,1
lse.string_length && rse.string_length,1,0,1
hsa_seen_error (),1,0,1
"""system=moxiebox""",1,0,1
TREE_CODE (t) == POINTER_TYPE,1,0,1
i < 6,1,0,1
!(flags & DF_REF_IN_NOTE),1,0,1
GET_CODE (e) == SET && MEM_P (SET_DEST (e)) && REG_P (SET_SRC (e)),1,0,1
"REGNO (XEXP (base, 0)) != CRIS_ACR_REGNUM",1,0,1
"vr, gimple_assign_rhs1 (stmt)",1,0,1
TYPE_NAME (t) && DECL_ASSEMBLER_NAME_SET_P (TYPE_NAME (t)),1,0,1
live->liveout && bb != ENTRY_BLOCK_PTR_FOR_FN (cfun) && bb != EXIT_BLOCK_PTR_FOR_FN (cfun),1,0,1
"et_below (a, e)",1,0,1
"test_property<is_nothrow_swappable, std::pair<int, int>[1][2]>(true), """"",1,0,1
"(spec = retrieve_specialization (gen_tmpl, gen_args, 0)) == d || spec == NULL_TREE",1,0,1
"example_b.contains_point (4, 9)",1,0,1
TYPE_ALIAS_SET (pseudo_type_info) == get_alias_set (type_info_type),1,0,1
state->presence_signature[si] == another_state->presence_signature[si],1,0,1
"test_property<is_swappable, std::stack<int>>(true), """"",1,0,1
QUEUE_INDEX (insn) != QUEUE_READY,1,0,1
"GET_CODE (XEXP (addr, 0)) == MULT",1,0,1
loop->parent == NULL,1,0,1
njumps >= 0,1,0,1
REGNO (x) <= LAST_VIRTUAL_REGISTER,1,0,1
"example_b.contains_point (4, 13)",1,0,1
"!(GET_CODE (oldval) == ZERO_EXTEND && CONST_INT_P (XEXP (oldval, 0)))",1,0,1
offset == NULL_TREE,1,0,1
s->h_end,1,0,1
reservs_1 && reservs_2,1,0,1
r.a[0] == 4096,1,0,1
se.string_length || expr->ts.u.cl->backend_decl,1,0,1
array_ss != tmp_ss,1,0,1
REG_P (sub_reg),1,0,1
"loc, expected, pp_formatted_text (&pp)",1,0,1
!change_region,1,0,1
"!Unknown_Esize (gnat_entity) || Has_Size_Clause (gnat_entity) || (!IN (kind, Numeric_Kind) && !IN (kind, Enumeration_Kind) && (!IN (kind, Access_Kind) || kind == E_Access_Protected_Subprogram_Type || kind == E_Access_Subtype))",1,0,1
POINTER_TYPE_P (aptype),1,0,1
!node->instrumentation_clone,1,0,1
TREE_CODE (reftype) == REFERENCE_TYPE,1,0,1
gimple_code (gsi_stmt (si)) == GIMPLE_OMP_SINGLE,1,0,1
"""hello world \t\t "", 11",1,0,1
prev_vi->offset < clobbervi->offset,1,0,1
POINTER_BOUNDS_P (bounds),1,0,1
"6, m.elements ()",1,0,1
die->die_offset == 0 || (unsigned long int) die->die_offset == next_die_offset,1,0,1
"parser, tok, ""42""",1,0,1
num_preds > 0,1,0,1
(prev->m_last_line + 1) < next->m_first_line,1,0,1
stmt_die,1,0,1
arc->insn->first_insn_with_same_reservs,1,0,1
!warn,1,0,1
(a - b) == (sreal (a) - sreal (b)).to_int (),1,0,1
"2, *, 3, -, 4, 2, 2, -2",1,0,1
"5, v[6]",1,0,1
!vrp_val_is_min (min) || !vrp_val_is_max (max),1,0,1
!CLASS_TYPE_P (type) || new_type == type,1,0,1
rclass == NO_REGS,1,0,1
any_changed,1,0,1
prev->m_first_line < next->m_first_line,1,0,1
"i, iter_node->m_idx",1,0,1
(ds & DEP_ANTI) && !(ds & (DEP_OUTPUT | DEP_TRUE)),1,0,1
mode == Pmode || mode == targetm.addr_space.address_mode (as),1,0,1
ind >= 0,1,0,1
top->n <= more_issue,1,0,1
event < event_last,1,0,1
tv == loop->num_nodes,1,0,1
REG_P (*loc),1,0,1
GET_CODE (addr) == PLUS || GET_CODE (addr) == LO_SUM,1,0,1
"""push"", ""VEC(int,base)"", file_, line_, function_",1,0,1
GET_MODE (dest) != DImode,1,0,1
satisfies_constraint_P27 (n_rtx),1,0,1
"cpp_in, opt->arg",1,0,1
"test_property<is_swappable, funny::F2[1][2]>(false), """"",1,0,1
nops >= 1,1,0,1
!TREE_PUBLIC (decl),1,0,1
!df,1,0,1
flag_caller_saves,1,0,1
GET_CODE (reg) == REG && CR_REGNO_P (REGNO (reg)),1,0,1
pinuse(oldfirst),1,0,1
lowest_bit_set != 10,1,0,1
MAP_START_LOCATION (result) <= line,1,0,1
isxdigit(*start_start),1,0,1
block_next,1,0,1
"""machine=lm32""",1,0,1
ctx1 == TYPE_MAIN_VARIANT (ctx1) && ctx2 == TYPE_MAIN_VARIANT (ctx2),1,0,1
"1, !=, 2, <=, 3, 0, 1, 0",1,0,1
TYPE_P (t1) && TYPE_P (t2),1,0,1
ALLOCNO_CAP_MEMBER (parent_a) == NULL,1,0,1
"reducer_is_cache_aligned() && ""Reducer should be cache aligned. Please see comments following "" ""this assertion for explanation and fixes.""",1,0,1
processing_template_decl || TREE_PURPOSE (spec) == error_mark_node,1,0,1
REG_P (destreg),1,0,1
tree_fits_uhwi_p (cst),1,0,1
rank >= 0 && rank < GFC_MAX_DIMENSIONS,1,0,1
N_ENTITIES == EPIPHANY_MSW_ENTITY_NUM,1,0,1
"current_class, JV_ASSERT_TYPES_COMPATIBLE, source_type, target_type",1,0,1
"test_property<is_nothrow_swappable, std::priority_queue<int, std::vector<int>, comps::CompareNoThrowCopyable>>(true), """"",1,0,1
"dest == x || (dest != NULL_RTX && x != NULL_RTX && rtx_equal_p (dest, x))",1,0,1
"!x || x == pc_rtx || TREE_CODE (t) != SSA_NAME || (SSAVAR (t) && TREE_CODE (SSAVAR (t)) == RESULT_DECL && (promote_ssa_mode (t, NULL) == BLKmode || !flag_tree_coalesce_vars)) || !use_register_for_decl (t) || GET_MODE (x) == promote_ssa_mode (t, NULL)",1,0,1
"test_property<is_swappable, std::tuple<int>>(true), """"",1,0,1
!param1.is_param,1,0,1
num_regs > 0 && num_regs <= 14,1,0,1
fnad->max_files != fnad->used_files,1,0,1
!MEM_P (operands[0]) || offsettable_memref_p (operands[0]),1,0,1
ret == 30,1,0,1
code == UNSPEC || code == UNSPEC_VOLATILE,1,0,1
!BYTES_BIG_ENDIAN && VECTOR_MEM_VSX_P (mode) && mode != TImode && (MEM_P (source) ^ MEM_P (dest)),1,0,1
!as_a<rtx_insn *> (insn)->deleted (),1,0,1
NULL == m_fields,1,0,1
!simple_goto_p (stmt),1,0,1
TREE_READONLY (ref),1,0,1
!fence_insn_p || INSN_UID (FENCE_INSN (fence)) == INSN_UID (EXPR_INSN_RTX (expr)),1,0,1
m_option_suggestions,1,0,1
"tok->type, CPP_NUMBER",1,0,1
!ENABLE_SCOPE_CHECKING || scope->binding_depth == binding_depth,1,0,1
"fname, NULL",1,0,1
"""system=nto""",1,0,1
dt == REG_DEP_CONTROL && (ds & DEP_CONTROL) && !(ds & (DEP_OUTPUT | DEP_ANTI | DEP_TRUE)),1,0,1
ret != GS_UNHANDLED,1,0,1
tgt_bind,1,0,1
TREE_CODE (member_type) != FUNCTION_TYPE,1,0,1
DR_STMT (a) == stmt,1,0,1
cand,1,0,1
fn->gimple_df->vop == NULL_TREE,1,0,1
dd == 4,1,0,1
!TYPE_BINFO (type),1,0,1
r.a[2] == -2,1,0,1
TREE_CODE (cond) == SSA_NAME,1,0,1
CLS_ISMETA (cls),1,0,1
gimple_code (cond_stmt) == GIMPLE_COND,1,0,1
GET_MODE_CLASS (GET_MODE (op0)) == MODE_CC,1,0,1
!uns0_p && !uns1_p && !unsr_p,1,0,1
int_no > 0 && exponent == 0,1,0,1
TREE_TYPE (va_type) == TREE_TYPE (canon_va_type),1,0,1
TARGET_ALLOW_LIW,1,0,1
__max_length >= 0,1,0,1
p[1] == 'U',1,0,1
old_var->in_changed_variables,1,0,1
dispatch_window_list->num_insn <= MAX_INSN,1,0,1
!update_overall_summary || !overall_size || new_edges_found || abs (estimated_growth - (new_size - old_size)) <= 1 || predicated,1,0,1
c->op == EXEC_ASSIGN_CALL || c->op == EXEC_CALL,1,0,1
expr->value.function.isym->id != GFC_ISYM_TRANSPOSE,1,0,1
TREE_CODE (t) == LABEL_DECL,1,0,1
"NULL, m.get (eric)",1,0,1
NONDEBUG_INSN_P (usage_insn),1,0,1
degree[succn] == 0,1,0,1
bb1 != NULL,1,0,1
TREE_CODE (basetype_path) == TREE_BINFO,1,0,1
opaque == NULL,1,0,1
ggc_marked_p (root_test_of_union_2),1,0,1
"!find_reg_note (insn, REG_DEAD, NULL)",1,0,1
"example_b.contains_point (4, 14)",1,0,1
GET_RTX_CLASS (code) != RTX_COMM_COMPARE,1,0,1
((_Bool) 8 % 4) == 1,1,0,1
!SSA_NAME_IN_FREE_LIST (use),1,0,1
"2, >>, 5, <, 4, 1, 1, 2",1,0,1
min_need_stall == 0,1,0,1
pred_edge != NULL,1,0,1
bitnum + bitsize <= GET_MODE_BITSIZE (fieldmode),1,0,1
GET_CODE (PATTERN (jump)) == SET,1,0,1
"et_below (e, e)",1,0,1
lse.ss == gfc_ss_terminator,1,0,1
cnode->analyzed == cnode->definition,1,0,1
floc != NULL,1,0,1
!((e->flags & EDGE_ABNORMAL) && EDGE_CRITICAL_P (e)),1,0,1
!gimple_assign_single_p (stmt),1,0,1
p[0] == 2,1,0,1
"5, n_basic_blocks_for_fn (fun)",1,0,1
n >= 8 && !(n & (n - 1)),1,0,1
"a->type <= FFI_TYPE_LAST, file, line",1,0,1
src == CONST0_RTX (GET_MODE (src)),1,0,1
dest_mode != BLKmode,1,0,1
current_binding_level->kind != sk_class,1,0,1
old_node->get_comdat_group (),1,0,1
"un, un, union u",1,0,1
result <= line_width,1,0,1
"build_int_cst (integer_type_node, 0) != NULL",1,0,1
level == 3,1,0,1
GET_MODE (mem) == mode,1,0,1
REG_P (src) && GET_MODE (src) == TImode,1,0,1
"strcmp (IDENTIFIER_POINTER (DECL_NAME (_elt___->index)), NAME) == 0",1,0,1
LOCATION_COLUMN (loc) == 0,1,0,1
"et_below (b, f)",1,0,1
"test_property<is_nothrow_swappable, std::array<construct::DelCopy, 0>>(true), """"",1,0,1
inst_ivars? (firstIvar != NULL_TREE): true,1,0,1
old != NULL,1,0,1
"1, <, 2, >, 0, 1, 1, 0",1,0,1
chkp_function_instrumented_p (fndecl),1,0,1
arrayss2 != gfc_ss_terminator,1,0,1
ANY_INTEGRAL_TYPE_P (type),1,0,1
"2, >>, 4, +, 3, 0, 3, 0",1,0,1
TREE_CODE (fntype) == METHOD_TYPE,1,0,1
reg >= lastreg,1,0,1
"INTEGER_CST, gimple_assign_rhs_code (stmt)",1,0,1
g->sysdep,1,0,1
TREE_CODE (sym) == VAR_DECL,1,0,1
attr == RS6000_BTC_UNARY || attr == RS6000_BTC_BINARY || attr == RS6000_BTC_TERNARY || attr == RS6000_BTC_SPECIAL,1,0,1
arc->insn->insn_reserv_decl->equiv_class_num,1,0,1
r && r->name,1,0,1
type == MO_VAL_SET,1,0,1
preferred_alignment <= stack_alignment_needed,1,0,1
outer && gimple_code (outer->stmt) != GIMPLE_OMP_GRID_BODY,1,0,1
fn_parm_typelist,1,0,1
ob->decl_state->symtab_node_encoder,1,0,1
"sig_index > 0 && sig_index < JPOOL_SIZE (jcf) && JPOOL_TAG (jcf, sig_index) == CONSTANT_Utf8",1,0,1
"(SELFTEST_LOCATION), (EXPECTED), (ACTUAL)",1,0,1
!decl_ultimate_origin (member),1,0,1
nop > m,1,0,1
TREE_CODE (delta) == INTEGER_CST,1,0,1
tmp == orig_stmt || GROUP_FIRST_ELEMENT (vinfo_for_stmt (tmp)) == orig_stmt,1,0,1
REGNO_REG_CLASS (REGNO (scratch)) == ADDR_REGS,1,0,1
!TYPE_UNSIGNED (TREE_TYPE (min)),1,0,1
m_case == A2B2 || m_case == A2B2T,1,0,1
canonical_type_used_p (t1) && canonical_type_used_p (t2),1,0,1
this->descriptor_ == NULL,1,0,1
"SAME_BINFO_TYPE_P (BINFO_TYPE (binfo), BINFO_TYPE (orig_binfo))",1,0,1
tmp != NULL_RTX,1,0,1
"from_entry_to_bb2, (*bb2->preds)[0]",1,0,1
"(TREE_CODE (t) == TEMPLATE_CONST_PARM && TEMPLATE_CONST_LEVEL (t) > 1) || (TREE_CODE (t) == TEMPLATE_TYPE_PARM && TEMPLATE_TYPE_LEVEL (t) > 1), 0",1,0,1
get_value_fn,1,0,1
insn == VINSN_INSN_RTX (has_dependence_data.con),1,0,1
"50, v.length ()",1,0,1
r.a[0] == 0xfffe,1,0,1
"""set_value() is not allowed on ostream reducers"" && 0",1,0,1
"test_property<is_nothrow_swappable, ns5::SwapThrow[2][3][4]>(false), """"",1,0,1
!stmt_could_throw_p (icall_stmt),1,0,1
e2 != NULL,1,0,1
"test_property<is_swappable, std::array<int, 0>>(true), """"",1,0,1
name && identifier_p (name),1,0,1
type_build_ctor_call (type) || init,1,0,1
"TREE_OPERAND (cond, 0) == decl",1,0,1
len < sizeof buf - 35,1,0,1
dv_as_opaque (list->dv) != dv_as_opaque (cdv),1,0,1
!tail || !tail->next,1,0,1
!((uintptr_t) p->page & (G.pagesize - 1)),1,0,1
last_vec_mode != VOIDmode,1,0,1
!optype || TYPE_P (optype),1,0,1
!cfun->calls_alloca || really_return,1,0,1
root_omp_region != NULL,1,0,1
"!noexcept(std::swap(std::declval<ns3::SwapNoThrow&>(), std::declval<ns3::SwapNoThrow&>())), """"",1,0,1
singleton_p,1,0,1
POINTER_TYPE_P (TREE_TYPE (str2)),1,0,1
(char) gfc_wide_tolower (c) == token[i],1,0,1
mode == DFmode,1,0,1
!var->in_changed_variables,1,0,1
r.a[0] == 70,1,0,1
"i == XVECLEN (body, 0)",1,0,1
"XVECEXP (unspec, 0, 1) == text_label_rtx",1,0,1
float_mode_p,1,0,1
loop->num_nodes == (unsigned) n_basic_blocks_for_fn (cfun),1,0,1
"same_type_ignoring_top_level_qualifiers_p (TREE_TYPE (type), TREE_TYPE (ce->value))",1,0,1
access->replacement_decl,1,0,1
r.a[2] == -16,1,0,1
nops >= 4,1,0,1
insn != 0,1,0,1
elt == 0 && inner_mode == TImode,1,0,1
0 <= adjust,1,0,1
insn == sel_bb_end (bb),1,0,1
"x86_64_immediate_operand (*loc, mode)",1,0,1
TREE_CODE (cst) != TREE_BINFO,1,0,1
e->ts.type == BT_INTEGER,1,0,1
GET_CODE (bounds) == PARALLEL,1,0,1
s->m_gpu_implementation_p,1,0,1
unit != ARRAY_SIZE (frv_unit_codes),1,0,1
fraction >= 0,1,0,1
binfo && binfo != error_mark_node,1,0,1
var->in_changed_variables,1,0,1
r.a[1] == 0x000f,1,0,1
block_depth >= 0,1,0,1
"dominated_by_p (CDI_DOMINATORS, head_bb, new_bb)",1,0,1
(first_quals & ~sub_quals) == 0,1,0,1
TYPE_VECTOR_SUBPARTS (TREE_TYPE (arg1)) == nelts / 2 && TYPE_VECTOR_SUBPARTS (TREE_TYPE (arg2)) == nelts / 2,1,0,1
maxbitsize % BITS_PER_UNIT == 0,1,0,1
"2, <=, 3, >=, 1, 1, 1, 0",1,0,1
"__builtin_cpu_supports (""avx512dq"")",1,0,1
"example_b.contains_point (4, 7)",1,0,1
pre_p,1,0,1
"XEXP (code, 1) == const0_rtx || (GET_MODE (XEXP (code, 0)) == CCRAWmode && CONST_INT_P (XEXP (code, 1)))",1,0,1
idx < MAX_RANGES,1,0,1
r.a[5] == -54,1,0,1
(sf->flags & CILK_FRAME_FLAGS_MASK) == CILK_FRAME_LAST,1,0,1
p.op < NUM_OPTABS,1,0,1
packet_group->sorted[cursor[group]] != packet_group->nop,1,0,1
uid1 <= stmt_vec_info_vec.length () && uid2 <= stmt_vec_info_vec.length (),1,0,1
!optimize || !before->deleted (),1,0,1
"test_property<is_nothrow_swappable, void(*)()>(true), """"",1,0,1
TYPE_STRING_FLAG (t1) == TYPE_STRING_FLAG (t2),1,0,1
tree_contains_struct[RESULT_DECL][TS_DECL_MINIMAL],1,0,1
phandle,1,0,1
PAGE_ALIGNED(start),1,0,1
"standard_layout_p::value, ""not standard_layout""",1,0,1
!alias_pairs,1,0,1
"!data->eh_map->put (old_r, new_r)",1,0,1
found_length == current_length,1,0,1
op_type == ternary_op,1,0,1
dest2 != NULL_RTX,1,0,1
"example_b.contains_point (4, 8)",1,0,1
"GIMPLE_RETURN, gimple_code (stmt2)",1,0,1
dispatch_window_list->window_size + dispatch_window_list1->window_size <= 48,1,0,1
cif->abi == FFI_WIN64,1,0,1
rax == 42 && xmm0d[0] == 43,1,0,1
reg_save_area == virtual_stack_vars_rtx,1,0,1
POINTER_TYPE_P (ttype),1,0,1
binfo != NULL_TREE,1,0,1
GET_MODE_CLASS (GET_MODE_INNER (mode)) == MODE_INT,1,0,1
TREE_CODE (t1) != FUNCTION_TYPE && TREE_CODE (t1) != METHOD_TYPE,1,0,1
LOOP_MARKED_FOR_PIPELINING_P (current_loop_nest),1,0,1
!ip->e2 || ip->e1,1,0,1
"prev && (CALL_P (prev) || (NONJUMP_INSN_P (prev) && GET_CODE (PATTERN (prev)) == SEQUENCE && CALL_P (XVECEXP (PATTERN (prev), 0, 0))))",1,0,1
 container.crend() == container.rend() ,1,0,1
(__cilk_sf.flags & (CILK_FRAME_UNSYNCHED|CILK_FRAME_EXCEPTING)) == CILK_FRAME_EXCEPTING,1,0,1
CASE_LOW (default_case) == NULL_TREE,1,0,1
array[i - low] == switch3 (i),1,0,1
BLOCK_OUTER_CURLY_BRACE_P (block),1,0,1
UI_Is_In_Int_Range (Esize (gnat_entity)),1,0,1
"test_property<is_swappable, const int[1][2]>(false), """"",1,0,1
const_vec_duplicate_p (x),1,0,1
result->representation.length >= 0,1,0,1
queue_list,1,0,1
!other,1,0,1
"SAME_BINFO_TYPE_P (BINFO_TYPE (here), BINFO_TYPE (binfo))",1,0,1
is_reference (var),1,0,1
AT_ref (a)->comdat_type_p || AT_ref (a)->die_id.die_symbol,1,0,1
vlt_register_pairs_fndecl == NULL_TREE,1,0,1
targetm.asm_out.trampoline_template != NULL,1,0,1
"""cpu=m32r""",1,0,1
!(*curr)->replaced && !(*curr)->resolved_addr,1,0,1
!DF_REF_REG_DEF_P (ref),1,0,1
"XVECLEN (x, 0) >= 1",1,0,1
INDIRECT_REF_P (val),1,0,1
exit_bb != loop->latch,1,0,1
next_offset / BITS_PER_UNIT >= local->total_bytes,1,0,1
CSELIB_VAL_PTR (el->loc)->locs->loc == loc,1,0,1
"__builtin_cpu_supports (""cmov"")",1,0,1
p->next == NULL,1,0,1
stmt && gimple_code (stmt) == gimple_code (entry_stmt),1,0,1
inline_summaries,1,0,1
module_ns,1,0,1
"TREE_LIST, TREE_CODE (argtypes)",1,0,1
target_node,1,0,1
(value.to_uhwi () & (aligni - 1)) == 0,1,0,1
TREE_CODE (t) != CONSTRUCTOR,1,0,1
old->top == new_stack->top,1,0,1
regno == GPR_FP && frame_pointer_needed,1,0,1
e2->expr_type == EXPR_CONSTANT,1,0,1
prev_ss != NULL,1,0,1
nbpairs == nbtypedefs,1,0,1
tree_contains_struct[FIELD_DECL][TS_DECL_MINIMAL],1,0,1
new_tree != block,1,0,1
INTVAL (x) != 0,1,0,1
TREE_CODE (TREE_TYPE (node)) == REFERENCE_TYPE,1,0,1
TREE_CODE (ptr) == ADDR_EXPR,1,0,1
val_num,1,0,1
"et_below (c, d)",1,0,1
name_to_id[version] == 0,1,0,1
DECL_IMPLICIT_INSTANTIATION (decl) || DECL_FRIEND_PSEUDO_TEMPLATE_INSTANTIATION (decl) || DECL_DECLARED_INLINE_P (decl),1,0,1
(1 || 2 ? 3 : 4) == 3,1,0,1
IDENTIFIER_LENGTH (complete_name) == IDENTIFIER_LENGTH (base_name),1,0,1
r.a[0] == UINT16x4_MAX,1,0,1
"1u <= __k, ""template argument substituting "" ""__k out of bound""",1,0,1
NONDEBUG_INSN_P (insn),1,0,1
"parse_in, ""machine=x86_64""",1,0,1
CONST_INT_P (highpart),1,0,1
"bitmap_bit_p (insns, DF_REF_INSN_UID (ref)) || bitmap_bit_p (candidates, DF_REF_INSN_UID (ref))",1,0,1
"XINT (XEXP (XEXP (mem, 0), 0), 1) == UNSPEC_LDCCLR",1,0,1
(code == NE || code == EQ) && *op1 == const0_rtx,1,0,1
"void_type_node, TREE_VALUE (argtypes)",1,0,1
r.a[1] == -42,1,0,1
TREE_CODE (decl) != FUNCTION_DECL || !TREE_ASM_WRITTEN (decl),1,0,1
DECL_P (t) && DECL_HAS_VALUE_EXPR_P (t),1,0,1
edge_growth > 0,1,0,1
chain->rld[i].when_needed == rld[i].when_needed,1,0,1
single_pred_p (condition_bb),1,0,1
definition,1,0,1
ADDRESS_REGNO_P (STATIC_CHAIN_REGNUM),1,0,1
!target_node->global.inlined_to,1,0,1
token != &eof_token,1,0,1
!t_bb,1,0,1
"SELFTEST_LOCATION, ""unformatted"", ""unformatted""",1,0,1
tree_contains_struct[LABEL_DECL][TS_DECL_COMMON],1,0,1
live_regs_mask == dwarf_regs_mask,1,0,1
(vcall_offset & (POINTER_BYTES - 1)) == 0,1,0,1
*format == '$',1,0,1
"GIMPLE_NOP, gimple_code (stmt)",1,0,1
!this_target_rtl->target_specific_initialized,1,0,1
"test_property<is_nothrow_swappable, ns4::SwapNoThrow[3]>(true), """"",1,0,1
METHOD_NATIVE (method) && flag_jni,1,0,1
REGEXP_ONEOF (oneof)->regexps_num > 1 && REGEXP_SEQUENCE (regexp)->regexps_num > 1,1,0,1
GET_MODE_SIZE (mode) == GET_MODE_SIZE (cmp_op_mode) && GET_MODE_NUNITS (mode) == GET_MODE_NUNITS (cmp_op_mode),1,0,1
p_start == &PASS,1,0,1
"useless_type_conversion_p (TREE_TYPE (stmt), type_right)",1,0,1
ss != NULL && ss != gfc_ss_terminator,1,0,1
"type, iv0, iv1, niter, bnds",1,0,1
GET_MODE (y) == mode || GET_MODE (y) == VOIDmode,1,0,1
"(C), C99_SUFl_DEC_TYPE((C))",1,0,1
ds & BEGIN_DATA,1,0,1
status_type == integer_type_node,1,0,1
need_frac_digits > 0,1,0,1
seq == phi_nodes (bb),1,0,1
ncrn + nregs <= NUM_ARG_REGS,1,0,1
true_predicate_p (&(*info->entry)[0].predicate),1,0,1
codimen + dimen >= 0 && codimen + dimen <= GFC_MAX_DIMENSIONS,1,0,1
arr[i] == i,1,0,1
r.a[2] == 0xfffe,1,0,1
"!reg_overlap_mentioned_p (XEXP (base, 0), src)",1,0,1
TREE_CODE (result) == CALL_EXPR || TREE_CODE (fn) == PSEUDO_DTOR_EXPR || errorcount,1,0,1
!overall_overflow,1,0,1
get_node (),1,0,1
"test_property<is_nothrow_swappable, void() const>(false), """"",1,0,1
!NOTE_P (tmp) || NOTE_KIND (tmp) != NOTE_INSN_DELETED,1,0,1
"test_property<is_swappable, std::array<construct::Nontrivial, 1>>(true), """"",1,0,1
TREE_CODE (func) == FUNCTION_TYPE || TREE_CODE (func) == METHOD_TYPE,1,0,1
"__builtin_cpu_supports (""avx512pf"")",1,0,1
"bitmap_bit_p (bbs, e->dest->index)",1,0,1
TARGET_THUMB2 && !arm_arch_notm && args_to_push == 0,1,0,1
ALLOCNO_NUM_OBJECTS (cap) == ALLOCNO_NUM_OBJECTS (a),1,0,1
seven > minus_two,1,0,1
r.a[1] == UINT8x8_MAX,1,0,1
"same_type_ignoring_top_level_qualifiers_p (type, TREE_TYPE (ctx->ctor))",1,0,1
!name || identifier_p (name),1,0,1
FLOAT128_2REG_P (fmode),1,0,1
mode != BLKmode || align == BIGGEST_ALIGNMENT,1,0,1
join_tgt_in_edge_from_call,1,0,1
VSX_REGNO_P (r),1,0,1
MEM_ADDR_SPACE (if_info->a) == MEM_ADDR_SPACE (if_info->b),1,0,1
!statements->find (t),1,0,1
cs->indirect_info->otr_type == obj_type_ref_class (target),1,0,1
i == 1,1,0,1
(size_t) (q - out_buffer) < out_len,1,0,1
!m->fs.drap_valid,1,0,1
!(flags & ECF_LOOPING_CONST_OR_PURE) || ((flags & ECF_NORETURN) && (flags & (ECF_CONST | ECF_PURE))),1,0,1
var2 == 22,1,0,1
G.finalizers.length() == 2,1,0,1
reloc == UNSPEC_TLS_GD,1,0,1
TYPE_SIZE (DECL_CONTEXT (function)) && TYPE_BEING_DEFINED (DECL_CONTEXT (function)),1,0,1
"__builtin_cpu_supports (""sse4.1"")",1,0,1
m_allocator == other.m_allocator,1,0,1
varname,1,0,1
"prototype_p (type) || !TYPE_ATTRIBUTES (type) || lookup_attribute (""type generic"", TYPE_ATTRIBUTES (type))",1,0,1
valid_p,1,0,1
"GET_CODE (XEXP (offset, 1)) == CONST_INT",1,0,1
s->old_symbol->old_symbol == NULL,1,0,1
"__r <= __w, ""template argument substituting "" ""__r out of bound""",1,0,1
INSN_TICK_ESTIMATE (pro) != INVALID_TICK,1,0,1
bb_predicate_gimplified_stmts (loop->header) == NULL && bb_predicate_gimplified_stmts (loop->latch) == NULL,1,0,1
is_gimple_assign (use_stmt),1,0,1
returning_sf,1,0,1
"(vf == vflow), __LINE__",1,0,1
par->mask == mask,1,0,1
(offset & 0x3) == 0,1,0,1
TREE_CODE (cookie_size) == INTEGER_CST,1,0,1
!arm_ccfsm_state && !arm_target_insn,1,0,1
ndupl > 0,1,0,1
p->is_generic,1,0,1
e->dest == EXIT_BLOCK_PTR_FOR_FN (cfun) && single_succ_p (bb) && (e->flags & EDGE_FALLTHRU),1,0,1
code == SQRT,1,0,1
POINTER_TYPE_P (TREE_TYPE (name)),1,0,1
size == 4 || size == 8,1,0,1
compression_table,1,0,1
"et_below (e, b)",1,0,1
TYPE_MODE (type) == mode,1,0,1
expr->expr_type == EXPR_CONSTANT && expr->ts.type == BT_INTEGER,1,0,1
"NULL, TREE_CHAIN (argterm)",1,0,1
"2, -, 3, -, 4, -5, -5, 3",1,0,1
start_point_ranges != NULL,1,0,1
!BARRIER_P (from),1,0,1
TARGET_LINK_STACK,1,0,1
TYPE_IS_FAT_OR_THIN_POINTER_P (thin_fat_ptr_type),1,0,1
SCALAR_FLOAT_MODE_P (GET_MODE (el)),1,0,1
mode == GET_MODE (src) || GET_MODE (src) == VOIDmode,1,0,1
!scope || TYPE_P (scope),1,0,1
TYPE_PRECISION (gfc_array_index_type) == TYPE_PRECISION (size_type_node),1,0,1
i_index != MAX_INT_KINDS,1,0,1
TREE_CODE (t_func) == FUNCTION_DECL,1,0,1
single_succ (ep->dest) == body_bb,1,0,1
DECL_INTERFACE_KNOWN (function),1,0,1
!(b->flags & BB_REACHABLE),1,0,1
SSA_NAME_DEF_STMT (comp) == last,1,0,1
DECL_TEMPLATE_INFO (t) != NULL_TREE,1,0,1
note_tmp,1,0,1
"100, bitmap_count_bits (b)",1,0,1
chkp_instrumentable_p (fndecl),1,0,1
e2->dest == bb,1,0,1
out && (REG_P (out) || GET_CODE (out) == SUBREG) && GET_MODE (out) == DImode,1,0,1
"char_type_node, TREE_VALUE (arg1)",1,0,1
SUBREG_BYTE (x) == 0 && REG_P (SUBREG_REG (x)),1,0,1
tail != NULL,1,0,1
(rax & 0xffffffff) == 42 && xmm0d[0] == 43,1,0,1
INSN_TICK (pro) >= MIN_TICK,1,0,1
class_ts.type == BT_CLASS,1,0,1
from < MAX_INSNS_PER_PEEP2 + 1,1,0,1
ref != (unsigned)-1,1,0,1
gimple_assign_lhs (tgtcopy_stmt) == arg,1,0,1
TARGET_CPU_ZARCH,1,0,1
r.a[1] == 9,1,0,1
!(crtl->drap_reg && stack_realign_fp),1,0,1
highest_bit_set >= 32 && lowest_bit_set < 32,1,0,1
!s->h,1,0,1
data.block == DECL_INITIAL (current_function_decl),1,0,1
"__builtin_cpu_supports (""sse"")",1,0,1
id < ps->g->num_nodes,1,0,1
r.a[7] == 24,1,0,1
racc->first_link,1,0,1
TREE_CODE (t) == STATEMENT_LIST,1,0,1
dest_regnum == src1_regnum,1,0,1
code == NEGATE_EXPR || code == ABS_EXPR,1,0,1
region_exit == NULL || outer == region_exit->loop_father,1,0,1
"recog_data.n_alternatives <= (int) MAX (sizeof (HARD_REG_ELT_TYPE) * CHAR_BIT, FIRST_PSEUDO_REGISTER)",1,0,1
(to_descriptor->__code & GO_CODE_MASK) == GO_INTERFACE,1,0,1
saw[2] == 0,1,0,1
r.a[0] == 0x000f,1,0,1
ggc_marked_p (test_some_subclass->m_b),1,0,1
this_code,1,0,1
"nations, main",1,0,1
"!reg_overlap_mentioned_p (xop[2], xop[1])",1,0,1
"""machine=hppa""",1,0,1
(ff->sync_master == 0 || ff->sync_master == w),1,0,1
get_attr_type (out_insn) == TYPE_FMADD,1,0,1
BB_NOTE_LIST (new_bb) == NULL_RTX,1,0,1
function && TREE_CODE (function) == FUNCTION_DECL,1,0,1
CONST_WIDE_INT_NUNITS (value) == 2,1,0,1
!m->fs.fp_valid,1,0,1
INSN_P (seq),1,0,1
t1 != t2 && ALLOCNO_COLOR_DATA (t1)->first_thread_allocno == t1 && ALLOCNO_COLOR_DATA (t2)->first_thread_allocno == t2,1,0,1
r.a[4] == -13,1,0,1
is_overloaded_fn (from),1,0,1
!JUMP_P (last),1,0,1
!node->previous_sharing_asm_name && !node->next_sharing_asm_name,1,0,1
v2 == C1,1,0,1
"name2, tmp, new_comp_code, cst, NULL, e, bsi",1,0,1
!active[cl].is_empty (),1,0,1
r.a[2] == 4,1,0,1
GET_CODE (bounds_rtl) == PARALLEL,1,0,1
entry->index == NO_INDEX_ASSIGNED || entry->index == NOT_INDEXED,1,0,1
k == count,1,0,1
FIRST_SAVRES_REGISTER <= regno && regno <= LAST_SAVRES_REGISTER && select >= 0 && select <= 12,1,0,1
CONTAINING_RGN (BLOCK_NUM (insn)) == CONTAINING_RGN (BB_TO_BLOCK (0)),1,0,1
r.a[0] == UINT8x8_MAX,1,0,1
displ >= 0 && displ < MARK_BITS_PER_HBLK,1,0,1
!return_pc || load,1,0,1
!*dstp,1,0,1
live->livein && bb != ENTRY_BLOCK_PTR_FOR_FN (cfun) && bb != EXIT_BLOCK_PTR_FOR_FN (cfun),1,0,1
*loc.loc == BUILTINS_LOCATION + 1,1,0,1
"test_property<is_nothrow_swappable, ns1::SwapThrow[3][2]>(false), """"",1,0,1
BB_LV_SET (e->dest) == NULL,1,0,1
!is_latch,1,0,1
"!is_friend (type, scope)",1,0,1
target->specific,1,0,1
new_opno >= 0 && new_opno < MAX_OPERANDS,1,0,1
TREE_CODE (used) == NAMESPACE_DECL,1,0,1
crtl->args.pretend_args_size == 0,1,0,1
"strncmp (base->named.name, ""__DWARF,"", 8) == 0",1,0,1
"2, <=, 3, <=, 4, 1, 1, 0",1,0,1
!CLASS_DATA (fsym)->as,1,0,1
!ctx->object || !DECL_P (ctx->object) || *(ctx->values->get (ctx->object)) == ctx->ctor,1,0,1
!MEM_P (src),1,0,1
GET_CODE (dst) == REG && CR_REGNO_P (REGNO (dst)) && GET_CODE (src) == REG && CR_REGNO_P (REGNO (src)),1,0,1
TREE_CODE (arg) == TEMPLATE_TEMPLATE_PARM || TREE_CODE (arg) == TEMPLATE_DECL || TREE_CODE (arg) == UNBOUND_CLASS_TEMPLATE,1,0,1
copy->bucket_count () == 2 * this->bucket_count (),1,0,1
rld[i].in == 0 || rld[i].when_needed == RELOAD_FOR_OUTADDR_ADDRESS || rld[i].when_needed == RELOAD_FOR_OUTPUT_ADDRESS,1,0,1
DF_REG_DEF_COUNT (regno) == 1 && DF_REF_INSN_INFO (def),1,0,1
"a, gimple_assign_rhs1 (stmt)",1,0,1
vuse != NULL_TREE,1,0,1
REG_P (x) && GET_MODE (x) == V2SFmode,1,0,1
"noexcept(std::swap(std::declval<funny::A&>(), std::declval<funny::A&>())), """"",1,0,1
"example_b.contains_point (4, 15)",1,0,1
tree_int_cst_sign_bit (step),1,0,1
(rax & 0xffff) == 42 && x._float[1] == 43,1,0,1
"NON_LVALUE_EXPR, TREE_CODE (result)",1,0,1
map->ts.type == BT_DERIVED,1,0,1
flags & CILK_FRAME_SUSPENDED,1,0,1
cond_code >= 0 && cond_code <= AARCH64_NV,1,0,1
"99, bitmap_count_bits (b)",1,0,1
m->dvsize >= MIN_CHUNK_SIZE,1,0,1
TARGET_ABICALLS && TARGET_OLDABI && epilogue_completed,1,0,1
new_nmemb >= old_nmemb,1,0,1
cursor != NULL_TREE,1,0,1
langno <= num_lang_dirs,1,0,1
"test_property<is_nothrow_swappable, construct::Empty>(true), """"",1,0,1
"14, v.length ()",1,0,1
!IS_MAPPED(hhdr),1,0,1
nbpairs == nbvars,1,0,1
vlt_register_set_fndecl == NULL_TREE,1,0,1
CONST_INT_P (info.value),1,0,1
GET_CODE (regs) == PARALLEL,1,0,1
cfun->machine->sdmode_stack_slot == NULL_RTX,1,0,1
!DEBUG_INSN_P (to->insn) || d_t == ANTI_DEP,1,0,1
op1->ts.type == BT_INTEGER,1,0,1
usage_insn != insn || (after_p && before_p),1,0,1
"GET_CODE (XVECEXP (pattern, 0, 0)) == UNSPEC_VOLATILE",1,0,1
"test_property<is_nothrow_swappable, funny::A>(false), """"",1,0,1
in_current_region_p (succ),1,0,1
i <= n_ready,1,0,1
!reload_completed || recog_memoized (insn) < 0 || get_attr_type (insn) != TYPE_MULTI,1,0,1
node->dispatcher_function && node_version_info != NULL,1,0,1
code_list->m_offsets[i],1,0,1
!virtual_operand_p (def) && STMT_VINFO_DEF_TYPE (stmt_vinfo) == vect_unknown_def_type,1,0,1
unroll <= 4,1,0,1
avail != 0,1,0,1
GET_MODE (r_save) == Pmode,1,0,1
! JUMP_P (NEXT_INSN (insn)),1,0,1
GET_MODE_SIZE (TYPE_MODE (TREE_TYPE (expr))) == GET_MODE_SIZE (TYPE_MODE (type)),1,0,1
expr->value.op.op1->ts.kind == expr->value.op.op2->ts.kind,1,0,1
"cherry, find_closest_identifier (get_identifier (""berry""), &candidates)",1,0,1
g->frame_malloc.pool_begin <= g->frame_malloc.pool_end,1,0,1
(FNDECL) == current_function_decl,1,0,1
fcode < ARRAY_SIZE (mips_builtins),1,0,1
*(unsigned char*)struct_addr == 42 && rdi == rax,1,0,1
cfg_hooks->account_profile_record,1,0,1
GET_CODE (pattern) == COND_EXEC,1,0,1
"et_below (b, e)",1,0,1
check_bool_attrs (insn),1,0,1
"REG_P (XEXP (addr, 0)) && GET_CODE (XEXP (addr, 1)) == PLUS && XEXP (XEXP (addr, 1), 0) == XEXP (addr, 0)",1,0,1
"et_below (d, e)",1,0,1
key != (splay_tree_key) var,1,0,1
!gimple_seq_may_fallthru (bodyp),1,0,1
"750, *m.get (millipede)",1,0,1
"1066, bitmap_first_set_bit (b)",1,0,1
len <= MAX_BITSIZE_MODE_ANY_INT / HOST_BITS_PER_WIDE_INT,1,0,1
"test_property<is_swappable, construct::SE>(true), """"",1,0,1
"(SELFTEST_LOCATION), (EXPECTED), (FMT), (ARG1), (ARG2)",1,0,1
digit <= 10,1,0,1
tgt_infos,1,0,1
"_Generic (i++, float: 1, default: 0) == 1, ""4""",1,0,1
function,1,0,1
!sym->tlink,1,0,1
GET_CODE (breg) == REG,1,0,1
(args_size & 0xffffffff) == args_size,1,0,1
!TARGET_TOC,1,0,1
from == FRAME_POINTER_REGNUM && to == STACK_POINTER_REGNUM,1,0,1
bitmap_empty_p (&spilled_pseudos),1,0,1
next_expression_id + 1 > next_expression_id,1,0,1
false_edge == e0,1,0,1
new_trans->labels != *combined,1,0,1
entry->context_depth == top->context_depth,1,0,1
arg.magic == CUMULATIVE_ARGS_MAGIC,1,0,1
list->next == NULL,1,0,1
dst->caller->global.inlined_to,1,0,1
new_sched_ready_n_insns >= sched_ready_n_insns,1,0,1
"2, *, 2, %, 3, 1, 1, 4",1,0,1
base && (pbitpos % BITS_PER_UNIT) == 0 && !reversep,1,0,1
!t2->specific->is_generic,1,0,1
result->symtree && (result->symtree->n.sym->attr.flavor == FL_PROCEDURE || result->symtree->n.sym->attr.flavor == FL_UNKNOWN),1,0,1
*aslot != node,1,0,1
"alignof (T) == 2 * alignof (double), ""alignment of T""",1,0,1
ar->dimen_type[dim] == DIMEN_RANGE || ar->dimen_type[dim] == DIMEN_THIS_IMAGE,1,0,1
n == ALLOCNO_NUM_OBJECTS (set_move->to),1,0,1
sym->attr.flavor == FL_PROCEDURE || sym->attr.flavor == FL_PROGRAM,1,0,1
vcall_offset < 0,1,0,1
r.a[6] == -15,1,0,1
"integer_type_node, TREE_VALUE (arg0)",1,0,1
isxdigit(*maj_dev_start),1,0,1
location <= MAX_SOURCE_LOCATION && (set->highest_location < LINEMAPS_MACRO_LOWEST_LOCATION (set)),1,0,1
group->vuses[0] != NULL,1,0,1
match < noutputs,1,0,1
"gfc_wide_tolower (c) == (unsigned char) ""!$acc""[i]",1,0,1
failed,1,0,1
onload,1,0,1
obj->elem1[8] == 45,1,0,1
p->parent == NULL || p->parent->ss == p->ss || p->parent->ss->nested_ss == p->ss,1,0,1
goal_alt_number >= 0,1,0,1
TREE_CODE (key) == INTEGER_CST,1,0,1
JUMP_P (prev),1,0,1
"mips_const_vector_same_int_p (src, mode, -512, 511)",1,0,1
noloop == const1_rtx,1,0,1
single_succ (ce->dest) == body_bb,1,0,1
DECL_INITIAL (fndecl) == error_mark_node,1,0,1
bufsz > 0,1,0,1
opno + call_expr_nargs (exp) == insn_data[icode].n_generator_args,1,0,1
TYPE_PTR_P (TREE_TYPE (t)),1,0,1
ARC_LAST_SIMD_DMA_CONFIG_REG == 143,1,0,1
"PC, SET_DEST (jump_pat)->code",1,0,1
r.a[1] == 0x00,1,0,1
bb->index < array_size,1,0,1
block != ENTRY_BLOCK_PTR_FOR_FN (cfun),1,0,1
(*args)->length () == 1 && !(flags & LOOKUP_ONLYCONVERTING),1,0,1
e->ts.type == BT_LOGICAL && e->expr_type == EXPR_CONSTANT,1,0,1
len * BITS_PER_UNIT <= HOST_BITS_PER_DOUBLE_INT,1,0,1
!TYPE_CANONICAL (p) || p == TYPE_CANONICAL (p),1,0,1
regno_assign_info[regno1_first].freq >= 0,1,0,1
!current_cache,1,0,1
regno_reg_rtx[i] != NULL_RTX && REG_P (regno_reg_rtx[i]) && lra_reg_info[i].nrefs != 0 && reg_renumber[i] < 0,1,0,1
uid2 <= stmt_vec_info_vec.length (),1,0,1
"pure_location_p (line_table, loc) ",1,0,1
!gsi_end_p (gsi) && (gimple_code (gsi_stmt (gsi)) == (e2 ? GIMPLE_OMP_CONTINUE : GIMPLE_OMP_RETURN)),1,0,1
"!flow_bb_inside_loop_p (loop, e->src)",1,0,1
! v8,1,0,1
opindex + 2 < ops.length (),1,0,1
prev->m_first_line <= prev->m_last_line,1,0,1
threshold <= BB_FREQ_MAX,1,0,1
arr[i] == i + ((i / 32) ^ (i % 32) * 3),1,0,1
HARD_REGISTER_NUM_P (regno),1,0,1
integer_zerop (iv1->step),1,0,1
!mpfr_nan_p (m) && !mpfr_inf_p (m),1,0,1
REG_P (dest) && CONSTANT_P (src),1,0,1
"c_ip, v_ip, const volatile int *",1,0,1
x != HOST_WIDE_INT_MIN && y != HOST_WIDE_INT_MIN,1,0,1
TI_TEMPLATE (ti),1,0,1
MOTOROLA || reloc == RELOC_GOT,1,0,1
!info->node_enqueued,1,0,1
"cuLaunchKernel, function, dims[GOMP_DIM_GANG], 1, 1, dims[GOMP_DIM_VECTOR], dims[GOMP_DIM_WORKER], 1, 0, dev_str->stream, kargs, 0",1,0,1
!TREE_ASM_WRITTEN (decl) && TREE_CODE (decl) == VAR_DECL && !DECL_HAS_VALUE_EXPR_P (decl),1,0,1
type == PTX_EVT_MEM || type == PTX_EVT_KNL || type == PTX_EVT_SYNC || type == PTX_EVT_ASYNC_CLEANUP,1,0,1
!DECL_FUNCTION_THROWS (current_method),1,0,1
loop_preheader_edge (loop)->src == e->dest,1,0,1
"4, f",1,0,1
"0, >=, 2, !=, 3, 1, 1, 0",1,0,1
label == bc_label[bc],1,0,1
regp <= argp,1,0,1
inner_binfo,1,0,1
new_trans->optional,1,0,1
gimple_code (ws_stmt) == GIMPLE_OMP_FOR,1,0,1
WORDS_BIG_ENDIAN == BYTES_BIG_ENDIAN,1,0,1
"GET_CODE (XEXP (c, 0)) == SYMBOL_REF",1,0,1
AT_flag (a) == 1,1,0,1
GC_active_count <= GC_helper_count,1,0,1
parser->num_classes_being_defined == 0,1,0,1
block_new->next_bb == block_next && block_from->next_bb == block_new,1,0,1
errlen != NULL_TREE,1,0,1
dup_block->frequency == 0,1,0,1
"SELFTEST_LOCATION, ""item 3 of 7"", ""item %i of %i"", 3, 7",1,0,1
!t || TREE_CODE (t) != TREE_BINFO,1,0,1
CONST_INT_P (store_info->rhs),1,0,1
seq_fn_body != NULL,1,0,1
e->src == empty_bb->prev_bb && (e->flags & EDGE_FALLTHRU),1,0,1
ADDR_SPACE_GENERIC_P (parts.seg),1,0,1
"1, !=, 2, ==, 3, 0, 0, 1",1,0,1
reg_equiv_memory_loc (regno) != 0,1,0,1
"!reg_overlap_mentioned_p (out, op0)",1,0,1
tmp_sym && dt_symtree && dt_symtree->n.sym,1,0,1
EXPR_PRIORITY_ADJ (expr) == 0 || *pneed_stall,1,0,1
dst_rdesc,1,0,1
m_can_restore,1,0,1
converted != argv[argc - 2],1,0,1
(zero && (GET_CODE (extend) == ZERO_EXTEND)) || (! zero && (GET_CODE (extend) == SIGN_EXTEND)),1,0,1
sl->ptr_spec != NULL,1,0,1
!TYPE_PTR_P (target_type) || TREE_CODE (TREE_TYPE (target_type)) != METHOD_TYPE,1,0,1
!alias->transparent_alias,1,0,1
"SSA_NAME, TREE_CODE (gimple_return_retval (return_stmt))",1,0,1
map < ipa_get_param_count (IPA_NODE_REF (to)),1,0,1
REG_FUNCTION_VALUE_P (real_decl_rtl),1,0,1
ira_class_hard_regs_num[cl] == n,1,0,1
dwarf_split_debug_info && addr_index_table,1,0,1
!is_a <hsa_insn_phi *> (insn),1,0,1
!maybe_get_identifier (ref_name),1,0,1
(in_statement & IN_SWITCH_STMT) || in_statement == IN_ITERATION_STMT,1,0,1
i == count,1,0,1
is_gimple_val (tmp),1,0,1
qtid != INVALID_QTID,1,0,1
BLOCK_TO_BB (bb->index) != 0,1,0,1
!VAR_LOC_1PAUX (var),1,0,1
"__builtin_cpu_supports (""aes"")",1,0,1
nargs + 2 == insn_data[(int) icode].n_generator_args,1,0,1
cur_seqno >= 0,1,0,1
BLOCK_FOR_INSN (insn)->prev_bb != BLOCK_FOR_INSN (last_scheduled_insn_old),1,0,1
state == EXPANSION || state == FINISHED,1,0,1
cached_base_dev,1,0,1
virtual_operand_p (res_a) || res_a == control || red != NULL,1,0,1
from_mode == QImode || from_mode == HImode,1,0,1
bypass->in_insn_reserv->insn_num != (DECL_INSN_RESERV (advance_cycle_insn_decl)->insn_num),1,0,1
save_decoded_options[j].canonical_option[0][0] == '-',1,0,1
via_ac != NULL,1,0,1
TREE_CODE (scope) == NAMESPACE_DECL,1,0,1
TREE_VEC_LENGTH (OMP_FOR_INIT (for_stmt)) == TREE_VEC_LENGTH (OMP_FOR_INCR (for_stmt)),1,0,1
ALL_SCALAR_FIXED_POINT_MODE_P (from_mode) == ALL_SCALAR_FIXED_POINT_MODE_P (to_mode),1,0,1
node->get_partitioning_class () == SYMBOL_DUPLICATE || DECL_COMDAT (node->decl) || !symbol_partitioned_p (node),1,0,1
GET_MODE (OP (2)) == QImode,1,0,1
(uintptr_t) tmpptr < (uintptr_t) buffer_end,1,0,1
"is_reassociable_op (binlhs, rhscode, loop) && is_reassociable_op (binrhs, rhscode, loop)",1,0,1
*func_offset,1,0,1
nary->result == NULL_TREE,1,0,1
TREE_CODE (v) == SSA_NAME && COMPARISON_CLASS_P (cond),1,0,1
"""cpu=ia64""",1,0,1
!force,1,0,1
"s0, sizeof (0, (d, b).c) == sizeof (char *)",1,0,1
PTRMEM_OK_P (arg),1,0,1
"d->test.kind == rtx_test::C_TEST || d->test.kind == rtx_test::ACCEPT || safe_to_hoist_p (d, d->test, kc)",1,0,1
pliw1->op != pliw2->op,1,0,1
TREE_CODE (exp) == CONSTRUCTOR,1,0,1
msize <= UNITS_PER_WORD || msize == (unsigned int) GET_MODE_UNIT_SIZE (GET_MODE (x)),1,0,1
INSN_IN_STREAM_P (insn),1,0,1
!negate,1,0,1
new_val->lattice_val != UNINITIALIZED,1,0,1
TREE_CODE (resword_identifier) == IDENTIFIER_NODE,1,0,1
GET_CODE (memop) == SET,1,0,1
ARC_FIRST_SIMD_VR_REG == 64,1,0,1
i >= 0 && i < ipa_get_param_count (info),1,0,1
NOTE_INSN_BASIC_BLOCK_P (BB_END (bb)),1,0,1
njumps == 1,1,0,1
!before,1,0,1
BB_LV_SET (bb) == NULL && !BB_LV_SET_VALID_P (bb) && BB_AV_LEVEL (bb) == 0 && BB_AV_SET (bb) == NULL,1,0,1
!*h,1,0,1
pos > ebb_head[i - 1],1,0,1
as->type != AS_IMPLIED_SHAPE,1,0,1
"rtx_equal_p (SET_DEST (sset_b), to_rename)",1,0,1
remaining == 0 && srcoffset == dstoffset,1,0,1
"bitmap_bit_p (b, 7)",1,0,1
nr_inter <= 0,1,0,1
gimple_assign_rhs_code (use_stmt) == COND_EXPR,1,0,1
"""\""hello world\"""", ""hello world""",1,0,1
ltrel_base == pending_ltrel,1,0,1
n <= 1,1,0,1
DECL_ASSEMBLER_NAME (TYPE_NAME (t1)),1,0,1
decl != item->decl,1,0,1
dp,1,0,1
this_action != -1 && last_action == (first_no_action_insn ? -1 : -3),1,0,1
TYPE_SIZE_UNIT (type) == TYPE_SIZE_UNIT (TYPE_MAIN_VARIANT (type)),1,0,1
is_gimple_reg (ptr) || is_gimple_min_invariant (ptr),1,0,1
TREE_CODE (decl) == PARM_DECL || DECL_INITIAL (decl) == NULL_TREE,1,0,1
ip->flags != SUCCS_NORMAL || *succp == NEXT_INSN (bb_note (bb)),1,0,1
ret == last,1,0,1
reg_renumber[regno] < 0 && rclass != NO_REGS,1,0,1
c1 == d4,1,0,1
flags < ASAN_CHECK_LAST,1,0,1
CONVERT_EXPR_P (*expr_p),1,0,1
ct,1,0,1
!info->iv,1,0,1
die->die_tag == DW_TAG_dwarf_procedure,1,0,1
TYPE_NEXT_VARIANT (t) == NULL_TREE,1,0,1
"""cpu=tic6x""",1,0,1
!THUNK_ALIAS (thunk_fndecl),1,0,1
is_mm_relaxed (model) || is_mm_release (model) || MEM_VOLATILE_P (mem),1,0,1
array[i] == switch3 (i),1,0,1
!REG_P (operand) || !MMX_REGNO_P (REGNO (operand)),1,0,1
"label, LABEL_REF_LABEL (SET_SRC (jump_pat))",1,0,1
"_Generic (i = 0, int: 1, default: 0) == 1, ""3""",1,0,1
!CP_DECL_CONTEXT (class_decl) || CP_DECL_CONTEXT (class_decl) == global_namespace,1,0,1
stream != NULL,1,0,1
ebb_head [bb] == bb + current_blocks,1,0,1
plats->alignment.align > 0,1,0,1
dispatch_decl != NULL && fndecls_p != NULL && empty_bb != NULL,1,0,1
"s0, sizeof (0, (a = b).c) == sizeof (char *)",1,0,1
!vtable_slot || *vtable_slot == *slot,1,0,1
"n, subgraph_nodes[i]->succs->length ()",1,0,1
first_bb != last_bb && EDGE_COUNT (last_bb->succs) == 0,1,0,1
"test_property<is_swappable, std::priority_queue<int>>(true), """"",1,0,1
start + width <= 128,1,0,1
!ret || !list_ret,1,0,1
"(a->type != FFI_TYPE_STRUCT && a->type != FFI_TYPE_COMPLEX) || a->elements != NULL, file, line",1,0,1
GET_CODE (dest) == PLUS,1,0,1
!emit,1,0,1
(flags & ECF_NORETURN) || (old_stack_allocated == stack_pointer_delta - pending_stack_adjust),1,0,1
!cselib_any_perm_equivs,1,0,1
"INTEGER_CST, TREE_CODE (zero)",1,0,1
ggc_marked_p (test_some_other_subclass->m_c),1,0,1
"""cpu=tilegx""",1,0,1
loop_bound_step != 0,1,0,1
name1 != NULL_TREE && name2 != NULL_TREE,1,0,1
src == stack_pointer_rtx || offset == const0_rtx,1,0,1
rax == 42 && xmm0f[0] == 43,1,0,1
"TREE_CODE (cst) == ADDR_EXPR && TREE_CODE (TREE_OPERAND (cst, 0)) == FUNCTION_DECL",1,0,1
"NULL, test_of_deletable",1,0,1
stmt_vec_info_vec.exists (),1,0,1
r.a[3] == 0x000f,1,0,1
HOST_BITS_PER_WIDE_INT != 64,1,0,1
strlen (buf) < len,1,0,1
mode1 != BLKmode,1,0,1
"bitmap_bit_p (sched_nodes, u)",1,0,1
"ARITHMETIC_TYPE_P (t1) || TREE_CODE (t1) == ENUMERAL_TYPE, 19990725",1,0,1
start == NULL && length % malloc_getpagesize == 0 && prot == (PROT_READ | PROT_WRITE) && flags == (MAP_PRIVATE | MAP_ANONYMOUS) && fd == -1 && offset == 0,1,0,1
"4L, <<, 2L, <<, 3L, 128L, 128L, 262144L",1,0,1
GET_CODE (op0) == CONST_VECTOR,1,0,1
EDGE_COUNT (entry_bb->succs) == 2 && BRANCH_EDGE (entry_bb)->dest == exit_bb,1,0,1
NULL == global_os_mutex,1,0,1
CONST_INT_P (addr_parts[j]),1,0,1
rld[r].when_needed == RELOAD_OTHER || rld[r].when_needed == RELOAD_FOR_OUTPUT || rld[r].when_needed == RELOAD_FOR_INSN,1,0,1
!var_infos,1,0,1
!in_dfs_walk,1,0,1
"suitable_reference_p (a->ref, &a_step) && a_step == comp->comp_step",1,0,1
isspace(*p),1,0,1
i == (unsigned) lp->index,1,0,1
"""cpu=nds32""",1,0,1
EXPR_TARGET_AVAILABLE (expr) == true,1,0,1
expr1->ts.u.derived->attr.sequence || expr1->ts.u.derived->attr.is_bind_c,1,0,1
ff->join_counter == 0,1,0,1
m_counter >= 0,1,0,1
ss->loop->dimen == ss->dimen,1,0,1
type == EXEC_SYNC_IMAGES,1,0,1
"(C), C90_SUFl_TYPE((C))",1,0,1
lto_wrapper_argv,1,0,1
TYPE_MAIN_VARIANT (current_class_type) == current_class_type,1,0,1
buffer[i] == 0,1,0,1
CONST_INT_P (offset),1,0,1
oloc == SET_DEST (expr),1,0,1
DECL_CONTEXT (parm) == NULL_TREE,1,0,1
single_pred (bb) == BLOCK_FOR_INSN (link),1,0,1
index <= phi->nargs,1,0,1
!TARGET_STV,1,0,1
defs[0].bb_index == 1,1,0,1
"test_property<is_swappable, std::queue<int>[1][2]>(true), """"",1,0,1
use_mmap(m),1,0,1
(mask & 3) == 3 || !is_gimple_omp_oacc (ctx->stmt),1,0,1
gimple_omp_for_kind (dist) == GF_OMP_FOR_KIND_DISTRIBUTE,1,0,1
*pcallers > 0,1,0,1
!declaration || local_scope_p (context_die),1,0,1
*dst_loc,1,0,1
bottom <= cold_gc_frame && cold_gc_frame <= top,1,0,1
TREE_CODE (tem) == SSA_NAME,1,0,1
obstack_next_free (&declarator_obstack) == declarator_obstack_base,1,0,1
!TREE_PUBLIC (node->decl) && !DECL_EXTERNAL (node->decl),1,0,1
ggc_marked_p (test_some_other_subclass_as_base_ptr),1,0,1
!trace_work_list.exists (),1,0,1
!has_function_state (dst),1,0,1
"iv_ca_cand_for_group (ivs, act->group) == from",1,0,1
r.a[4] == UINT8x8_MAX,1,0,1
"wi::les_p (root->offset, ref->offset)",1,0,1
!(slot < m_entries || slot >= m_entries + size () || is_empty (*slot) || is_deleted (*slot)),1,0,1
DR_BASE_ADDRESS (a) || DR_OFFSET (a) || DR_INIT (a) || DR_STEP (a),1,0,1
next_cycle_replace_deps.is_empty (),1,0,1
!automatically_generated_chrec_p (t),1,0,1
n == m * 2,1,0,1
"pure_location_p (set, start_location)",1,0,1
"test_property<is_swappable, std::tuple<>[1]>(true), """"",1,0,1
!reload_in_progress || reload_completed,1,0,1
"NULL, bb_seq (entry)",1,0,1
"_Tp() <= _Tp(), ""leq""",1,0,1
max_dim == 0,1,0,1
bs1 == HOST_BITS_PER_WIDE_INT || ((unsigned HOST_WIDE_INT) 1 << bs1) > mask,1,0,1
TREE_CODE (t1) == TREE_VEC,1,0,1
!ia64_needs_block_p (ts),1,0,1
"1, >=, 2, ==, 3, 0, 0, 1",1,0,1
e && e2 && ref,1,0,1
e->ts.type == BT_CHARACTER,1,0,1
"2 + (n * n), n_edges_for_fn (fun)",1,0,1
var_nothing->id == nothing_id,1,0,1
"XINT (unspec, 1) == UNSPEC_INSN_ADDR_SHL16INSLI",1,0,1
GET_MODE (dest) == GET_MODE (src1),1,0,1
argc >= 3,1,0,1
live_pseudos_reg_renumber[conflict_regno] < 0,1,0,1
" std::is_empty<_Tp>::value, ""Type must be empty"" ",1,0,1
ffrom && DECL_NAME (fto) == DECL_NAME (ffrom),1,0,1
"bitmap_bit_p (b, 150)",1,0,1
"__builtin_offsetof (T, m) == sizeof (T)",1,0,1
n->get_data () == edge,1,0,1
var->is_global(),1,0,1
code_motion_path_driver_info == &move_op_hooks,1,0,1
"__builtin_cpu_supports (""avx512vl"")",1,0,1
seq != NULL_RTX,1,0,1
nargs == expected_nargs,1,0,1
ar->dimen_type[i] == DIMEN_RANGE,1,0,1
wd->type != CILK_BLOCK_FOR,1,0,1
"cp_parser *, bool",1,0,1
"1, <, 2, !=, 3, 1, 1, 0",1,0,1
"test_property<is_nothrow_swappable, decltype(nullptr)>(true), """"",1,0,1
xregno >= 0,1,0,1
(e->flags & EDGE_EH) || SSA_NAME_OCCURS_IN_ABNORMAL_PHI (PHI_RESULT (phi)),1,0,1
"!timercmp (&stamps[0][1], &stamps[2][2], >)",1,0,1
is_gimple_call (pattern_stmt),1,0,1
nested_loop->parent == NULL,1,0,1
ggc_marked_p (test_some_other_subclass->m_a),1,0,1
*dynamic_check == -1,1,0,1
section_switch_note == NULL_RTX,1,0,1
best_state,1,0,1
TREE_CODE (qualified_id) == SCOPE_REF,1,0,1
GET_MODE (rhs) == mode || GET_MODE (rhs) == VOIDmode,1,0,1
"!prev_real_insn (insn) || !arc_hazard (prev_real_insn (insn), prev)",1,0,1
type != unknown_type_node,1,0,1
"!get_eh_throw_stmt_table (ifun)->put (t, num)",1,0,1
"""cpu=cris""",1,0,1
r.a[6] == -7,1,0,1
GET_CODE (label) == CODE_LABEL || (GET_CODE (label) == NOTE && NOTE_KIND (label) == NOTE_INSN_DELETED_LABEL),1,0,1
"et_below (e, c)",1,0,1
first_target,1,0,1
decl == OMP_CLAUSE_DECL (c),1,0,1
!CONVERT_EXPR_P (arg0) && !CONVERT_EXPR_P (arg1) && TREE_CODE (arg0) != SSA_NAME,1,0,1
m_playback_obj,1,0,1
ratype || TYPE_VECTOR_SUBPARTS (rtype) == nunits,1,0,1
VTI (bb)->flooded,1,0,1
!(n % GCOV_ICALL_TOPN_NCOUNTS),1,0,1
TYPE_P (base),1,0,1
!access->next_queued,1,0,1
(uintptr_t) buffer <= (uintptr_t) tmpptr,1,0,1
parser->implicit_template_parms,1,0,1
CLASSTYPE_TEMPLATE_ID_P (type),1,0,1
"test_property<is_nothrow_swappable, ns1::SwapThrow>(false), """"",1,0,1
!VAR_LOC_DEP_LST (ivar),1,0,1
again.sccstack.length () == size,1,0,1
BRANCH_EDGE (cont_bb)->dest == l1_bb || (single_succ_edge (BRANCH_EDGE (cont_bb)->dest)->dest == l1_bb),1,0,1
a && AT_class (a) == dw_val_class_flag,1,0,1
"0 == ""Bad signal_node_t message.""",1,0,1
current_namespace == ns,1,0,1
x == &test,1,0,1
res == (*access_vec)[0],1,0,1
E[1][1] == 4,1,0,1
4,1,0,1
fix->forwards || fix->backwards,1,0,1
dst != a && dst != b && dst != kill,1,0,1
"""system=simulator""",1,0,1
fini->proc_tree,1,0,1
ss_type == GFC_SS_FUNCTION && ss_expr == expr,1,0,1
GET_CODE (ret) == SYMBOL_REF,1,0,1
"1, !=, 2, >=, 3, 1, 0, 1",1,0,1
!(ts & ~BE_IN_SPEC),1,0,1
integer_zerop (elt),1,0,1
rhs_code == EQ_EXPR || rhs_code == NE_EXPR,1,0,1
fallback & (fb_rvalue | fb_lvalue),1,0,1
alias || TREE_CODE (t) != FUNCTION_DECL || (cgraph_node::get (t) && cgraph_node::get (t)->definition),1,0,1
var_integer->id == integer_id,1,0,1
interface,1,0,1
single_succ_edge (region_copy[i]),1,0,1
new_ts == old_ts && QUEUE_INDEX (next) == QUEUE_NOWHERE,1,0,1
"2, %, 3, +, 4, 6, 6, 2",1,0,1
useorder == either || useorder == order,1,0,1
"2, -, 3, /, 4, 2, 0, 2",1,0,1
minus_two == minus_two,1,0,1
true || VINSN_COUNT (INSN_VINSN (insn)) == 1,1,0,1
isl_pw_aff_is_cst (rhs) || isl_pw_aff_is_cst (l),1,0,1
len >= oldlen,1,0,1
xmm0d[0] == 42,1,0,1
seh->cfa_reg == stack_pointer_rtx,1,0,1
!cfun->machine->set_frame_ptr_insn,1,0,1
"_Generic (i++, int: 1, default: 0) == 1, ""4""",1,0,1
TREE_CODE (x) == COMPONENT_REF,1,0,1
"test_property<is_swappable, funny::F[1][2]>(false), """"",1,0,1
idx < node->value.macro->count,1,0,1
"test_property<is_nothrow_swappable, int const*>(true), """"",1,0,1
pi,1,0,1
(void *)0 == __bnd_get_ptr_lbound (buf),1,0,1
TREE_CODE (type) != VECTOR_TYPE,1,0,1
!FENCE_BNDS (fence),1,0,1
GET_CODE (src) == CONST,1,0,1
result && operand && result != operand,1,0,1
MEM_P (subst),1,0,1
bitsize <= elem_bitsize,1,0,1
"same_type_p (TREE_TYPE (TREE_TYPE (decl1)), integer_type_node)",1,0,1
TREE_VEC_LENGTH (OMP_FOR_INIT (for_stmt)) == TREE_VEC_LENGTH (OMP_FOR_COND (for_stmt)),1,0,1
else_vals.get (reg),1,0,1
SMALL_INT (offset),1,0,1
OMP_LIST_LASTPRIVATE == OMP_LIST_FIRSTPRIVATE + 1,1,0,1
REG_P (rld[j].reg_rtx) && HARD_REGISTER_P (rld[j].reg_rtx),1,0,1
GET_CODE (addr) == REG && REGNO (addr) != 0,1,0,1
TREE_CODE (decl) != VAR_DECL || TREE_STATIC (decl) || TREE_PUBLIC (decl) || DECL_EXTERNAL (decl) || DECL_REGISTER (decl),1,0,1
"test_property<is_swappable, ClassType*>(true), """"",1,0,1
repr != NULL_TREE,1,0,1
first_insn->first_insn_with_same_reservs,1,0,1
*f,1,0,1
variable_template_p (tmpl),1,0,1
"HARD_REGNO_NREGS_HAS_PADDING (xregno, xmode_unit)",1,0,1
"sizeof(_MatcherT) == sizeof(_Matcher<char>), ""std::function<bool(T)> has the same size as "" ""std::function<bool(char)>""",1,0,1
u->parent != u,1,0,1
ff->rightmost_child->parent == ff,1,0,1
current_sched_info->next_tail,1,0,1
!node->alias && !node->weakref,1,0,1
"example_a.contains_point (2, 38)",1,0,1
ss_array->shape != NULL,1,0,1
bb->index >= 0 && bb->index < last_basic_block_for_fn (cfun),1,0,1
__cplusplus >= 201103L || __pos < this->size(),1,0,1
REGEXP_ONEOF (oneof)->regexps_num > 1 && REGEXP_ONEOF (regexp)->regexps_num > 1,1,0,1
flag_sel_sched_pipelining_outer_loops,1,0,1
OMP_CLAUSE_REDUCTION_GIMPLE_INIT (expr) == NULL,1,0,1
POINTER_TYPE_P (TREE_TYPE (decl)),1,0,1
ret != Z_STREAM_ERROR && ret != Z_MEM_ERROR,1,0,1
"2, <<, 5, >, 4, 1, 1, 4",1,0,1
(int) DW_MACINFO_define == (int) DW_MACRO_GNU_define && (int) DW_MACINFO_undef == (int) DW_MACRO_GNU_undef && (int) DW_MACINFO_start_file == (int) DW_MACRO_GNU_start_file && (int) DW_MACINFO_end_file == (int) DW_MACRO_GNU_end_file,1,0,1
u->child[1] != u,1,0,1
TREE_CODE (ref2->referred->decl) == FUNCTION_DECL,1,0,1
precision == x.get_precision (),1,0,1
res < 0,1,0,1
insn && new_rtx,1,0,1
!CONVERT_EXPR_VBASE_PATH (stmt),1,0,1
args ? TREE_CODE (args) == TREE_VEC : true,1,0,1
!first_edge_aux_obj,1,0,1
"dwf_regno (XEXP (addr, 0)) == cur_cfa->reg",1,0,1
TYPE_P (context),1,0,1
r.a[2] == 42,1,0,1
aform == 0 || aform == 1,1,0,1
n > 1,1,0,1
"insn_queue[NEXT_Q_AFTER (q_ptr, 0)] == NULL_RTX",1,0,1
!defattrs->offset_known_p,1,0,1
"test_property<is_swappable, int(&)[1]>(true), """"",1,0,1
GET_MODE_CLASS (mode) == MODE_COMPLEX_FLOAT,1,0,1
next->prev_foot == sz,1,0,1
"3, -, 2, >>, 4, 0, 0, 3",1,0,1
SSA_NAME_IS_DEFAULT_DEF (args[i].tree_value),1,0,1
initp,1,0,1
EXPR_P (t),1,0,1
"operand_equal_p (DR_STEP (data_ref), step, 0)",1,0,1
digit >= 0 && digit <= 9,1,0,1
wi::int_traits<T>::precision_type != wi::CONST_PRECISION,1,0,1
FLOAT_MODE_P (mode),1,0,1
"2, %, 4, %, 3, 2, 2, 0",1,0,1
targetm.have_tls || !DECL_THREAD_LOCAL_P (decl),1,0,1
postorder.length () == (unsigned) g->n_vertices,1,0,1
"test_property<is_nothrow_swappable, std::pair<ThrowCopyConsClass, ThrowCopyConsClass>>(false), """"",1,0,1
result != 0,1,0,1
"IN_RANGE (shift, 1, 63)",1,0,1
(mode_multiple % nregs_multiple) == 0,1,0,1
TREE_CODE (hint_id) == IDENTIFIER_NODE,1,0,1
marked_for_renaming (var),1,0,1
TREE_CODE (list) == TREE_LIST,1,0,1
extend != NULL_RTX,1,0,1
type_decl && (TREE_CODE (type_decl) == TYPE_DECL),1,0,1
info->fp_save_offset + info->fp_size == 0,1,0,1
REG_P (value) && HARD_REGISTER_P (value),1,0,1
e->dest == target,1,0,1
"arg, !value",1,0,1
regstat_n_sets_and_refs,1,0,1
relocs[symbol_type],1,0,1
mask >= 0,1,0,1
nop == data->insn_static_data->n_operands,1,0,1
TOLOWER (c) == c,1,0,1
"gimple_plf (stmt, GF_PLF_1) == ! matches[j]",1,0,1
TYPE_BEING_DEFINED (current_class_type) || LAMBDA_TYPE_P (TREE_TYPE (decl)),1,0,1
update_sp_offset == 0 || (!subst_p && update_p && !full_p),1,0,1
len >= GFC_BTOA_BUF_SIZE,1,0,1
abcd->a[8] == 29,1,0,1
TREE_OVERFLOW (t),1,0,1
prim_arg->expr,1,0,1
INTEGRAL_TYPE_P (gnu_range_type) || SCALAR_FLOAT_TYPE_P (gnu_range_type),1,0,1
"""machine=RX200""",1,0,1
TREE_CODE (ptr) == SSA_NAME && ssa_ver_to_stridx[SSA_NAME_VERSION (ptr)] == 0,1,0,1
depth < this->key_path_.size(),1,0,1
DECL_TEMPLATE_PARMS (tmpl),1,0,1
offset >= 0 && ((unsigned HOST_WIDE_INT) offset + GET_MODE_SIZE (mode) <= strlen (str) + 1),1,0,1
g->total_workers >= g->P - 1,1,0,1
"SELFTEST_LOCATION, ""`\33[01m\33[Kfoo\33[m\33[K' 12345678"", ""%qs %x"", ""foo"", 0x12345678",1,0,1
res == NULL,1,0,1
(flags & ~(LOOPS_MAY_HAVE_MULTIPLE_LATCHES | LOOPS_HAVE_RECORDED_EXITS)) == 0,1,0,1
id < ARC_BUILTIN_COUNT,1,0,1
in_state,1,0,1
!sym->m_emitted_to_brig,1,0,1
cnode->instrumented_version || in_lto_p,1,0,1
!optimize_function_for_speed_p (cfun) && optimize_function_for_size_p (cfun),1,0,1
c->ts.u.cl->length->expr_type == EXPR_CONSTANT,1,0,1
reg != NULL_RTX && mem != NULL_RTX && scratch != NULL_RTX,1,0,1
frame->frm_cur_depth > 0,1,0,1
r.a[1] == 50,1,0,1
insns < 4,1,0,1
GET_CODE (src) == PARALLEL,1,0,1
satisfies_constraint_Sdd (x),1,0,1
INDEX_REG_CLASS != NO_REGS,1,0,1
as == ref->u.ar.as,1,0,1
"bin_find(m, m->dv) == 0",1,0,1
t == isl_ast_op_cond || t == isl_ast_op_select,1,0,1
"MODEL_MAX_PRESSURE (group, point, pci) == max_pressure",1,0,1
"19, last",1,0,1
callee->has_gimple_body_p (),1,0,1
"bitmap_bit_p (loop_tree_node->all_allocnos, ALLOCNO_NUM (a))",1,0,1
!is_small(sz),1,0,1
ms0 == 32,1,0,1
"2, >>, 5, <=, 4, 1, 1, 2",1,0,1
expr->ts.u.cl->length,1,0,1
r.a[6] == 5,1,0,1
!Is_Packed_Array_Impl_Type (gnat_entity),1,0,1
mask < 16,1,0,1
deps_init_id_data.where == DEPS_IN_NOWHERE,1,0,1
ch > 0,1,0,1
breaks (target) || continues (target),1,0,1
"test_property<is_swappable, const int[1]>(false), """"",1,0,1
SYMBOL_REF_TLS_MODEL (x) != 0,1,0,1
tree_contains_struct[TYPE_DECL][TS_DECL_MINIMAL],1,0,1
"targetm.calls.arg_partial_bytes (args_so_far, Pmode, NULL_TREE, 1) == 0",1,0,1
current_function_decl == NULL_TREE || sym->result == sym,1,0,1
"test_property<is_nothrow_swappable, funny::F[1][2]>(false), """"",1,0,1
TREE_CODE (value) == VAR_DECL,1,0,1
"CONST_INT_P (XEXP (expr, 1))",1,0,1
"option_flag_var (scode, opts)",1,0,1
"n->data, test_data",1,0,1
"TREE_CODE (TREE_OPERAND (*t, 0)) == DEBUG_EXPR_DECL || is_gimple_mem_ref_addr (TREE_OPERAND (*t, 0))",1,0,1
GC_mark_procs[mp_index] == (GC_mark_proc)0,1,0,1
tb->pass_arg_num > 0,1,0,1
!info_fields,1,0,1
!*p_cc_reg,1,0,1
m_start.m_line <= m_finish.m_line,1,0,1
current_start == current,1,0,1
GFC_DECL_CAF_OFFSET (f->sym->backend_decl) == NULL_TREE,1,0,1
x[order[i]] == 0,1,0,1
r.a[0] == INT32x2_MAX,1,0,1
cfun == NULL,1,0,1
w->pedigree.parent,1,0,1
sizeof (E) == n * n * sizeof (int),1,0,1
GFC_ARRAY_TYPE_P (TREE_TYPE (type)),1,0,1
child != EXIT_BLOCK,1,0,1
"1, >, 2, >=, 3, 0, 0, 1",1,0,1
fixup_graph->num_vertices <= fmax_num_vertices,1,0,1
ira_conflicts_p || reload_completed,1,0,1
MEM_P (mem) && !MEM_VOLATILE_P (mem),1,0,1
attr && TREE_VALUE (attr) && TREE_VALUE (TREE_VALUE (attr)),1,0,1
"0, v[0]",1,0,1
n_blocks_inverted == n_basic_blocks_for_fn (cfun),1,0,1
cmp_mode != BLKmode,1,0,1
newreg >= 0,1,0,1
ready->n_ready >= 1,1,0,1
type != TREE_TYPE (decl),1,0,1
!DECL_DISCRIMINATOR_P (fdecl),1,0,1
list->referring[referred_index] == this,1,0,1
targetm.calls.get_drap_rtx != NULL,1,0,1
index < passes->passes_by_id_size && index >= 0,1,0,1
"test_property<is_swappable, funny::F3[1][2]>(true), """"",1,0,1
c == UNSPEC_LDA || c == UNSPEC_LDS || c == UNSPEC_LDS_A || c == UNSPEC_LDSA,1,0,1
current_loops != NULL && loop_tree_node->loop != NULL,1,0,1
gp == pic_offset_table_rtx,1,0,1
TYPE_MODE (TREE_TYPE (src)) == BLKmode,1,0,1
"""foo.c"", 1, 1, loc_a",1,0,1
!epilogue_completed,1,0,1
Linemap::instance_ == NULL,1,0,1
"IN_RANGE (to_idx, 0, NUM_MODE_IP_INT - 1)",1,0,1
"__builtin_cpu_is (""skylake"")",1,0,1
data[n][1] == iter,1,0,1
ARC_LAST_SIMD_VR_REG == 127,1,0,1
max_count || cached_badness == current_badness,1,0,1
u->child[0] != u,1,0,1
frame_pointer_fb_offset_valid,1,0,1
"!final_sequence || !(INSN_ANNULLED_BRANCH_P (XVECEXP (final_sequence, 0, 0)))",1,0,1
ggc_marked_p (root_test_struct),1,0,1
cond != NULL_TREE,1,0,1
parent->type == GIMPLE_OMP_ATOMIC_LOAD,1,0,1
!processing_template_decl && decl,1,0,1
v == 200,1,0,1
no_abort,1,0,1
pcum->pcs_variant == ARM_PCS_AAPCS64,1,0,1
"bb_d, get_immediate_dominator (CDI_POST_DOMINATORS, bb_b)",1,0,1
op_type == INTERFACE_GENERIC,1,0,1
"comptypes (TYPE_MAIN_VARIANT (type), TYPE_MAIN_VARIANT (objtype), COMPARE_REDECLARATION)",1,0,1
nregs == 1,1,0,1
first_time_insn_init (insn),1,0,1
succs_info_pool.top == -1,1,0,1
TREE_CODE (gnu_type) == UNCONSTRAINED_ARRAY_TYPE,1,0,1
sizeof (unsigned long) == sizeof (BITMAP_WORD),1,0,1
REG_P (target) && !TYPE_REVERSE_STORAGE_ORDER (type),1,0,1
"!noexcept(std::swap(std::declval<ns1::SwapThrow(&)[3]>(), std::declval<ns1::SwapThrow(&)[3]>())), """"",1,0,1
multi_step_cvt == 0,1,0,1
fntype != NULL_TREE,1,0,1
r.a[4] == 50,1,0,1
all_file_handles,1,0,1
r.a[0] == 0x7ffffff7,1,0,1
!(stack_pointer_delta % (PREFERRED_STACK_BOUNDARY / BITS_PER_UNIT)),1,0,1
mode == HImode || mode == SImode,1,0,1
"test_property<is_swappable, std::stack<int>[1][2][3]>(true), """"",1,0,1
r.z == c.z,1,0,1
TREE_CODE (fn) == DOTSTAR_EXPR || TREE_CODE (fn) == MEMBER_REF,1,0,1
r.a[4] == 13,1,0,1
"GET_CODE (XEXP (dest, 0)) != PRE_MODIFY",1,0,1
TREE_PURPOSE (it) == NULL_TREE,1,0,1
v4 == C1,1,0,1
new_type != t,1,0,1
!sym->f2k_derived,1,0,1
"test_property<is_nothrow_swappable, std::tuple<>>(true), """"",1,0,1
"rtx_equal_p (op0, x)",1,0,1
p_attr->handler,1,0,1
(hhdr)->hb_descr == 0 ,1,0,1
buf + 99 == __bnd_get_ptr_ubound (buf),1,0,1
"bitmap_equal_p (tobe_scheduled, sched_nodes)",1,0,1
gimple_num_ops (gs) > index + 1 && (label == NULL_TREE || TREE_CODE (label) == CASE_LABEL_EXPR),1,0,1
r.a[6] == 0xff,1,0,1
space (len),1,0,1
cfun->local_decls == NULL,1,0,1
jarr != NULL,1,0,1
ops[1],1,0,1
bottom_p () || align != 0,1,0,1
!skipped_mem,1,0,1
ns->proc_name->attr.mixed_entry_master,1,0,1
redirected && !last_added_blocks.exists (),1,0,1
r.a[4] == 10,1,0,1
"GET_CODE (XEXP (code, 0)) == REG",1,0,1
returning_sf->worker == w,1,0,1
out_ptr,1,0,1
automaton_num == automata_num - 1,1,0,1
tree_fits_shwi_p (cst),1,0,1
BB_HEAD (bb2) != NULL,1,0,1
cfg_hooks->cfg_hook_duplicate_loop_to_header_edge,1,0,1
"-1 != parameter_index_in_region_1 (e, s->scop_info) || !invariant_in_sese_p_rec (e, s->scop_info->region, NULL)",1,0,1
tsize >= MIN_LARGE_SIZE,1,0,1
r.a[5] == -2,1,0,1
mode == GET_MODE (dest),1,0,1
!tinfo_descs,1,0,1
CONST_DOUBLE_AS_FLOAT_P (x),1,0,1
POINTER_TYPE_P (fn_type),1,0,1
!arg->pointer_offset,1,0,1
slp_index >= 0,1,0,1
dtp->u.p.blank_status == BLANK_NULL,1,0,1
gp_offset > 0,1,0,1
ldm_case == 1 || ldm_case == 5,1,0,1
op2 != NULL_RTX,1,0,1
TREE_CODE_LENGTH (code) == 3,1,0,1
xmm0f[0] == 42 && (rax & 0xff) == 43,1,0,1
field != NULL_TREE && (TREE_TYPE (field) == prvoid_type_node || TREE_TYPE (field) == pvoid_type_node),1,0,1
GET_CODE (exp) == CONST_DOUBLE,1,0,1
!elems_to_copy,1,0,1
VINSN_RHS (y),1,0,1
ref->type != REF_SUBSTRING,1,0,1
!access_size,1,0,1
ptr->schedule == ix86_schedule,1,0,1
tree_contains_struct[PARM_DECL][TS_DECL_WRTL],1,0,1
(i - NUM_TYPES) < f->num_types,1,0,1
 (top -> mse_descr & GC_DS_TAGS) != GC_DS_LENGTH || top -> mse_descr < (ptr_t)GC_greatest_plausible_heap_addr - (ptr_t)GC_least_plausible_heap_addr,1,0,1
TREE_CODE (TREE_TYPE (loop->v)) == INTEGER_TYPE || TREE_CODE (TREE_TYPE (loop->v)) == POINTER_TYPE,1,0,1
ts->type == BT_DERIVED || ts->type == BT_CLASS,1,0,1
GET_MODE (*op) == V2DImode,1,0,1
"insn_data[icode].operand[i + 1].predicate (op, mode)",1,0,1
plugin_handle != NULL,1,0,1
var->n_var_parts < MAX_VAR_PARTS && (!var->n_var_parts || !onepart),1,0,1
gsi_end_p (i),1,0,1
!cand->m_spill_sym,1,0,1
node && ((node->form == DW_FORM_strp) || (node->form == DW_FORM_GNU_str_index)),1,0,1
TREE_CODE (parm) == TREE_LIST,1,0,1
!same_comdat_group,1,0,1
single_succ_p (first_bb),1,0,1
gimple_code (gsi_stmt (si)) == GIMPLE_OMP_CONTINUE,1,0,1
cfun->cfg == NULL,1,0,1
pre_tail->succs->length () == 1,1,0,1
!ssa_name (i),1,0,1
DECL_NAME (thunk_fndecl),1,0,1
ref && ref->type == REF_ARRAY,1,0,1
"cp_lexer_next_token_is_keyword (parser->lexer, RID_REQUIRES)",1,0,1
"cuStreamDestroy, oldstream->stream",1,0,1
"test_property<is_swappable, PODType>(true), """"",1,0,1
w->l->do_not_steal == 0,1,0,1
!MAIN_FILE_P (map - 1),1,0,1
"3, dom_by_a.length ()",1,0,1
!insn_rec->uses,1,0,1
!info->index,1,0,1
nregs <= ARRAY_SIZE (data_regs),1,0,1
code != 0,1,0,1
growth <= callee_info->size,1,0,1
lead_zero == 0 && int_no <= (uintmax_t) INTMAX_MAX,1,0,1
DECL_P (parm),1,0,1
"TREE_CODE (fns) == IDENTIFIER_NODE || TREE_CODE (fns) == OVERLOAD, 20001120",0,1,1
bb->count >= 0,1,0,1
 container.cbegin(bn) != container.cend(bn) ,1,0,1
num_in_fnames > 0,1,0,1
n_args <= 4,1,0,1
ctx->ctor,1,0,1
succ->prev_bb == pred,1,0,1
cycle_label,1,0,1
"""cpu=MSP430""",1,0,1
GROUP_FIRST_ELEMENT (first_vinfo) == first_stmt,1,0,1
prev_vi->offset < usevi->offset,1,0,1
!ctype || MAYBE_CLASS_TYPE_P (ctype),1,0,1
POINTER_TYPE_P (len_type),1,0,1
c && (!c->bind_expr_stack.exists () || c->bind_expr_stack.is_empty ()),1,0,1
!INSN_IN_STREAM_P (EXPR_INSN_RTX (expr)),1,0,1
parm_index < func_param_count,1,0,1
*method_p,1,0,1
INSN_IN_STREAM_P (nop),1,0,1
SET_DEST (set) == reg,1,0,1
"current_sched_info->flags & DO_SPECULATION && (request & SPECULATIVE) && sched_insn_is_legitimate_for_speculation_p (insn, request)",1,0,1
num_regs && num_regs <= 32,1,0,1
!m_def_insn,1,0,1
result == 1 + i,1,0,1
lo->base.offset == 0,1,0,1
mask_element >= 0 && mask_element < 2 * nunits,1,0,1
struct_expr && struct_expr->expr_type == EXPR_STRUCTURE,1,0,1
"4, <, 20, >>, 2, 1, 0, 1",1,0,1
REG_P (newbase),1,0,1
con_mem_read != NULL,1,0,1
line->m_locations.length () > 0,1,0,1
data->partial % UNITS_PER_WORD == 0,1,0,1
ggc_marked_p (test_some_other_subclass_as_base_ptr->m_a),1,0,1
info->shape[dim],1,0,1
operands[2] == CONST0_RTX (mode),1,0,1
lp->next_lp == NULL,1,0,1
integer_zerop (loop->from[0]),1,0,1
res != MOVEUP_EXPR_NULL,1,0,1
child == NULL,1,0,1
single_succ_edge (a)->flags & EDGE_FALLTHRU,1,0,1
"gimple_can_coalesce_p (var, first)",1,0,1
TREE_CODE (*n) == VAR_DECL,1,0,1
info->offset + info->nregs <= nregs_xmode,1,0,1
compute_mode != BLKmode,1,0,1
p && p->is_generic,1,0,1
INSN_NOP_P (nop),1,0,1
"bitmap_bit_p (consideration_allocno_bitmap, ALLOCNO_NUM (conflict_a))",1,0,1
result->ts.type == BT_LOGICAL && result->expr_type == EXPR_CONSTANT,1,0,1
ARGUMENT_PACK_ARGS (oldelt) == ARGUMENT_PACK_EXPLICIT_ARGS (oldelt),1,0,1
ready_try[i] == 0 || i > 0,1,0,1
simplejump_p (jump_insn),1,0,1
DF_REF_REGNO (ref) == regno,1,0,1
!root->grp_scalar_read && !root->grp_assignment_read,1,0,1
!lazy_p && type == MIPS_CALL_NORMAL,1,0,1
debug_info_level > DINFO_LEVEL_TERSE && t && DECL_P (t),1,0,1
sz_out_so_far == sz_in,1,0,1
GET_CODE (xm) == EXPR_LIST,1,0,1
!bitmap_empty_p (&try_hard_reg_pseudos[hard_regno + j]),1,0,1
gsi_stmt (gsi_vtbl_assign) == stmt,1,0,1
innermode == GET_MODE (op),1,0,1
"gfc_compare_types (&matrix_a->ts, &matrix_b->ts)",1,0,1
parser->tokens_avail == n - 1,1,0,1
FENCE_INSN (fence) == BND_TO (bnd),1,0,1
"alignof(_MatcherT) == alignof(_Matcher<char>), ""std::function<bool(T)> has the same alignment as "" ""std::function<bool(char)>""",1,0,1
a->dw_attr != DW_AT_low_pc && a->dw_attr != DW_AT_high_pc && a->dw_attr != DW_AT_location && a->dw_attr != DW_AT_frame_base && a->dw_attr != DW_AT_GNU_all_call_sites,1,0,1
!fieldsize || !next || TREE_CODE (next) != FIELD_DECL,1,0,1
EXPR_TARGET_AVAILABLE (expr) != 0,1,0,1
loops_state_satisfies_p (LOOPS_HAVE_PREHEADERS),1,0,1
loop == NULL,1,0,1
"""cpu=vax""",1,0,1
is_small(DVS),1,0,1
TREE_CODE (decl) != TYPE_DECL && TREE_CODE (decl) != LABEL_DECL,1,0,1
"stderr, name",1,0,1
method == BLOCK_OP_NORMAL || method == BLOCK_OP_TAILCALL,1,0,1
expsign == 0 || intdig_max == 1,1,0,1
CONST_INT_P (width),1,0,1
!DECL_REALLY_EXTERN (decl) || DECL_ABSTRACT_ORIGIN (decl),1,0,1
regstack->top < REG_STACK_SIZE,1,0,1
low_val && high_val,1,0,1
powers > &_fpioconst_pow10[0],1,0,1
"TREE_LIST, TREE_CODE (arg0)",1,0,1
"n + 1, subgraph_nodes[0]->succs->length ()",1,0,1
TYPE_PRECISION (TREE_TYPE (t)) <= N,1,0,1
"ip, c_ip, const int *",1,0,1
DF_REF_IS_REG_MARKED (old_rec),1,0,1
get_gimple_rhs_class (code) == GIMPLE_SINGLE_RHS,1,0,1
info.shift == 0 && ! info.mvn,1,0,1
*candidates == NULL,1,0,1
TREE_CODE (ce->index) == FIELD_DECL || identifier_p (ce->index),1,0,1
data == ff->fiber_self,1,0,1
!die->comdat_type_p,1,0,1
!mer && !cur_region,1,0,1
"1, >, 2, <, 3, 1, 1, 0",1,0,1
"len <= sizeof (name) - sizeof (""_len"")",1,0,1
"XINT (pat_src, 1) == UNSPEC_FNSTSW",1,0,1
length () <= len && len <= m_vecpfx.m_alloc,1,0,1
GET_MODE (src1) == GET_MODE (src2),1,0,1
exact_log2 (BITS_PER_UNIT) >= 0,1,0,1
contexts[contexts.length () - 1]->m_toplevel_ctxt == contexts[0],1,0,1
GET_CODE (r) == INSN_LIST,1,0,1
"(type::value / _Pow) == __digit::value, ""integer literal does not fit in unsigned long long""",1,0,1
bufsz > 1,1,0,1
"s0, sizeof (0, (a = b).c) == 17",1,0,1
ranges_table[off + supercnt + 1].num == 0,1,0,1
aa == 1,1,0,1
cur_expr->max_distance == max_distance,1,0,1
"EDGE_SUCC (xbb->prev_bb, 0)->flags & EDGE_FALLTHRU",1,0,1
TREE_CODE (fn) == TEMPLATE_DECL,1,0,1
(len & (mparams.page_size-SIZE_T_ONE)) == 0,1,0,1
"IN_RANGE (regno1, FIRST_GPR_REGNO, LAST_GPR_REGNO)",1,0,1
GET_CODE (set_src) == LO_SUM,1,0,1
TREE_CODE (old_decl) == FUNCTION_DECL && TREE_CODE (new_decl) == FUNCTION_DECL,1,0,1
map->m_column_and_range_bits >= map->m_range_bits,1,0,1
"find_insert_point (stmt, new_rhs1, oe->op) == stmt",1,0,1
forall_save == 0,1,0,1
p == GC_base(p) && q == GC_base(q),1,0,1
ep1->previous_offset == 0,1,0,1
this_priority == -1,1,0,1
!(size == 0 && gmask),1,0,1
arr[i] == i * 3,1,0,1
GFC_DESCRIPTOR_TYPE_P (TREE_TYPE (desc)),1,0,1
"""foo.c"", 1, 23, loc_b",1,0,1
"i, j",1,0,1
VAR_LOC_1PAUX (var)->depth.complexity,1,0,1
e->expr_type == EXPR_STRUCTURE,1,0,1
BB_LV_SET_VALID_P (bb0) && BB_LV_SET_VALID_P (bb1),1,0,1
 _S_container.cend() == _S_container.end() ,1,0,1
!DECL_CHAIN (old_parm_decl),1,0,1
reg != -1,1,0,1
dom_computed[dir_index] && !bb->dom[dir_index],1,0,1
IS_SPECULATION_CHECK_P (jump) || IS_SPECULATION_CHECK_P (BB_END (jump_bb_next)),1,0,1
!DECL_WEAK (node->decl),1,0,1
IDATA_TYPE (deps_init_id_data.id) == SET,1,0,1
new_used_regs == 1,1,0,1
VECTOR_BOOLEAN_TYPE_P (TREE_TYPE (op0)),1,0,1
cfg_hooks->extract_cond_bb_edges,1,0,1
saved_attributes != NULL,1,0,1
!TYPE_ALIAS_SET_KNOWN_P (type),1,0,1
(lb == 0 && ub == -1) || (lb == -1 && ub == 0),1,0,1
OBJECT_CONFLICT_VEC_P (obj),1,0,1
!cnode->next,1,0,1
GC_is_marked(GC_base((ptr_t)curr_fo)),1,0,1
group2_size > 0,1,0,1
"et_below (f, f)",1,0,1
bitmap_default_obstack_depth > 0,1,0,1
case_label != NULL_TREE,1,0,1
"false, m.put (spider, 8)",1,0,1
cum->fregno == FP_ARG_MAX_REG && (mode == TFmode || mode == TDmode),1,0,1
SET_DEST (PATTERN (insn)) == pc_rtx,1,0,1
a && AT_class (a) == dw_val_class_addr,1,0,1
!simplejump_p (BB_END (src)),1,0,1
contexts[0]->m_toplevel_ctxt == contexts[0],1,0,1
virtual_value,1,0,1
dirnam && *dirnam,1,0,1
!reload_in_progress && !lra_in_progress && !reload_completed,1,0,1
hr >= 0,1,0,1
fpr_base.u <= fpr_end.u,1,0,1
real_context,1,0,1
bb != ENTRY_BLOCK_PTR_FOR_FN (cfun),1,0,1
2,1,0,1
"et_below (a, a)",1,0,1
dig_no <= (uintmax_t) INTMAX_MAX,1,0,1
(word)(&dummy) <= (word)GC_stackbottom,1,0,1
CONST_INT_P (source),1,0,1
"register_operand (src, mode)",1,0,1
GC_is_initialized,1,0,1
!in_lhs && !set,1,0,1
identifier_p (declarator),1,0,1
TREE_CODE (base) == PARM_DECL,1,0,1
"!rtx_equal_p (dest, src1)",1,0,1
TARGET_APCS_FRAME && frame_pointer_needed && TARGET_ARM,1,0,1
DF_INSN_UID_SAFE_GET (INSN_UID (insn)) != NULL,1,0,1
current_frame_info.initialized,1,0,1
"test_property<is_nothrow_swappable, int ClassType::*>(true), """"",1,0,1
m_dumps,1,0,1
on_false,1,0,1
"NULL, gimple_assign_rhs2 (stmt)",1,0,1
"2, <<, 5, <, 4, 0, 0, 2",1,0,1
sbr->m_opcode == BRIG_OPCODE_SBR,1,0,1
len <= BRIG_CHUNK_MAX_SIZE,1,0,1
"fp, (void *)0, fpt",1,0,1
"_Alignof (struct S) >= 8, ""wrong alignment""",1,0,1
mult_set,1,0,1
sets_cc0_p (PATTERN (insn)),1,0,1
TREE_CODE (t) == ALIGNOF_EXPR,1,0,1
TARGET_AVX2,1,0,1
fd.sched_kind != OMP_CLAUSE_SCHEDULE_AUTO,1,0,1
from == ARG_POINTER_REGNUM,1,0,1
kind == ELF_K_ELF || kind == ELF_K_AR,1,0,1
!ALLOCNO_ASSIGNED_P (subloop_allocno),1,0,1
att->offset == 0 && dv_is_value_p (att->dv),1,0,1
regno < reg_base_value->length (),1,0,1
TREE_CODE (TYPE_SIZE_UNIT (callee_type)) == INTEGER_CST,1,0,1
e->symtree || e->value.function.esym || e->value.function.isym,1,0,1
"(CONST_INT_P (xval) && n_bytes <= 4) || (const_double_operand (xval, VOIDmode) && n_bytes == 8)",1,0,1
subset == ADDR_SPACE_GENERIC || subset == ADDR_SPACE_EA,1,0,1
"__builtin_cpu_supports (""avx512vbmi"")",1,0,1
"is_location_from_builtin_token, BUILTINS_LOCATION",1,0,1
offset % BITS_PER_UNIT == 0,1,0,1
"!reg_overlap_mentioned_p (operands[0], addr)",1,0,1
"!(_Tp() != _Tp()), ""ne""",1,0,1
"bb_a, postdom_by_b[0]",1,0,1
GET_CODE (pat) == COND_EXEC,1,0,1
VAR_LOC_1PAUX (new_var) == NULL,1,0,1
GET_CODE (op1) != CONST_INT || INTVAL (op1) != 0,1,0,1
offset <= 65535 * 1,1,0,1
entry->spec == spec || entry->spec == new_spec,1,0,1
err == 9 || ret == err,1,0,1
GET_CODE (SET_SRC (set)) == ASM_OPERANDS && ASM_OPERANDS_OUTPUT_IDX (SET_SRC (set)) == i,1,0,1
p->num_free_objects < num_objects,1,0,1
"test_property<is_swappable, construct::Abstract>(false), """"",1,0,1
"JUMP_P (last) || (EDGE_SUCC (combo_bb, 0)->dest == EXIT_BLOCK_PTR_FOR_FN (cfun) && CALL_P (last) && SIBLING_CALL_P (last)) || ((EDGE_SUCC (combo_bb, 0)->flags & EDGE_EH) && can_throw_internal (last))",1,0,1
!chain_ovfl,1,0,1
DECL_EXTERNAL (entry->namespace_decl) || (TREE_CODE (st->n.sym->backend_decl) != VAR_DECL),1,0,1
TYPE_PTR_P (TREE_TYPE (function)),1,0,1
!alt_state->state->component_states,1,0,1
derived->components->ts.type == BT_DERIVED,1,0,1
"__builtin_cpu_is (""amd"")",1,0,1
loop_latch_edge (loop),1,0,1
nlabels == 0 || noutputs == 0,1,0,1
fixed,1,0,1
cur_cfa->indirect == 0,1,0,1
LAMBDA_EXPR_PENDING_PROXIES (lambda_expr) == NULL,1,0,1
!is_gimple_omp_oacc (shared_ctx->stmt),1,0,1
BYTES_BIG_ENDIAN,1,0,1
adjust_vec.exists (),1,0,1
halfmode == V16QImode,1,0,1
TYPE_MAIN_VARIANT (TREE_TYPE (op0)) == TYPE_MAIN_VARIANT (TREE_TYPE (op1)),1,0,1
isl_ast_node_get_type (node) == isl_ast_node_user,1,0,1
c->ts.u.cl->length->ts.type == BT_INTEGER,1,0,1
q->is_label,1,0,1
!(side_effects_p (src) || side_effects_p (dst)),1,0,1
union_or_struct_p (subclass),1,0,1
"tok, tmp.get_filename (), 1, 1, 9",1,0,1
num_ops > 2,1,0,1
PURE_SLP_STMT (stmt_vinfo),1,0,1
vec_safe_length (die->die_attr) == 1 && ((*die->die_attr)[0].dw_attr == DW_AT_location),1,0,1
"x, MINUS_EXPR, x, zero",1,0,1
"a != NULL, file, line",1,0,1
inner != exp,1,0,1
tune_attr->is_const && !tune_attr->is_special && !tune_attr->is_numeric,1,0,1
base_name && *base_name,1,0,1
buf,1,0,1
!ssid->asm_p && ssid->sched_next == NULL && !ssid->after_stall_p && ssid->sched_cycle == 0,1,0,1
"(ptrval.lattice_val == CONSTANT && TREE_CODE (ptrval.value) == INTEGER_CST) || wi::sext (ptrval.mask, TYPE_PRECISION (type)) == -1",1,0,1
TREE_CODE (user) == NAMESPACE_DECL,1,0,1
"(r1val.lattice_val == CONSTANT && TREE_CODE (r1val.value) == INTEGER_CST) || wi::sext (r1val.mask, TYPE_PRECISION (TREE_TYPE (rhs1))) == -1",1,0,1
cfg_hooks->empty_block_p,1,0,1
!doit,1,0,1
NOTE_INSN_BASIC_BLOCK_P (BB_HEAD (block_new)),1,0,1
REG_NOTES (p) == NULL,1,0,1
laref->distance > 0,1,0,1
AARCH64_VALID_SIMD_QREG_MODE (mode),1,0,1
"example_b.contains_point (3, 15)",1,0,1
line_end != NULL,1,0,1
edoubleprime->kind == CONSTANT || edoubleprime->kind == NAME,1,0,1
object_size_type >= 0 && object_size_type <= 3,1,0,1
ter_is_replaceable_p (stmt),1,0,1
!(ref_flags & ~DF_REF_IN_NOTE),1,0,1
stmt == gsi_stmt (orig_gsi),1,0,1
TREE_TYPE (left_base_type) == TREE_TYPE (right_base_type),1,0,1
!w->l->next_frame_ff,1,0,1
"name3, tmp, comp_code, val, NULL, e, bsi",1,0,1
WAIT_OBJECT_0 == result,1,0,1
"11, v.length ()",1,0,1
ipa_edge_args_vector,1,0,1
TREE_CODE (TREE_TYPE (v)) == INTEGER_TYPE || TREE_CODE (TREE_TYPE (v)) == POINTER_TYPE,1,0,1
block->preds->length () == 1,1,0,1
"q == m->dv || bin_find(m, q)",1,0,1
GET_CODE (expr) == PLUS || GET_CODE (expr) == MINUS,1,0,1
TREE_CODE (t) == ADDR_EXPR || TREE_CODE (t) == STATIC_CAST_EXPR,1,0,1
"test_property<is_nothrow_swappable, std::priority_queue<ThrowCopyConsClass>>(true), """"",1,0,1
b->rank > bi,1,0,1
TREE_CODE (args[i].tree_value) == PARM_DECL,1,0,1
NULL_RTX != clobber_reg,1,0,1
r_index <= 0 || gfc_real_kinds[r_index-1].kind != kind,1,0,1
copy->size () == this->size (),1,0,1
DF_REF_REG_DEF_P (ref),1,0,1
thr->dev,1,0,1
!in_lto_p || !type_with_alias_set_p (t),1,0,1
f->sym->backend_decl != NULL_TREE && !sym->attr.is_bind_c,1,0,1
set != NULL && REG_P (SET_SRC (set)) && REG_P (SET_DEST (set)),1,0,1
saw[3] == 0,1,0,1
INTEGRAL_TYPE_P (TREE_TYPE (decl)) || POINTER_TYPE_P (TREE_TYPE (decl)),1,0,1
ARC_CC_NC == ARC_CC_HS,1,0,1
flags & CILK_FRAME_UNSYNCHED,1,0,1
gimple_code (entry) == GIMPLE_COND,1,0,1
c->ts.u.cl && c->ts.u.cl->length,1,0,1
chunksize(p) >= nb,1,0,1
regexp && regexp->mode == rm_oneof && alt_num < REGEXP_ONEOF (regexp)->regexps_num,1,0,1
GET_CODE (in_exp) == SET,1,0,1
clones != next_inline_clone,1,0,1
GET_MODE_SIZE (GET_MODE (dest)) == 2,1,0,1
tree_contains_struct[PARM_DECL][TS_DECL_MINIMAL],1,0,1
region->exit != NULL,1,0,1
REG_P (xop[2]) || CONST_INT_P (xop[2]),1,0,1
!w->reducer_map,1,0,1
(TARGET_ARCH32 && size <= 8) || (TARGET_ARCH64 && size <= 32),1,0,1
!reload_completed || regno < FIRST_PSEUDO_REGISTER || reg_renumber[regno] < 0,1,0,1
"f[0], sinf (c1)",1,0,1
!process,1,0,1
mem_canonicalized ? (mem_addr != NULL_RTX) : (mem_addr == NULL_RTX && x_addr == NULL_RTX),1,0,1
source->expr_type == EXPR_STRUCTURE,1,0,1
TREE_CODE_LENGTH (code) == 0,1,0,1
arr[i] == ((i % 2) != 0) ? i + 1 : i + 2,1,0,1
e->flags <= EDGE_ALL_FLAGS,1,0,1
single_succ (e->dest) == l1_bb,1,0,1
"test_property<is_nothrow_swappable, const int>(false), """"",1,0,1
n_nops == 0 || !bp,1,0,1
!is_asm,1,0,1
attr != NULL && name_space != NULL,1,0,1
caller_count > 0,1,0,1
(dwarf_regs_mask & ~mask) == 0,1,0,1
!result_type,1,0,1
"test_property<is_swappable, std::array<int, 1>[1][2][3]>(true), """"",1,0,1
r.a[1] == 0x0000,1,0,1
!in_lto_p || DECL_INITIAL (decl) != error_mark_node,1,0,1
!unknown_for_bundling_p (insn),1,0,1
is_empty_class (TREE_TYPE (TREE_TYPE (index))),1,0,1
"et_below (a, c)",1,0,1
constexpr_p,1,0,1
"test_property<is_swappable, void (ClassType::*)()>(true), """"",1,0,1
size != -1,1,0,1
gcov_info1 || gcov_info2,1,0,1
"test_property<is_nothrow_swappable, std::pair<int, int>[1]>(true), """"",1,0,1
singleton (s),1,0,1
new_template != old_decl,1,0,1
cmp && cmp->backend_decl,1,0,1
"parse_in, ""cpu=x86_64""",1,0,1
base == error_mark_node,1,0,1
fn != NULL_TREE,1,0,1
!list->ll_symbol,1,0,1
dc != NULL,1,0,1
!se->direct_byref,1,0,1
rcode.is_tree_code (),1,0,1
 container.cend(0) == container.end(0) ,1,0,1
"cuCtxPushCurrent, ptx_dev->ctx",1,0,1
loop_depth (inner_loop) >= loop_depth (current_loop_nest),1,0,1
"example_b.contains_point (1, 1)",1,0,1
"united, nations",1,0,1
TARGET_PAIRED_SINGLE_FLOAT || GET_MODE (retval) != V2SFmode,1,0,1
fcode > BEGIN_CHKP_BUILTINS && fcode < END_CHKP_BUILTINS,1,0,1
"3, v[3]",1,0,1
pre_fn || post_fn,1,0,1
addrtype != CR16_INVALID,1,0,1
num == integer_one_node && TREE_CODE (base) == INTEGER_CST && TREE_CODE (exponent) == INTEGER_CST,1,0,1
!gimple_body (fndecl),1,0,1
e->dest_idx < gimple_phi_num_args (phi),1,0,1
TREE_CODE (exp) < LAST_AND_UNUSED_TREE_CODE,1,0,1
r.a[7] == -72,1,0,1
dnode,1,0,1
minus_two < seven,1,0,1
REGNO (scratch) < FIRST_PSEUDO_REGISTER,1,0,1
FLOAT_TYPE_P (rhs1_type),1,0,1
i < n_elts,1,0,1
!SSA_NAME_RANGE_INFO (name),1,0,1
"2, >>, 4, -, 3, 1, -3, 1",1,0,1
ggc_marked_p (test_some_subclass_as_base_ptr->m_a),1,0,1
DECL_STRUCT_FUNCTION (decl),1,0,1
shape[rank] >= 0,1,0,1
name != ctor_identifier,1,0,1
global_namespace == NULL_TREE,1,0,1
"""system=DragonFly""",1,0,1
pred != ENTRY_BLOCK_PTR_FOR_FN (cfun),1,0,1
cls->dtable != __objc_uninstalled_dtable,1,0,1
"buf + 10 == __bnd_narrow_ptr_bounds (buf + 10, buf, 4)",1,0,1
SSA_VAR_P (loop->v),1,0,1
access_vec,1,0,1
g->vertices[ge->src].component >= g->vertices[ge->dest].component,1,0,1
ivs->upto >= group->id,1,0,1
elm->type == dt_node::DT_TRUE || elm->type == dt_node::DT_OPERAND || elm->type == dt_node::DT_MATCH,1,0,1
IS_EXPR_CODE_CLASS (kind) && TREE_CODE_LENGTH (code) == 3,1,0,1
TREE_CODE (intype) != REFERENCE_TYPE,1,0,1
!cfun->is_thunk,1,0,1
!call_param_p,1,0,1
"!alt_base_map->put (base, base == expr ? NULL : expr)",1,0,1
!using_drap || m->fs.cfa_reg == crtl->drap_reg,1,0,1
NULL == w->l->frame_ff->fiber_self,1,0,1
"sc, sc, int",1,0,1
INSN_CODE (this_iter) == INSN_CODE (prev_stage_insn),1,0,1
shift_type == SHIFT_ASHIFTRT && count == 7,1,0,1
crtl->stack_realign_needed == stack_realign,1,0,1
"same_type_ignoring_top_level_qualifiers_p (type, TREE_TYPE (expr))",1,0,1
queue_list->tail < queue_list->size,1,0,1
index < asm_stmt->no && TREE_CODE (out_op) == TREE_LIST,1,0,1
df_note,1,0,1
diff != 0,1,0,1
axis < GOMP_DIM_MAX,1,0,1
block && ns,1,0,1
from == RETURN_ADDRESS_POINTER_REGNUM && (to == HARD_FRAME_POINTER_REGNUM || to == STACK_POINTER_REGNUM),1,0,1
!active,1,0,1
"2, bb_d->preds->length ()",1,0,1
"et_below (a, d)",1,0,1
BINFO_VIRTUALS (TYPE_BINFO (t)) == NULL_TREE,1,0,1
"memcmp (ns->proc_name->name, ""master."", 7) == 0",1,0,1
xparms == NULL_TREE || TREE_CODE (xparms) == TREE_LIST,1,0,1
pcanonical,1,0,1
GET_CODE (label_ref) == LABEL_REF,1,0,1
remap->u.ar.dimen == expr1->rank,1,0,1
p->expr_type == EXPR_COMPCALL,1,0,1
prev_last_insn,1,0,1
!IS_ADHOC_LOC (location),1,0,1
(TREE_CODE (t) == FUNCTION_DECL || CLASS_TYPE_P (t)) && type_decl && TREE_CODE (type_decl) == TYPE_DECL && scope,1,0,1
DECL_ALIGN (decl) >= align,1,0,1
l1->parent != NULL && l2->parent != NULL,1,0,1
GET_CODE (lhs) == MEM,1,0,1
single_undo_checkpoint_p (),1,0,1
!ctx->is_nested || t || is_global_var (decl),1,0,1
"GET_CODE (XEXP (reg_save_area, 1)) == CONST_INT",1,0,1
!gimple_has_body_p (fndecl),1,0,1
val1->v.val_unsigned == DWARF2_ADDR_SIZE,1,0,1
*to_tailp == NULL,1,0,1
"__s <= __w, ""template argument substituting "" ""__s out of bound""",1,0,1
"integer_onep (gimple_phi_arg_def (phi, d))",1,0,1
"_Alignof (T) == N * 2, ""N * 2""",1,0,1
"test_property<is_nothrow_swappable, std::array<ThrowCopyConsClass, 1>>(false), """"",1,0,1
first_line <= last_line,1,0,1
"bb_c, dom_by_b[0]",1,0,1
