x_val,y_added,y_removed,y_combined
ret,979,856,1835
0,910,782,1692
1,338,162,500
direction == DMA_NONE,172,137,309
&priv->mutex,147,116,263
false,100,157,257
skb,163,84,247
!clk,135,84,219
!PageLocked(page),131,73,204
"self != NULL, return;",187,12,199
err,130,65,195
!valid_dma_direction(direction),110,65,175
!irqs_disabled(),100,72,172
in_interrupt(),105,55,160
FALSE,78,76,154
crypto_tfm_alg_type(tfm) != CRYPTO_ALG_TYPE_CIPHER,77,76,153
&mvm->mutex,118,23,141
!path,68,67,135
!dev,91,38,129
"self != NULL, return -1;",110,19,129
!th->t_trans_id,85,43,128
ret < 0,75,50,125
IS_ERR(clk),67,56,123
i == 1,64,59,123
"0, ret",110,0,110
!in_interrupt(),71,38,109
dev->bus != &pci_bus_type,54,54,108
!mem,59,47,106
rc == 0,76,28,104
i,54,49,103
cc != NULL,51,51,102
"""wrong precise_ip"", !evsel->attr.precise_ip",70,30,100
ret == 0,59,38,97
!dma_ops,45,45,90
"""wrong exclude_hv"", evsel->attr.exclude_hv",60,29,89
preemptible(),50,37,87
&ar->conf_mutex,77,9,86
"""wrong exclude_user"", !evsel->attr.exclude_user",61,24,85
crypto_tfm_alg_type(tfm) != CRYPTO_ALG_TYPE_DIGEST,42,42,84
"xfs_isilocked(ip, XFS_ILOCK_EXCL)",54,29,83
"dev_priv, pipe",53,29,82
&priv->shrd->mutex,41,41,82
"""wrong exclude_kernel"", !evsel->attr.exclude_kernel",55,26,81
&il->mutex,52,27,79
!valid_dma_direction(dir),48,31,79
bp != NULL,40,35,75
dev_list != NULL,37,37,74
result,54,19,73
!card,51,20,71
dev != NULL,43,27,70
mpic == NULL,54,14,68
obj == NULL,34,34,68
dt,34,34,68
"""wrong number of entries"", 1 == evlist->nr_entries",42,26,68
len == 0,45,23,68
irqs_disabled(),39,29,68
"""wrong type"", PERF_TYPE_HARDWARE == evsel->attr.type",49,18,67
sizeof(*(ptr)) != 8,38,28,66
efx,39,26,65
"""wrong exclude_kernel"", evsel->attr.exclude_kernel",44,21,65
IS_ERR(trans),32,31,63
rc,44,19,63
ifp->if_flags & XFS_IFEXTIREC,37,25,62
err < 0,41,21,62
PageWriteback(page),42,19,61
"""wrong exclude_user"", evsel->attr.exclude_user",38,23,61
PageLRU(page),29,29,58
"""wrong exclude_hv"", !evsel->attr.exclude_hv",39,18,57
sih->cccaps & CC_CAP_PMU,28,28,56
cy_false,28,28,56
"""wrong exclude guest"", !evsel->attr.exclude_guest",37,18,55
status == 0,27,28,55
(offset & 1) == 0,27,27,54
bp,29,24,53
(risc->jmp - risc->cpu + 2) * sizeof(*risc->cpu) > risc->size,31,22,53
!page,43,10,53
card,26,26,52
obd != NULL,34,17,51
"substream != NULL, return -ENXIO",25,25,50
ret != 0,33,17,50
"false, ""ERR rxdesc :%d not process\n"", desc_name",33,17,50
!p,33,17,50
"""wrong exclude host"", !evsel->attr.exclude_host",36,13,49
"false, ""ERR txdesc :%d not process\n"", desc_name",32,17,49
dev->type != ARPHRD_IEEE802154,32,17,49
err == 0,25,24,49
!host,40,8,48
net != NULL,30,18,48
rq != NULL,24,24,48
(ret < 0) || (ret != nbytes),24,24,48
!trans,24,24,48
pool == NULL,24,24,48
blkg->q->queue_lock,25,22,47
ch,33,14,47
counter > NMI_MAX_COUNTER_BITS,24,23,47
!inode,29,18,47
dt->do_ops,23,23,46
!(dma_ch[channel].chan_status != DMA_CHANNEL_FREE && channel < MAX_BLACKFIN_DMA_CHANNEL),23,23,46
the_lnet.ln_init,33,13,46
dir == DMA_NONE,30,15,45
firmware_has_feature(FW_FEATURE_ISERIES),22,22,44
&local->chanctx_mtx,38,6,44
direction == PCI_DMA_NONE,22,22,44
ring,22,22,44
&zbpg->lock,22,22,44
XFS_DQ_IS_LOCKED(dqp),26,18,44
&local->mtx,33,10,43
dev_priv,33,10,43
sdata,38,5,43
"self->magic == IRLAN_MAGIC, return;",38,5,43
pRxBlk->pRxPacket,21,21,42
wdev,37,5,42
(len & 1) == 0,21,21,42
vcpu,21,20,41
vaddr >= FIXADDR_TOP || vaddr < FIXADDR_START,22,19,41
niov > 0,26,15,41
adapter,20,20,40
pTxBlk,20,20,40
committed,26,14,40
"card != NULL, return -ENXIO",20,20,40
XFS_FORCED_SHUTDOWN(mp),23,17,40
"obj, OBJ",20,20,40
tp != NULL,23,17,40
"""wrong leader"", evsel->leader == NULL",20,20,40
err == -EEXIST,20,20,40
"self->magic == LAP_MAGIC, return;",39,1,40
osbuf != NULL,13,26,39
scb_ampdu,19,19,38
iocb->ki_pos != pos,19,19,38
"queue, ah->ah_capabilities.cap_queues.q_tx_num",22,15,37
&cgroup_mutex,30,7,37
blkCnt != 0,18,18,36
XFS_BUF_ISBUSY(bp),18,18,36
ret != LZO_E_OK,18,18,36
!pte_none(*pte),21,14,35
dev,22,13,35
"""wrong config"", PERF_COUNT_HW_CPU_CYCLES == evsel->attr.config",25,10,35
skb == NULL,21,14,35
size == 0,22,12,34
!len,18,16,34
lines < 2,20,14,34
ctxt,19,15,34
"""wrong precise_ip"", evsel->attr.precise_ip",21,13,34
error != ENOENT,17,17,34
error != ENOSPC,17,17,34
the_lnet.ln_refcount > 0,24,10,34
(osh && (osh->magic == OS_HANDLE_MAGIC)),17,17,34
&res->spinlock,29,4,33
len > 0,21,12,33
nkiov > 0,21,12,33
(fh->resources & bits) != bits,17,16,33
&dev_priv->irq_lock,25,8,33
"ri, orig_ret_address, trampoline_address",21,11,32
!ops,22,10,32
node->data != 0,16,16,32
plane == OMAP_DSS_GFX,19,13,32
wrb,16,16,32
" ifbp->IFB_Magic == HCF_MAGIC, ifbp->IFB_Magic ",16,16,32
p != NULL,16,16,32
!node,18,14,32
!host->claimed,16,16,32
WLC_PHY_11N_CAP(wlc->band),16,16,32
atomic_read(&nmi_active) != 0,16,15,31
"""wrong leader"", evsel->leader == leader",24,7,31
"""wrong exclude guest"", evsel->attr.exclude_guest",23,8,31
&dlm->spinlock,29,2,31
rc == -ENOMEM,21,10,31
ioaddr != NULL,17,14,31
!chip,24,7,31
mutex_is_locked(&chip->mutex),27,4,31
&dev->slock,18,12,30
peer->ibp_connecting > 0 || peer->ibp_accepting > 0 || !list_empty(&peer->ibp_conns),18,12,30
dev_p->sig == CY_AS_DEVICE_HANDLE_SIGNATURE,15,15,30
!tx->tx_queued,18,12,30
!error,18,12,30
card != NULL,15,15,30
obj->pool == NULL,15,15,30
atomic_read(&ctx->cc_refcount) > 0,15,15,30
args->oknoent,15,15,30
!c->ro_media,15,15,30
dp->i_df.if_flags & XFS_IFINLINE,18,12,30
(dp->i_d.di_mode & S_IFMT) == S_IFDIR,15,15,30
p,15,15,30
" rc == HCF_SUCCESS, rc ",15,15,30
"obj->pool, POOL",15,15,30
icd != pcdev->icd,15,15,30
v.counter != r,25,4,29
!handle,18,11,29
&nn->client_lock,22,7,29
rc < 0,20,9,29
leaf->hdr.info.magic == cpu_to_be16(XFS_ATTR_LEAF_MAGIC),14,15,29
"ismrlocked (&ip->i_lock, MR_UPDATE)",14,14,28
!skb,17,11,28
"dev != NULL, return -1;",24,4,28
host == NULL,16,12,28
i + n > 6,24,4,28
irq >= NR_IRQS,15,13,28
next,14,14,28
"zv, ZVH",14,14,28
"zh, ZBH",14,14,28
crypto_tfm_alg_type(tfm) != CRYPTO_ALG_TYPE_COMPRESS,14,14,28
pdev != NULL,16,12,28
"INT_GET(leaf->hdr.info.magic, ARCH_CONVERT) == XFS_ATTR_LEAF_MAGIC",14,14,28
&cgroup_tree_mutex,14,14,28
"skb != NULL, return;",27,1,28
partid <= 0 || partid >= XP_MAX_PARTITIONS,14,14,28
dev->bus != &pci_bus_type && dev->bus != &ebus_bus_type,14,14,28
tfm->crt_cipher.cit_mode == CRYPTO_TFM_MODE_ECB,14,14,28
*p,25,3,28
be16_to_cpu(leaf->hdr.info.magic) == XFS_ATTR_LEAF_MAGIC,14,14,28
pgd_page_vaddr(*pgd) != pgd_page_vaddr(*pgd_ref),15,13,28
"self != NULL, return 0;",19,8,27
!status,15,12,27
sizeof(struct cleancache_filekey) != sizeof(struct tmem_oid),14,13,27
&nn->nn_lock,15,12,27
tp,17,10,27
"""wrong exclude host"", evsel->attr.exclude_host",19,8,27
"""wrong type"", PERF_TYPE_RAW == evsel->attr.type",18,9,27
dp->i_df.if_u1.if_data != NULL,16,11,27
core->revision > SI476X_REVISION_A30 || core->revision == -1,18,9,27
res,15,12,27
name != NULL,15,12,27
!data,21,6,27
"false, ""return H2C cmd because of Fw download fail!!!\n""",16,10,26
ifp->if_flags & XFS_IFEXTENTS,15,11,26
!(reserved_gpio_map[gpio_bank(gpio)] & gpio_bit(gpio)),13,13,26
!PageHead(page),14,12,26
"0, ""incorrect message magic: %08x\n"", msg->lm_magic",22,4,26
o,13,13,26
PageActive(page),13,13,26
params,15,11,26
"!PageLocked(page), page",24,2,26
IS_ERR(xtal_clk),13,13,26
!chip->dma_size,16,10,26
tx_info->flags & IEEE80211_TX_CTL_AMPDU,13,13,26
(val & ~mask) == 0,13,13,26
!(err),13,13,26
"false, ""invalid aci: %d !\n"", aci",16,9,25
ip->i_gdquot,14,11,25
S_ISDIR(dp->i_d.di_mode),16,9,25
!cache,14,11,25
"""wrong type"", PERF_TYPE_BREAKPOINT == evsel->attr.type",16,9,25
NUM_IWL_RXON_CTX != 2,15,10,25
"""wrong config"", 0 == evsel->attr.config",16,9,25
NULL == fh->fmt,13,12,25
!buffer || !vb,16,9,25
"ahd, AHD_MODE_CCHAN_MSK, AHD_MODE_CCHAN_MSK",16,9,25
agno != NULLAGNUMBER,15,10,25
XFS_IS_QUOTA_RUNNING(mp),16,9,25
tmpstr + tmpsiz - s > 0,18,7,25
!PageUptodate(page),16,8,24
be32_to_cpu(free->hdr.magic) == XFS_DIR2_FREE_MAGIC,12,12,24
!mm,13,11,24
"zbpg, ZBPG",12,12,24
pagesize != PAGE_SIZE,12,12,24
!(mc & MCTL_PSM_JMP_0),12,12,24
mc & MCTL_PSM_RUN,12,12,24
nr_cpus <= MAX_NR_CPUS,12,12,24
!wlc->pub->up,12,12,24
pBAEntry->list.qlen == 0,12,12,24
"PageLRU(page), page",18,6,24
"xfs_isilocked(ip, XFS_ILOCK_EXCL|XFS_IOLOCK_EXCL)",12,12,24
xfs_buf_islocked(bp),18,6,24
pPacket,12,12,24
irq >= 0,12,12,24
cplen >= ASC_PRTBUF_SIZE,12,12,24
(BbpValue == 0x00),12,12,24
error,15,9,24
pll_ref_div != OSC_CTRL_PLL_REF_DIV_1,14,10,24
dp->i_df.if_bytes == dp->i_d.di_size,14,10,24
address & ~HPAGE_PMD_MASK,19,4,23
!base,13,10,23
"self->magic == IAS_MAGIC, return;",23,0,23
PageLocked(page),13,10,23
!bio,17,6,23
"self->magic == IRCOMM_TTY_MAGIC, return;",22,1,23
(unsigned)n > 0xFF,15,8,23
!net,15,8,23
"pb, ""invalid msg %p: no ptlrpc body!\n"", msg",19,4,23
nseg < 0,16,7,23
smp_processor_id() != 0,13,10,23
cur == NULL,13,10,23
atomic_read(&bip->bli_refcount) > 0,20,3,23
PagePrivate(page),15,8,23
blk_cnt != 0,13,10,23
XFS_FORCED_SHUTDOWN(dp->i_mount),14,9,23
!res,17,6,23
pp,16,7,23
nob > 0,14,8,22
!size,13,9,22
ptr == NULL,12,10,22
(pktLen > 34),11,11,22
frame != NULL,11,11,22
!s->page,11,11,22
&rq->lock,17,5,22
error >= 0,11,11,22
HWGROUP(drive)->handler != NULL,11,11,22
lidp != NULL,11,11,22
"sdp, !error",11,11,22
objnode == NULL,11,11,22
rb_node,11,11,22
&mm->page_table_lock,15,7,22
page_mapcount(page) < 0,11,11,22
mfp >= MFP_PIN_MAX,11,11,22
"XFS_BUF_FSPRIVATE(bp, void *) != NULL",11,11,22
wlc_ps_check(wlc),11,11,22
queue < NFIFO,11,11,22
info != NULL,14,8,22
"self->magic == IRCOMM_TTY_MAGIC, return -1;",22,0,22
&css_set_rwsem,11,11,22
MC_CMD_GET_LINK_IN_LEN != 0,13,9,22
"XFS_BUF_FSPRIVATE2(bp, xfs_trans_t *) == tp",11,11,22
!c->ro_media && !c->ro_mount,18,3,21
"sdp, 0",13,8,21
"""wrong group name"", !evsel->group_name",17,4,21
crtc,14,7,21
!sg_page(sg),13,8,21
sizeof(struct uv_IO_APIC_route_entry) != sizeof(unsigned long),11,10,21
p_aggr,7,14,21
hctx == NULL,11,10,21
!pfn_valid(pte_pfn(pte)),15,6,21
timer_id < MAX_BLACKFIN_GPTIMERS,21,0,21
"""wrong config"", PERF_COUNT_HW_INSTRUCTIONS == evsel->attr.config",14,7,21
!em,13,8,21
pPacket != NULL,7,14,21
!ret,16,5,21
"""wrong number of entries"", 2 == evlist->nr_entries",17,4,21
args.len == 1,12,9,21
rstc,15,6,21
args->op_flags & XFS_DA_OP_OKNOENT,14,7,21
"""wrong config"", 1 == evsel->attr.config",13,8,21
&prepare_lock,15,6,21
dev == NULL,14,7,21
card->init_success,10,10,20
&task_rq(p)->lock,10,10,20
AR_SREV_9280_10_OR_LATER(ah),10,10,20
cplen < ASC_PRTBUF_SIZE,10,10,20
c,11,9,20
!PagePrivate(page),13,7,20
size == 0 || size > zbud_max_size(),10,10,20
!host->card,16,4,20
!is_first_page(page),14,6,20
"INT_GET(free->hdr.magic, ARCH_CONVERT) == XFS_DIR2_FREE_MAGIC",10,10,20
&priv->sta_lock,12,8,20
"""wrong leader"", !perf_evsel__is_group_member(evsel)",10,10,20
oh,12,8,20
scb->magic == SCB_MAGIC,10,10,20
!ep,15,5,20
level < cur->bc_nlevels,11,9,20
size == 0 || size > zbud_max_buddy_size(),10,10,20
bcmsdh->init_success,10,10,20
nr_cpus >= 0,10,10,20
!icd->parent || to_soc_camera_host(icd->parent)->nr != icd->iface,10,10,20
!name,13,7,20
lpar_rc != 0,10,10,20
!pd,14,6,20
err >= 0,10,10,20
0 == size,10,10,20
!(reserved_map[gpio_bank(gpio)] & gpio_bit(gpio)),10,10,20
ipointer_in == B_FALSE,10,10,20
"entry, AR5K_KEYTABLE_SIZE",10,10,20
XFS_BUF_VALUSEMA(bp) <= 0,10,10,20
tpa6130a2_client == NULL,10,10,20
&ar->data_lock,19,1,20
!snd_mask_empty(mask),10,10,20
i == 0,11,9,20
!emu,20,0,20
rdev,10,10,20
!np,13,7,20
prec >= 0 && prec < pq->num_prec,10,10,20
ret == -ENOENT,10,9,19
seq != NULL,14,5,19
&wq_pool_mutex,14,5,19
PageHighMem(page),11,8,19
!err,12,7,19
qc != NULL,9,10,19
fd,19,0,19
whichfork == XFS_DATA_FORK,11,8,19
ctx->cc_sec,13,6,19
!pte_none(*(kmap_pte - idx)),13,6,19
pmd_trans_huge(*pmd),12,7,19
!drv,13,6,19
info->type != IRQT_PIRQ,12,7,19
q->queue_lock,15,4,19
"card != NULL, return -EINVAL",9,9,18
"INT_GET(d->hdr.magic, ARCH_CONVERT) == XFS_DIR2_DATA_MAGIC || INT_GET(d->hdr.magic, ARCH_CONVERT) == XFS_DIR2_BLOCK_MAGIC",9,9,18
"err >= 0, return -EINVAL",9,9,18
cpus_empty(cpumask),9,9,18
i->head == NULL,10,8,18
"tu->timeri != NULL, return -ENXIO",9,9,18
sizeof(cfg.b) >= sizeof(ctx->X),9,9,18
bno != NULLDFSBNO,9,9,18
be32_to_cpu(d->hdr.magic) == XFS_DIR2_DATA_MAGIC || be32_to_cpu(d->hdr.magic) == XFS_DIR2_BLOCK_MAGIC,9,9,18
in_nmi(),11,7,18
!buffer_uptodate(bh),17,1,18
!s,14,4,18
nsiov > 0,12,6,18
(map.br_startblock != DELAYSTARTBLOCK) && (map.br_startblock != HOLESTARTBLOCK),11,7,18
device!= NULL,6,12,18
NULL == icd->current_fmt,10,8,18
hdr->magic == cpu_to_be32(XFS_DIR2_DATA_MAGIC) || hdr->magic == cpu_to_be32(XFS_DIR3_DATA_MAGIC) || hdr->magic == cpu_to_be32(XFS_DIR2_BLOCK_MAGIC) || hdr->magic == cpu_to_be32(XFS_DIR3_BLOCK_MAGIC),12,6,18
sizeof(*buf) != sizeof(fpregs),10,8,18
"dev_priv, pll, NULL",9,9,18
LNET_CPT_NUMBER == 1,9,9,18
"chip, return 0",9,9,18
d,9,9,18
"channel_buf != NULL, return -EIO",9,9,18
src_niov > 0,12,6,18
"hash_bit_len > 0, SKEIN_BAD_HASHLEN",12,6,18
tmpbuffer != NULL,9,9,18
"""wrong sample_period"", 1 == evsel->attr.sample_period",11,7,18
be16_to_cpu(leaf->hdr.info.magic) == XFS_DIR_LEAF_MAGIC,9,9,18
agi->agi_magicnum == cpu_to_be32(XFS_AGI_MAGIC),10,8,18
ndiov > 0,12,6,18
sizeof(type) > sizeof(unsigned long),12,6,18
"INT_GET(leaf->hdr.info.magic, ARCH_CONVERT) == XFS_DIR_LEAF_MAGIC",9,9,18
rc2 == 0,13,5,18
nmap == 1,11,7,18
bcm->initialized,9,9,18
n < msgByteCnt,9,9,18
"err >= 0, return err",9,9,18
&kernfs_mutex,9,9,18
!xfs_buf_geterror(bp),9,9,18
"""wrong bp_len"", HW_BREAKPOINT_LEN_4 == evsel->attr.bp_len",11,7,18
free->hdr.magic == cpu_to_be32(XFS_DIR2_FREE_MAGIC),9,9,18
sn != NULL,13,5,18
wl,9,9,18
id >= SOLO_NR_P2M,9,9,18
"true, ""Rate_Section is Illegal\n""",12,6,18
TFD_QUEUE_SIZE_MAX & (TFD_QUEUE_SIZE_MAX - 1),10,8,18
"""wrong type"", PERF_TYPE_TRACEPOINT == evsel->attr.type",11,7,18
hdmi->clk,9,9,18
XFS_ISLOCKED_INODE_EXCL(ip),9,9,18
"arg != NULL, return -ENXIO",9,9,18
lproto == NULL,9,9,18
i->head != &up->list,10,8,18
"cpu_isset(smp_processor_id(), cpumask)",9,9,18
&solo_enc->lock,9,9,18
PageLocked(vmpage),18,0,18
atomic_read(&page->_count) != 0,9,9,18
list,9,9,18
cpu != raw_smp_processor_id(),9,9,18
address >= end,11,7,18
GOODREGS(sii->curwrap),9,9,18
!mutex_is_locked(&mc13xxx->lock),7,10,17
page == NULL,9,8,17
ip->i_udquot,10,7,17
pool->po_allocated == 0,9,8,17
sb != NULL,9,8,17
args != NULL,10,7,17
sock_owned_by_user(sk),10,7,17
in_softirq(),9,8,17
!modemr,10,7,17
!(bip->bli_flags & XFS_BLI_STALE),11,6,17
len >= 0,9,8,17
mpic1 == NULL,9,8,17
exp != NULL,14,3,17
pin < 1 || pin > 4,9,8,17
node == NULL,9,8,17
ftype < XFS_DIR3_FT_MAX,10,7,17
ctx,13,4,17
ret == -EIOCBQUEUED,13,4,17
len,10,7,17
!bh,14,3,17
!isnullstartblock(new->br_startblock),10,7,17
!vma,11,6,17
dp != NULL,10,7,17
ifp->if_real_bytes != 0,10,7,17
!PageSlab(page),9,8,17
"ahd, AHD_MODE_SCSI_MSK, AHD_MODE_SCSI_MSK",16,1,17
ifx_dev,11,6,17
addr >= end,12,5,17
"(channel >= 1 && channel <= 14), ""illegal channel for Zebra: %d\n"", channel",11,6,17
"! (D11REV_IS(pi->sh->corerev, 11) || D11REV_IS(pi->sh->corerev, 12)) || wlc_phy_war41476(pi)",8,8,16
zh->size == 0 || zh->size > zbud_max_buddy_size(),8,8,16
adapter->state == ADAPT_DOWN,8,8,16
!priv->curr_bss,8,8,16
hdr->magic == cpu_to_be32(XFS_DIR2_DATA_MAGIC) || hdr->magic == cpu_to_be32(XFS_DIR2_BLOCK_MAGIC),8,8,16
buffer->skb,8,8,16
(pRxContext->InUse == pRxContext->IRPPending),8,8,16
!(R_REG(&cc->clk_ctl_st) & CCS_HTAVAIL),8,8,16
!ibm->acpi,10,6,16
!PageLRU(page),8,8,16
"wlc_valid_chanspec_db(wlc->cmi, chanspec)",8,8,16
is_ephemeral(pool),8,8,16
"false, (""ERR txdesc :%d "" ""not process\n"", desc_name)",8,8,16
ip->i_gdquot == NULL,9,7,16
ct && (ctinfo == IP_CT_NEW || ctinfo == IP_CT_RELATED || ctinfo == IP_CT_RELATED + IP_CT_IS_REPLY),8,8,16
!c->u.periph.clk_num,8,8,16
rs_dflt != NULL,8,8,16
fbit >= 32,8,8,16
"self->magic == LAP_MAGIC, return -1;",16,0,16
pEntry,8,8,16
IS_CCK(rspec),8,8,16
context_handle->mech_type,8,8,16
pfn != mfn && mfn != INVALID_P2M_ENTRY,8,8,16
"params, vars->phy_flags",8,8,16
size != 0,9,7,16
&dev_priv->pps_mutex,16,0,16
!mem_map,11,5,16
PageTail(page),9,7,16
"prot_cnt, IPW( HREG_EV_STAT )",8,8,16
err != 0,10,6,16
sh->batch_head,15,1,16
p == NULL,8,8,16
!list_empty(&zbpg->bud_list),8,8,16
osh->magic == OS_HANDLE_MAGIC,8,8,16
minor >= COMEDI_NUM_BOARD_MINORS,8,8,16
rxb->page_dma & ~DMA_BIT_MASK(36),9,7,16
page_private(kpte_page) == 0,8,8,16
!root,11,5,16
"amp, return -EINVAL",8,8,16
ops->mode != MTD_OOB_PLACE,8,8,16
bip->bli_format.blf_flags & XFS_BLF_CANCEL,6,10,16
where % size,8,8,16
!snd_interval_empty(i),8,8,16
wlc,8,8,16
j,8,8,16
!codec->hw_read,8,8,16
Length <= MGMT_DMA_BUFFER_SIZE,8,8,16
pdata,11,5,16
nmi_watchdog != NMI_LOCAL_APIC,8,8,16
len <= sizeof(lineBuffer),8,8,16
ring->tx,8,8,16
prio >= 0 && prio <= MAXPRIO,8,8,16
!device,11,5,16
rd,8,8,16
context_handle,8,8,16
which >= osd_req->r_num_ops,10,6,16
ch->reason == xpcInterrupted,8,8,16
ip->i_udquot == NULL,9,7,16
&ifmgd->mtx,8,8,16
"false, (""ERR rxdesc :%d "" ""not process\n"", desc_name)",8,8,16
ifmgd,8,8,16
pampd_is_remote(pampd),8,8,16
context_handle->mech_type->gm_ops,8,8,16
ip->i_transp == tp,8,8,16
be32_to_cpu(hdr->magic) == XFS_DIR2_DATA_MAGIC || be32_to_cpu(hdr->magic) == XFS_DIR2_BLOCK_MAGIC,8,8,16
lpar_rc != H_Success,8,8,16
fnode->data != 0,8,8,16
chunks >= NCHUNKS,8,8,16
rxb->page_dma & DMA_BIT_MASK(8),9,7,16
zh1->size != 0 || tmem_oid_valid(&zh1->oid),8,8,16
ch_number < 0 || ch_number >= XPC_NCHANNELS,8,8,16
fibsize > (dev->max_fib_size - sizeof(struct aac_fibhdr)),8,8,16
&txq->lock,10,6,16
zh0->size != 0 || tmem_oid_valid(&zh0->oid),8,8,16
bcmsdh,8,8,16
!reg,10,6,16
info.cdma_num >= MAX_DESCS,8,8,16
fifo < NFIFO,8,8,16
CHSPEC_WLCBANDUNIT(chanspec) == wlc->band->bandunit,8,8,16
!(wlc->pub->hw_off && wlc->pub->up),8,8,16
"jh, jh->b_next_transaction == NULL",10,6,16
tsk != current,10,6,16
tspi->clk,8,8,16
vaddr != __fix_to_virt(FIX_KMAP_BEGIN + idx),10,6,16
req->rq_pack_bulk,10,6,16
"false, ""cmdtable cannot be NULL.\n""",10,6,16
aci < AC_COUNT,8,8,16
pAd->PendingRx == 0,8,8,16
"VALID_RATE_DBG(wlc, rspec)",8,8,16
env,8,8,16
!(bip->bli_format.blf_flags & XFS_BLI_CANCEL),8,8,16
RSPEC_STF(rspec) < PHY_TXC1_MODE_SDM,8,8,16
"emu, return -ENXIO",8,8,16
!rq_mergeable(req),8,8,16
((val & SUPER_STATE_MASK) != SUPER_STATE_RUN) && ((val & SUPER_STATE_MASK) != SUPER_STATE_IDLE),8,8,16
device->func != NULL,5,10,15
!(ifp->if_flags & XFS_IFEXTIREC),9,6,15
obj != NULL,8,7,15
info == NULL,9,6,15
buffer->free,9,6,15
cinfo != NULL,9,6,15
ctx->h.b_cnt == 0,9,6,15
!rfkill,12,3,15
lock != NULL,13,2,15
ap->length,9,6,15
PageReserved(page),8,7,15
"skb != NULL, return -1;",15,0,15
&inode->i_lock,8,7,15
q->magic != C2_MQ_MAGIC,10,5,15
!q,10,5,15
blk->magic == XFS_ATTR_LEAF_MAGIC,10,5,15
set->set_exp,9,6,15
hp == NULL,8,7,15
level > 0,9,6,15
timer_pending(timer),8,7,15
"XFS_FSB_TO_AGNO(mp, bno) < mp->m_sb.sb_agcount",9,6,15
"XFS_BMAP_BMDR_SPACE(ifp->if_broot) <= XFS_IFORK_SIZE(ip, whichfork)",9,6,15
list_empty(&peer->ksnp_conns),10,5,15
"(rtlphy->current_channel <= 14), ""WIRELESS_MODE_G but channel>14""",10,5,15
"""wrong sample_read"", !evsel->sample_read",15,0,15
address < vma->vm_start || address >= vma->vm_end,8,7,15
r >= 0,13,2,15
pgd_none(*pgd),9,6,15
!pte,9,6,15
!spin_is_locked(&ch->lock),10,5,15
"XFS_FSB_TO_AGBNO(mp, bno) < mp->m_sb.sb_agblocks",9,6,15
ifp->if_real_bytes == 0,9,6,15
n < msg_byte_cnt,9,6,15
!ptr,9,6,15
!virq,10,5,15
!host->data,12,3,15
len < 5,8,7,15
peer->ibp_connecting > 0,9,6,15
pud_none(*pud),9,6,15
!bf,10,5,15
tx->tx_queued,9,6,15
state->extravalid,10,5,15
node,8,7,15
!pages,11,4,15
!peer->ksnp_closing,10,5,15
list_empty(&peer->ibp_conns),9,6,15
handle,13,2,15
chip->num_periods & (chip->num_periods-1),9,6,15
qc == NULL,7,7,14
"runtime != NULL, return -ENXIO",7,7,14
!card->host,10,4,14
(unsigned)irq >= NR_IRQS,8,6,14
node->hdr.info.magic == cpu_to_be16(XFS_DA_NODE_MAGIC),7,7,14
"sdp, list_empty(&gl->gl_holders)",7,7,14
cpu_online(cpu),9,5,14
"ifp->if_ext_max == XFS_IFORK_SIZE(ip, whichfork) / (uint)sizeof(xfs_bmbt_rec_t)",7,7,14
"0 && ""PRQ Interrupt in non-MBSS""",7,7,14
&pool->manager_mutex,7,7,14
(1LL << f) & XFS_SB_MOD_BITS,7,7,14
ip->i_d.di_anextents == 0,9,5,14
REQPNEXT(last_scp) != NULL,7,7,14
rxb == NULL,8,6,14
"false, (""invalid aci: %d !\n"", aci)",7,7,14
leaf->hdr.info.magic == cpu_to_be16(XFS_DIR2_LEAFN_MAGIC),7,7,14
!src,10,4,14
kgd == NULL,10,4,14
&state_lock,9,5,14
mutex_is_locked(&qh->qh_lock),7,7,14
!e,13,1,14
dentry->d_inode,8,6,14
vma && (addr >= vma->vm_end),7,7,14
mval->br_blockcount <= len,8,6,14
!list_empty(&dqp->q_freelist),7,7,14
sizeof(priv->rates) != sizeof(rtl818x_rates),8,6,14
(mask_4u & ~(0x0000000000000fffUL)) || (mask_4v & ~(0xfffffc0000000000UL)),7,7,14
last_scp != NULL,7,7,14
"emu != NULL, return",7,7,14
head,7,7,14
!pages[1],8,6,14
bp->b_transp == tp,13,1,14
!cfg->vector,7,7,14
sizeof(wlc_d11rxhdr_t) <= WL_HWRXOFF,7,7,14
con->sock,9,5,14
t == 0,8,6,14
"""wrong leader"", perf_evsel__is_group_leader(evsel)",14,0,14
!server->nfs_client->rpc_ops,7,7,14
"dev_priv, crtc->pipe",11,3,14
ini->scb == scb,7,7,14
!mutex_is_locked(&dev->struct_mutex),9,5,14
lev < cur->bc_nlevels,8,6,14
p != o || o == NULL,8,6,14
list_empty(list),8,6,14
buf,9,5,14
be16_to_cpu(node->hdr.info.magic) == XFS_DA_NODE_MAGIC,7,7,14
!server->nfs_client,7,7,14
file != NULL,7,7,14
sizeof(priv->channels) != sizeof(rtl818x_channels),8,6,14
buffer->unmap_len,8,6,14
table != NULL,7,7,14
uvd != NULL,7,7,14
nr < 0 || nr >= NR_CPUS,9,5,14
dev->dd_ops,7,7,14
buffer->len,8,6,14
conn->ibc_state >= IBLND_CONN_ESTABLISHED,9,5,14
urb_priv,7,7,14
set || (arg && len),7,7,14
(u32)vdev->features != vdev->features,9,5,14
mvebu_mbus_dt_init(),7,7,14
ifp->if_flags & XFS_IFINLINE,9,5,14
!kernel_locked(),7,7,14
PageCompound(kpte_page),7,7,14
"vnode->update_cnt, >=, 0",13,1,14
be16_to_cpu(leaf->hdr.info.magic) == XFS_DIR2_LEAFN_MAGIC,7,7,14
PageLRU(kpte_page),7,7,14
!VALID_PAGE(vcpu->arch.mmu.root_hpa),7,7,14
IS_IA32_PROCESS(regs),7,7,14
oinfo->oi_md,8,6,14
pdev == NULL,8,6,14
priv->num_stations < 0,7,7,14
opt->dccpop_val == NULL,7,7,14
"is_process_copy(lkb), dlm_print_lkb(lkb);",7,7,14
!list_empty(&dqp->q_mplist),7,7,14
addr != -ENOMEM,14,0,14
tunnel->magic != L2TP_TUNNEL_MAGIC,8,6,14
!page_has_buffers(page),8,6,14
(void*)ctask != ctask->sc->SCp.ptr,7,7,14
"false, (""cmdtable cannot be NULL.\n"")",7,7,14
mp->m_quotainfo,8,6,14
!list_empty(&work->entry),7,7,14
!(addr & 0xf),8,6,14
in_mad_size != sizeof(*in_mad) || *out_mad_size != sizeof(*out_mad),7,7,14
wlp->xmit_frame == NULL,7,7,14
!server->nfs_client->rpc_ops->file_inode_ops,7,7,14
pmd_page(*pmd) != pmd_page(*pmd_k),8,6,14
"INT_GET(node->hdr.info.magic, ARCH_CONVERT) == XFS_DA_NODE_MAGIC",7,7,14
atomic_read(&ip->i_pincount) == 0,8,6,14
(long) n < 0,7,7,14
to > PAGE_CACHE_SIZE,9,5,14
"sdp, bd->bd_ail == ai",7,7,14
regs->tstate & TSTATE_PRIV,8,5,13
the_lnet.ln_rc_state == LNET_RC_STATE_RUNNING,8,5,13
"jh, jh->b_transaction == journal->j_committing_transaction",7,6,13
wl->conf.tx.tid_conf_count != wl->conf.tx.ac_conf_count,7,6,13
frame_size > MAX_MPDU_SIZE,7,6,13
bh != NULL,7,6,13
body != NULL,12,1,13
sis == NULL,9,4,13
key != NULL,11,2,13
!func,13,0,13
ev->unlinked,9,4,13
from > PAGE_CACHE_SIZE,8,5,13
!spin_is_locked(&ip->i_flags_lock),7,6,13
!buf,8,5,13
!ch,11,2,13
is_ioat_bug(chanerr),7,6,13
ch_number < 0 || ch_number >= part->nchannels,8,5,13
"xfs_isilocked(ip, XFS_IOLOCK_EXCL)",10,3,13
ip->i_afp == NULL,8,5,13
!mutex_is_locked(&chip->mutex),7,6,13
!(((MODULES_END - 1) & PGDIR_MASK) == (__START_KERNEL & PGDIR_MASK)),7,6,13
"(channel >= 1 && channel <= 14), (""illegal channel for Zebra: %d\n"", channel)",8,5,13
pte == NULL,7,6,13
inode,11,2,13
ct && (ctinfo == IP_CT_NEW || ctinfo == IP_CT_RELATED),7,6,13
"FIELD_SIZEOF(struct sk_buff, protocol) != 2",9,4,13
!th->t_refcount,9,4,13
!PageSwapCache(page),7,6,13
!dqm,12,1,13
*nmap >= 1,8,5,13
args->index >= 0,8,5,13
ent != NULL,8,5,13
"xfs_isilocked(ip, XFS_ILOCK_EXCL|XFS_ILOCK_SHARED)",9,4,13
tp->t_flags & XFS_TRANS_PERM_LOG_RES,8,5,13
err == NOTIFY_BAD,7,6,13
dqp->q_nrefs == 0,7,6,13
bip != NULL,12,1,13
current->mm,9,4,13
!dst,9,4,13
compound_head(page) != head,9,4,13
rxb->page,8,5,13
ct->status & IPS_NAT_DONE_MASK,8,5,13
req->rq_reqbuf,8,5,13
!(*sptep & PT_PRESENT_MASK),7,6,13
!port,9,4,13
hwq > 31,7,6,13
delta < 0,8,5,13
"""wrong type"", 1 == evsel->attr.type",8,5,13
&p->pi_lock,8,5,13
context->count >= 0,7,5,12
"! in_hugepage_area(mm->context, addr)",6,6,12
!domain,9,3,12
(unsigned)nr > 0xFF,6,6,12
fd[i][counter] >= 0,6,6,12
&arvif->ar->conf_mutex,10,2,12
where < (1 << 8),6,6,12
!(spec->flags & EFX_FILTER_FLAG_RX),6,6,12
(ctxt_p->queue_index % 4) == 0,6,6,12
"ctx, SKEIN_FAIL",8,4,12
rw->magic != RWLOCK_MAGIC,6,6,12
ofdev->node == NULL,6,6,12
wlc->pub->corerev >= 3,6,6,12
ARRAY_SIZE(addr) == MHFMAX,6,6,12
!buffer->continuation,6,6,12
skb != NULL,7,5,12
txs->status & TX_STATUS_AMPDU,6,6,12
"mix, return -ENODEV",6,6,12
!ramster_enabled,6,6,12
mutex_is_locked(&q->qi_dqlist_lock),6,6,12
rc < 0 && rc != -EALREADY,8,4,12
manager >= sman->num_managers,6,6,12
e->next == NULL,6,6,12
"""check region type""",8,4,12
country != NULL,6,6,12
DSP_SUCCEEDED(status),6,6,12
cksum.len >= ke->ke_hash_size,6,6,12
sromrev == 3,6,6,12
vma->vm_start & ~HPAGE_MASK,6,6,12
irq < NUM_EMMA2RH_IRQ_GPIO,6,6,12
start >= end,7,5,12
sg->sg_magic != SG_MAGIC,11,1,12
!(mc & MCTL_EN_MAC),6,6,12
tid >= 0 && tid <= ADV_MAX_TID,6,6,12
" P->mode < ifbp->IFB_IOBase, P->mode ",6,6,12
!netdev,6,6,12
page_has_buffers(page),7,5,12
"p != NULL, return -EINVAL",6,6,12
rccal_valid & 0x2,6,6,12
PHYSADDRHI(pa) == 0,6,6,12
sel->input == NULL,6,6,12
(command & IXGB_MSCA_MDI_COMMAND) == 0,8,4,12
"ctx->h.b_cnt <= SKEIN_1024_BLOCK_BYTES, SKEIN_FAIL",8,4,12
"!PageTransHuge(page), page",8,4,12
(where & 3) == 0,6,6,12
ops->mode != MTD_OPS_PLACE_OOB,6,6,12
wlc_eventq_avail(eq) == false,6,6,12
fRes,6,6,12
" P->cmd == CFG_CMD_HCF_REG_ACCESS, P->cmd ",6,6,12
ieee->geo.bg_channels == 0 && ieee->geo.a_channels == 0,6,6,12
!XFS_BUF_GETERROR(bp),6,6,12
!(mi & MI_MACSSPNDD),6,6,12
count >= XAPIC_DEST_CPUS_SHIFT,6,6,12
"ctx->h.b_cnt <= SKEIN_512_BLOCK_BYTES, SKEIN_FAIL",8,4,12
buffer->tsoh,6,6,12
fibsize > (sizeof(struct hw_fib) - sizeof(struct aac_fibhdr)),6,6,12
eq->tpending == true,6,6,12
vcpu->arch.hpte_cache_offset > HPTEG_CACHE_NUM,6,6,12
"sdp, gfs2_glock_is_locked_by_me(ip->i_gl)",6,6,12
!conn->ksnc_closing,8,4,12
!validfmt(fmt),8,4,12
" ((hcf_32)p & 3 ) == 0, (hcf_32)p ",6,6,12
"key_bytes == 0 || key != NULL, SKEIN_FAIL",6,6,12
transaction->t_updates > 0,6,6,12
!(len >= 0),8,4,12
bandunit != wlc_hw->band->bandunit,6,6,12
pi->pubpi.phy_corenum <= PHY_CORE_MAX,6,6,12
ch->flags & XPC_C_SETUP,7,5,12
priv->rst,12,0,12
!orig_ret_address || (orig_ret_address == trampoline_address),6,6,12
rel->type == VMI_RELOCATION_JUMP_REL,6,6,12
osh,6,6,12
clen != PAGE_SIZE,6,6,12
!sads,8,4,12
ep_p->queue_p != 0,6,6,12
!spin_is_locked(&current->sighand->siglock),6,6,12
!bss,6,6,12
!(s1 & TX_STATUS_INTERMEDIATE),6,6,12
wlc_eventq_avail(eq) == true,6,6,12
!ordered,7,5,12
efx_nic_rev(efx) < EFX_REV_SIENA_A0,6,6,12
page != NULL,8,4,12
!tty_locked(),6,6,12
len < 65536,6,6,12
q_data == NULL,8,4,12
ch >= solo_dev->nr_chans,6,6,12
"INT_GET(leaf->hdr.info.magic, ARCH_CONVERT) == XFS_DIR2_LEAFN_MAGIC",6,6,12
"index >= 0 && index <= 1, return -EINVAL",6,6,12
addr_width < BITS_PER_LONG && last_pfn >> addr_width,6,6,12
wrb_context,6,6,12
drv_data,8,4,12
"gettimeofday(&tv_end, NULL)",7,5,12
&clp->cl_lock,10,2,12
bp->b_flags & _XBF_DELWRI_Q,6,6,12
!cfi || cfi->cfi_magic != CODA_MAGIC,10,2,12
"false, ("": No device found\n"")",6,6,12
req->rq_state & RQ_NET_PENDING,6,6,12
si_iscoreup(wlc_hw->sih),6,6,12
s1 & TX_STATUS_AMPDU,6,6,12
"""wrong type val"", term->type_val == PARSE_EVENTS__TERM_TYPE_NUM",8,4,12
"i, 0",6,6,12
page->mapping != inode->i_mapping,8,4,12
!is_vm_hugetlb_page(vma),6,6,12
"gettimeofday(&tv_start, NULL)",7,5,12
len >= blksize,8,4,12
(path->active >= 0) && (path->active < XFS_DA_NODE_MAXDEPTH),8,4,12
host->config == 0,8,4,12
hc->hc_magic != R2HB_CB_MAGIC,6,6,12
LIMIT <= 0 || DELAY < 0,8,4,12
!channel_buf,9,3,12
"chip != NULL && chip->card != NULL, return -EINVAL",6,6,12
"sbi, !den",6,6,12
imap.br_startblock != DELAYSTARTBLOCK,8,4,12
XFS_DIR_IS_V1(state->mp),6,6,12
ip->i_mount == mp,6,6,12
&init_deasserted,6,6,12
len >= XFS_LBSIZE(mp),8,4,12
tid < AMPDU_MAX_SCB_TID,6,6,12
len & 1,8,4,12
"p, 0",6,6,12
status == A_OK,6,6,12
eq->workpending == false,6,6,12
"false, (""return H2C cmd because of Fw "" ""download fail!!!\n"")",6,6,12
fields,6,6,12
vpath->is_open,8,4,12
! cnx,5,7,12
sci_dev->started_request_count != 0,6,6,12
obd->obd_magic == OBD_DEVICE_MAGIC,9,3,12
&sma->sem_perm.lock,6,6,12
tid->paused > 0,6,6,12
!map,7,5,12
"(R_REG(wlc_hw->osh, &wlc_hw->regs->maccontrol) & MCTL_EN_MAC) == 0",6,6,12
!zbudpage_is_locked(zbudpage),6,6,12
ubi->ref_count > 0,6,6,12
ctx->h.bCnt == 0,6,6,12
PageUnevictable(page),6,6,12
ir_index == -1,6,6,12
"""wrong sample_type"", (PERF_SAMPLE_RAW | PERF_SAMPLE_TIME | PERF_SAMPLE_CPU) == evsel->attr.sample_type",6,6,12
"r_plugin != NULL, return -ENXIO",6,6,12
wlc_hw->clk,6,6,12
"""wrong sample_type"", PERF_TP_SAMPLE_TYPE == evsel->attr.sample_type",8,4,12
pUrb,6,6,12
idx < MHFMAX,6,6,12
mdev->tconn->net_conf->wire_protocol == DRBD_PROT_C,6,6,12
bytes < (BITS_TO_LONGS(R2NM_MAX_NODES) * sizeof(unsigned long)),6,6,12
"ctx->h.b_cnt <= SKEIN_256_BLOCK_BYTES, SKEIN_FAIL",8,4,12
"false, (""deprecated!\n"")",6,6,12
req->base.data != &ecr,8,4,12
syserr >= R2NET_ERR_MAX,6,6,12
!dev_is_pci(dev),12,0,12
count < 0,9,3,12
buffer_mapped(bh),7,5,12
"INT_GET(agi->agi_magicnum, ARCH_CONVERT) == XFS_AGI_MAGIC",6,6,12
body,10,2,12
status == BE_SUCCESS,6,6,12
!ccm,8,4,12
!extent_op,6,6,12
!path || !path->handler,6,6,12
"sdp, test_bit(GLF_LOCK, &gl->gl_flags)",6,6,12
size == 0 || size > zv_max_page_size,6,6,12
XFS_DIR_IS_V2(state->mp),6,6,12
"lock->magic != RWLOCK_MAGIC, lock, ""bad magic""",8,4,12
!XPC_SUPPORTS_DISENGAGE_REQUEST(remote_vars->version),6,6,12
rcu_read_lock_held(),7,5,12
!blk_fs_request(rq),6,6,12
callback == NULL,7,5,12
args.fsbno != NULLFSBLOCK,7,5,12
p < endp,6,6,12
!n,9,3,12
(where & 1) == 0,6,6,12
ticks > 0x1fff,8,4,12
session->magic != L2TP_SESSION_MAGIC,8,4,12
handler == NULL,6,6,12
dp->i_d.di_size >= xfs_dir2_sf_hdr_size(sfp->i8count),8,4,12
vma->vm_end & ~HPAGE_MASK,6,6,12
context < CY_RQT_CONTEXT_COUNT,6,6,12
sci_dev->working_request == NULL,6,6,12
!(bip->bli_format.blf_flags & XFS_BLF_CANCEL),4,8,12
scb,6,6,12
env != NULL,7,5,12
!PageActive(page),6,6,12
asc_dvc->carrier_buf != NULL,6,6,12
mc & MCTL_EN_MAC,6,6,12
(lock_flags & ~(XFS_LOCK_MASK | XFS_LOCK_DEP_MASK)) == 0,6,6,12
grctx->src_ctx,6,6,12
type < XFS_DIR3_FT_MAX,6,5,11
raw_smp_processor_id() != cpu,6,5,11
clk->index > 7,6,5,11
buffer_locked(bh),7,4,11
ns != NULL,8,3,11
"""wrong group_idx"", perf_evsel__group_idx(evsel) == 0",11,0,11
refs == 0,6,5,11
priv->num_crtcs >= ARRAY_SIZE(priv->crtcs),6,5,11
set == NULL,7,4,11
"""wrong group_idx"", perf_evsel__group_idx(evsel) == 1",11,0,11
!eb,7,4,11
ac > 3,6,5,11
skb->protocol != htons(ETH_P_IP),6,5,11
"""wrong nr_members"", evsel->nr_members == 2",11,0,11
gdqp,6,5,11
i < 0,7,4,11
hcrx == NULL,6,5,11
"false, ""deprecated!\n""",7,4,11
"false, ""rtl_hal_pwrseqcmdparsing(): Unknown CMD!!\n""",6,5,11
timer,7,4,11
func == NULL,7,4,11
lock,6,5,11
"FIELD_SIZEOF(struct sk_buff, mark) != 4",8,3,11
rc != 0,8,3,11
!write,8,3,11
*idx >= 0,6,5,11
&o2hb_live_lock,7,4,11
&n->list_lock,8,3,11
!info,6,5,11
!desc,6,5,11
PageCompound(page),6,5,11
conn->ksnc_closing,8,3,11
"task != NULL, return -1;",6,5,11
imap->br_startblock != HOLESTARTBLOCK,7,4,11
irq < 0,7,4,11
"page_table != pte_offset_kernel(pmd, 0)",7,4,11
(unsigned long)pmd & (PAGE_SIZE-1),7,4,11
ip->i_itemp != NULL,7,4,11
"fd, 0",11,0,11
partid < 0 || partid >= xp_max_npartitions,8,3,11
rbd_image_format_valid(rbd_dev->image_format),8,3,11
len > MAX_FILTER_STR_VAL,7,4,11
"hdw,0",7,4,11
status,7,4,11
!arg,10,1,11
fm_pos <= ubi->fm_size,10,1,11
xm & SP_HIDDEN_BIT,11,0,11
xm & DP_HIDDEN_BIT,11,0,11
!(MODULES_VADDR > __START_KERNEL),6,5,11
!r,9,2,11
rqset->set_interpret == NULL,7,4,11
queue_index != TXCMD_QUEUE,6,5,11
shift > MAX_PGTABLE_INDEX_SIZE,8,3,11
skb_queue_empty(&call->rx_queue),6,5,11
(GFP_ZONE_BAD >> bit) & 1,6,5,11
"FIELD_SIZEOF(struct net_device, ifindex) != 4",8,3,11
r,8,3,11
imap->br_startblock != DELAYSTARTBLOCK,7,4,11
!anon_vma,7,4,11
IFNAMSIZ > 4 * sizeof(unsigned long),6,5,11
list_empty(hash_list),6,5,11
mutex_is_locked(&mp->m_quotainfo->qi_dqlist_lock),5,5,10
"plugin != NULL && src_channels != NULL && dst_channels != NULL, return -ENXIO",5,5,10
arch == CPU_ARCH_UNKNOWN,6,4,10
tx_queue->write_count == tx_queue->insert_count,5,5,10
rx->rx_nob >= 0,6,4,10
di->addrext,5,5,10
!dev || dev->users == 0,6,4,10
"mix, return",5,5,10
!in_irq(),6,4,10
!ring->tx,5,5,10
ifp->if_broot != NULL,6,4,10
netDevice,5,5,10
phy,6,4,10
rate % CLOCK_TICK_RATE,5,5,10
!xfs_lic_are_all_free(licp),5,5,10
SupRateLen <= MAX_LEN_OF_SUPPORTED_RATES,5,5,10
"self->magic == TTP_TSAP_MAGIC, return;",10,0,10
! XFS_DQ_IS_DIRTY(dqp),5,5,10
(long) addr >= 0,6,4,10
"dev != NULL, return 0;",5,5,10
oinfo,6,4,10
(pTxBlk->TxPacketList.Number == 2),5,5,10
!bio->bi_size,5,5,10
"""wrong number of entries"", evlist->nr_entries > 1",6,4,10
&ifibss->mtx,5,5,10
obj->pampd_count > 0,5,5,10
caps_total_count != caps_use_count + caps_reserve_count + caps_avail_count,5,5,10
!v4l2_dev,6,4,10
XFS_DQ_IS_LOCKED(udq),5,5,10
start_zero_fsb <= (end_zero_fsb + 1),6,4,10
&lo->inode->i_lock,5,5,10
dt->do_index_ops,5,5,10
!VALID_PAGE(root),5,5,10
!(bip->bli_flags & XFS_BLI_LOGGED),6,4,10
async_tx_test_ack(depend_tx),5,5,10
error == ENOSPC || XFS_FORCED_SHUTDOWN(mp),5,5,10
rs->rs_difficult,6,4,10
rxb && rxb->page,6,4,10
bma->idx >= 0,6,4,10
offset + len > desc->config_len,6,4,10
cachenum > PGF_CACHENUM_MASK,5,5,10
"plugin != NULL, return -ENXIO",5,5,10
bip->bli_format.blf_flags & XFS_BLI_CANCEL,5,5,10
bp->b_flags & XBF_DELWRI,5,5,10
id == 0,6,4,10
atomic_read(&pool->obj_count) < 0,5,5,10
!buffer->free,6,4,10
slot != NULL,5,5,10
sizeof(*aa) <= sizeof(req->rq_async_args),9,1,10
addr_width < BITS_PER_LONG && start_pfn >> addr_width,5,5,10
nextents <= XFS_LINEAR_EXTS,6,4,10
&rdev->sched_scan_mtx,5,5,10
sizeof(struct user_i387_struct) != sizeof(tsk->thread.i387.fxsave),5,5,10
end & (HPAGE_SIZE - 1),5,5,10
"bad_range(zone, page)",5,5,10
!sfw_data.fw_shuttingdown,7,3,10
" offsetof(struct ieee80211_tx_info, status.ampdu_ack_len) != 23",5,5,10
host->dma_ch < 0,5,5,10
obj->objnode_tree_root != NULL,5,5,10
&lo->plh_inode->i_lock,5,5,10
tx->tx_nwrq > 0,6,4,10
!PageHead(page_head),5,5,10
dp->i_d.di_size >= XFS_DIR2_SF_HDR_SIZE(sfp->hdr.i8count),5,5,10
!twd_base,5,5,10
codec->driver->volatile_register,5,5,10
((objnew != obj) && (objfound != obj)) || (objnew == objfound),5,5,10
!req->r_trail,5,5,10
lock->magic != SPINLOCK_MAGIC,5,5,10
_skb,5,5,10
net->ibn_shutdown == 0,6,4,10
loghandle,5,5,10
"client != NULL, return -ENXIO",5,5,10
bno != NULLFSBLOCK,7,3,10
kctx->kc_keye.kb_tfm,5,5,10
PREV.br_startoff <= new->br_startoff,6,4,10
regs != task_pt_regs(current),6,4,10
dp->i_d.di_size >= xfs_dir2_sf_hdr_size(sfp->hdr.i8count),5,5,10
sdret != BCME_PENDING,5,5,10
!ttm_bo_is_reserved(bo),5,5,10
!priv,8,2,10
pampd_del != pampd,5,5,10
refs < 0,6,4,10
msg == NULL,5,5,10
ARRAY_SIZE(core_process_speedos) != THRESHOLD_INDEX_COUNT,5,5,10
&nf_conntrack_lock,5,5,10
retval < 0,6,4,10
"""wrong config1"", 0 == evsel->attr.config1",6,4,10
"walk_page_buffers(NULL, page_buffers(page), 0, len, NULL, ext4_bh_unmapped_or_delay)",5,5,10
"""wrong number of entries"", 3 == evlist->nr_entries",7,3,10
tx->tx_nwrq == 0,6,4,10
d->do_body_ops,5,5,10
TASK_SIZE & ~PGDIR_MASK,5,5,10
valuelen == 0,6,4,10
del.br_state == XFS_EXT_NORM,6,4,10
hdev->ibh_mrs[0] != NULL,6,4,10
nob <= conn->ksnc_rx_nob_wanted,6,4,10
&wb->list_lock,7,3,10
intmask == 0,8,2,10
"XFS_IFORK_FORMAT(ip, whichfork) == XFS_DINODE_FMT_BTREE",6,4,10
"objnode->obj, OBJ",5,5,10
(s64) (s32) disp != disp,5,5,10
!(*spte & PT_PRESENT_MASK),5,5,10
sor->rst,8,2,10
in_own_cluster(c_ptr->addr),5,5,10
!mm || !q || !mqd,7,3,10
(0 <= pBAEntry->list.qlen) && (pBAEntry->list.qlen <= pBAEntry->BAWinSize),5,5,10
bcm43xx_status(bcm) == BCM43xx_STAT_INITIALIZED,5,5,10
list_empty(&peer->ibp_tx_queue),6,4,10
"!PageHead(page), page",9,1,10
VALID_PAGE(root),5,5,10
"tmr, return -EINVAL",5,5,10
"ahd, ~(AHD_MODE_UNKNOWN_MSK|AHD_MODE_CFG_MSK), ~(AHD_MODE_UNKNOWN_MSK|AHD_MODE_CFG_MSK)",8,2,10
lo->magic != LO_MAGIC,5,5,10
nimaps > 0,6,4,10
!isa_page_pool,6,4,10
obj->pampd_count < 0,5,5,10
mdev->net_conf->wire_protocol == DRBD_PROT_C,5,5,10
blk->bp != NULL,6,4,10
!local->ops->ampdu_action,5,5,10
(start & GT_PCI_HD_MSK) != (map & GT_PCI_HD_MSK) && mask != ~((mask & -mask) - 1),6,4,10
start & (HPAGE_SIZE - 1),5,5,10
obj_priv->active,5,5,10
!mask->ref_count,6,4,10
lpar_rc != H_SUCCESS,8,2,10
bh,6,4,10
cinfo->regbase != NULL,6,4,10
vif,5,5,10
el->l_tree_depth,5,5,10
"FIELD_SIZEOF(struct sk_buff, vlan_tci) != 2",7,3,10
"pool, POOL",5,5,10
FR_AA_TX_DESC_UPD_KER != FR_BZ_TX_DESC_UPD_P0,6,4,10
"!test_bit(BIO_UPTODATE, &bio->bi_flags)",5,5,10
completion_done(&ip->i_flush),5,5,10
&trans_pcie->irq_lock,5,5,10
stack_glue_lproto == NULL,5,5,10
i == -1,7,3,10
VN_CACHED(vp) == 0,5,5,10
(risc->jmp - risc->cpu + 2) / 4 > risc->size,5,5,10
r != r2,5,5,10
frame->used == 0xffffffff,5,5,10
objnode->obj == NULL,5,5,10
!efi.systab,6,4,10
vdev->vpaths[i].is_open,5,5,10
__rq->sector + __rq->nr_sectors != bio->bi_sector,5,5,10
"ifp->if_bytes <= XFS_IFORK_SIZE(ip, whichfork)",6,4,10
num_refs == 0,6,4,10
!context,7,3,10
busiest == this_rq,5,5,10
!XFS_LIC_ARE_ALL_FREE(licp),5,5,10
i < niov,6,4,10
t->buffer->async_transaction != 0,6,4,10
PageAnon(page),5,5,10
BssIndex < 4,5,5,10
mr != NULL,6,4,10
ref == -ENOSPC,6,4,10
objnode->slots[i] != NULL,5,5,10
sec,6,4,10
(b >> 32) == 0 || isnulldstartblock(b),6,4,10
vol->ref_count > 0,5,5,10
offset >= PAGE_SIZE,7,3,10
m,5,5,10
bma->cur == NULL,6,4,10
offset < 0,6,4,10
pnum >= 0 && pnum < ubi->peb_count,10,0,10
path->slots[0] == 0,5,5,10
!is_power_of_2(count),5,5,10
src != NULL,5,5,10
!list_empty(&task->list),5,5,10
true,6,4,10
GOODREGS(sii->regs[coreidx]),5,5,10
dp->i_df.if_bytes == 0,6,4,10
peer->ibp_accepting == 0,6,4,10
fimc->vid_cap.vfd == NULL,4,6,10
dqp->q_hash,5,5,10
!fbdefio,6,4,10
!list_empty(&dev_priv->mm.flushing_list),5,5,10
PREV.br_startoff + PREV.br_blockcount >= new_endoff,6,4,10
&sta->lock,6,4,10
!alg->cra_module,5,5,10
offset <= mp->m_maxioffset,5,5,10
conn->ibc_state == IBLND_CONN_ACTIVE_CONNECT,6,4,10
be32_to_cpu(agi->agi_magicnum) == XFS_AGI_MAGIC,5,5,10
pAd->BATable.BAOriEntry[i].Wcid < MAX_LEN_OF_MAC_TABLE,5,5,10
trans != NULL,7,3,10
urb_entry,5,5,10
KeyIdx < 4,5,5,10
irq == -1U,5,5,10
!sg->page,5,5,10
rq1 != rq2,6,4,10
pcieregs != NULL,5,5,10
rel->type != VMI_RELOCATION_CALL_REL,5,5,10
tx->tx_waiting || tx->tx_sending != 0,6,4,10
(long)obj->objnode_count != 0,5,5,10
"clocksource_register_hz(&sirfsoc_clocksource, CLOCK_TICK_RATE)",5,5,10
!mask,6,4,10
bma->idx <= ifp->if_bytes / sizeof(struct xfs_bmbt_rec),6,4,10
(pBAEntry->list.qlen == 0) && (pBAEntry->list.next == NULL),5,5,10
n > 0,6,4,10
clk->enable_bit < 0 || clk->enable_bit > 63,6,4,10
!is_power_of_2(slots_num),5,5,10
dtlck->index == 0,10,0,10
(signed short)ref < 0,6,4,10
ym & SP_HIDDEN_BIT,10,0,10
offset >= 0,7,3,10
codec->volatile_register,5,5,10
in_irq(),6,4,10
!rwsem_is_locked(&ip->i_iolock.mr_lock),6,4,10
port != NULL,5,5,10
NULL == dev->fmt,5,5,10
page != pgd_list,5,5,10
&sdata->u.mgd.mtx,5,5,10
atomic_read(&ip->i_iocount) == 0,5,5,10
"objnode, OBJNODE",5,5,10
"port != NULL && chan != NULL, return",5,5,10
"sbi, 1",8,2,10
func != NULL,5,5,10
"FIELD_SIZEOF(struct sk_buff, queue_mapping) != 2",7,3,10
&bo->resv->lock.base,9,1,10
&ctx->mutex,7,3,10
!priv->maps,6,4,10
depend_tx->ack,5,5,10
list_empty(&dev->msi_list),5,5,10
peer->ibp_connecting == 0,6,4,10
"ismrlocked(&ip->i_iolock, MR_UPDATE)",5,5,10
"!pktq_pempty(q, eprec)",5,5,10
ym & DP_HIDDEN_BIT,10,0,10
sdret != -BCME_PENDING,5,5,10
!spin_is_locked(&list_lock),5,5,10
" descp->next_desc_addr, 0 ",5,5,10
obj,5,5,10
data->num_attributes >= data->max_attributes,5,5,10
!list_empty(list),6,4,10
grctx->src_reqbsd,5,5,10
"sdp, sdp->sd_log_blks_free <= sdp->sd_jdesc->jd_blocks",5,5,10
!entry,6,4,10
list_empty(&dqp->q_mplist),5,5,10
" (x & ~HCF_TX_CNTL_MASK ) == 0, tx_cntl ",5,5,10
rate < CLOCK_TICK_RATE,5,5,10
dev_p,5,5,10
!timer,6,4,10
!tx->tx_waiting,6,4,10
res == nv * sizeof(__u64),5,5,10
&css_set_lock,10,0,10
(ret < 0) || (ret != n),5,5,10
(Length == 0) || (pDest && pSrc),5,5,10
pAd->SharedKey[BSS0][0].CipherAlg <= CIPHER_CKIP128,5,5,10
vp,5,5,10
tx->tx_sending == 0,6,4,10
&ip_conntrack_lock,5,5,10
!mux,5,5,10
!atomic_read(&bo->reserved),5,5,10
page_count(page),6,4,10
ExtRateLen <= MAX_LEN_OF_SUPPORTED_RATES,5,5,10
sfw_test_active(tsi),6,3,9
!b->written,6,3,9
!srpc_event_pending(rpc),6,3,9
&lockres->l_lock,9,0,9
expr,6,3,9
!sdev,7,2,9
sizeof(payload) != 16,6,3,9
cur->bc_flags & XFS_BTREE_ROOT_IN_INODE,6,3,9
!(ch->flags & XPC_C_CLOSEREQUEST),6,3,9
reqp != NULL,5,4,9
name,6,3,9
"FIELD_SIZEOF(struct sk_buff, hash) != 4",7,2,9
start > end,6,3,9
fsbno != NULLFSBLOCK,6,3,9
(lock_flags & (XFS_IOLOCK_SHARED | XFS_IOLOCK_EXCL)) != (XFS_IOLOCK_SHARED | XFS_IOLOCK_EXCL),6,3,9
ahd,8,1,9
n == NULL,5,4,9
indlen > 0,5,4,9
!PageSwapBacked(page),5,4,9
agbno != NULLAGBLOCK,5,4,9
path != NULL,5,4,9
bo->mem.mem_type != VMW_PL_MOB,9,0,9
hdr->magic == cpu_to_be32(XFS_DIR2_DATA_MAGIC) || hdr->magic == cpu_to_be32(XFS_DIR3_DATA_MAGIC),6,3,9
cpu_num != cpu,5,4,9
(lock_flags & (XFS_ILOCK_SHARED | XFS_ILOCK_EXCL)) != (XFS_ILOCK_SHARED | XFS_ILOCK_EXCL),6,3,9
"valid && !sc, ""valid %u sc %p\n"", valid, sc",5,4,9
args->len >= args->minlen,6,3,9
*idx <= ifp->if_bytes / sizeof(struct xfs_bmbt_rec),5,4,9
limit & (limit - 1),5,4,9
ARRAY_SIZE(stats->br) != ARRAY_SIZE(binder_return_strings),5,4,9
rc != -EBUSY,6,3,9
BMI_COMMAND_FITS(sizeof(cid) + sizeof(address)),3,6,9
(ratemode < 0) || (ratemode >= BITRATE_TABLE_SIZE),5,4,9
dev->ifindex != 0,5,4,9
size > PAGE_SIZE,7,2,9
list_empty(&peer->ksnp_routes),6,3,9
tx->tx_pool != NULL,5,4,9
ARRAY_SIZE(stats->obj_created) != ARRAY_SIZE(stats->obj_deleted),5,4,9
list_empty(&rpc->crpc_list),6,3,9
"""wrong type"", PERF_TYPE_SOFTWARE == evsel->attr.type",6,3,9
div != NULL,5,4,9
!state || !ldb,6,3,9
&sta->ampdu_mlme.mtx,7,2,9
ctx->ctxprog_len == ctx->ctxprog_max,5,4,9
nmk_chip->bank >= ARRAY_SIZE(nmk_gpio_chips),5,4,9
parent,5,4,9
!msg->msg_sending,7,2,9
cfg,5,4,9
"sdp, atomic_read(&sdp->sd_log_blks_free) <= sdp->sd_jdesc->jd_blocks",6,3,9
ARRAY_SIZE(stats->obj_created) != ARRAY_SIZE(binder_objstat_strings),5,4,9
leafhdr.magic == XFS_DIR2_LEAFN_MAGIC || leafhdr.magic == XFS_DIR3_LEAFN_MAGIC,6,3,9
!rcu_read_lock_held(),5,4,9
lsm,6,3,9
!route->ksnr_connecting,6,3,9
__mcpm_cluster_state(cluster) != CLUSTER_UP,5,4,9
dsi->rst,7,2,9
"self->magic == LMP_LAP_MAGIC, return;",9,0,9
vmpage != NULL,9,0,9
"size > 0, return NULL",4,5,9
!list_empty(&hc->hc_item),5,4,9
pReqPriv != NULL,3,6,9
crpc->crp_stamp != 0,6,3,9
timer_pending(&sc->sc_idle_timeout),5,4,9
flags & FOLL_GET,5,4,9
IS_ERR(t),6,3,9
"self->magic == LMP_LSAP_MAGIC, return -1;",9,0,9
!PageCompound(page),6,3,9
!msg,6,3,9
args->mod < args->prod,6,3,9
iommu_page - iommu_start != pages,5,4,9
sizeof(cfg.b) >= sizeof(ctx->x),6,3,9
leaf->hdr.info.magic == cpu_to_be16(XFS_DIR2_LEAF1_MAGIC) || leaf->hdr.info.magic == cpu_to_be16(XFS_DIR3_LEAF1_MAGIC) || leaf->hdr.info.magic == cpu_to_be16(XFS_DIR2_LEAFN_MAGIC) || leaf->hdr.info.magic == cpu_to_be16(XFS_DIR3_LEAFN_MAGIC),6,3,9
pool >= IBMVETH_NUM_BUFF_POOLS,6,3,9
bytes < (sizeof(cluster->cl_nodes_bitmap)),5,4,9
m->offset == val.len,6,3,9
ARRAY_SIZE(stats->bc) != ARRAY_SIZE(binder_command_strings),5,4,9
!msg->msg_routing,7,2,9
dir == 1 || dir == -1,6,3,9
"dev_priv, intel_crtc->pipe",5,4,9
ev->type == LNET_EVENT_PUT || ev->type == LNET_EVENT_UNLINK,6,3,9
ent->fields.trig_mode == IOAPIC_LEVEL_TRIG,5,4,9
!(flags & XFS_ALLOC_FLAG_FREEING),6,3,9
"setup_irq(sirfsoc_timer_irq.irq, &sirfsoc_timer_irq)",5,4,9
!sums,5,4,9
ent == NULL,5,4,9
!pd->rx_ring,6,3,9
s->length == 0,5,4,9
!hole_node->hole_follows,5,4,9
q->type != C2_MQ_ADAPTER_TARGET,6,3,9
blk->magic == XFS_DIR2_LEAFN_MAGIC,6,3,9
dwmac->stmmac_rst,6,3,9
"rcu_is_watching(), ""entry code didn't wake RCU""",9,0,9
"!ret, lock, ""trylock failure on UP""",6,3,9
"""wrong config"", !term->config",6,3,9
list_empty(&dqp->q_freelist),4,5,9
ret_data != NULL && nmh->nh_post_func == NULL,5,4,9
"rcdev, id",9,0,9
master_help,5,4,9
bi == NULL,5,4,9
"self->magic == IRCOMM_MAGIC, return;",9,0,9
lnum >= c->lpt_first && lnum <= c->lpt_last,9,0,9
!wiphy,6,3,9
ret > 0,7,2,9
!NInoNonResident(ni),8,1,9
!q->ops->buf_queue,5,4,9
nn == NULL,5,4,9
!local_node,5,4,9
set == NULL || atomic_read(&set->ref) == 0,3,6,9
"GFS2_SB(&ip->i_inode), !error",5,4,9
args->index < ichdr.count,6,3,9
"jh, jbd_is_locked_bh_state(bh)",6,3,9
bk != NULL,6,3,9
LNET_MAX_INTERFACES > 1,5,4,9
!list_empty(&req->queue),6,3,9
sk->sk_user_data != NULL,5,4,9
page_mapped(page),6,3,9
sock == NULL,5,4,9
device == NULL,5,4,9
dep->namelen != 0,5,4,9
!state,6,3,9
&ctx->ctx_lock,5,4,9
sc && nn->nn_sc && nn->nn_sc != sc,5,4,9
length != 0,5,4,9
rpc != NULL,6,3,9
slot < 0,6,3,9
"err && valid, ""err %d valid %u\n"", err, valid",5,4,9
&ioc->sas_device_lock,6,3,9
index >= adapter->rx_buff_pool[pool].size,6,3,9
!list_empty(&sh->lru),5,4,9
!prealloc,8,1,9
(sizeof(((struct usbnet *)0)->data) < sizeof(struct cdc_state)),5,4,9
failed_wr != &first->s_wr,5,4,9
udqp,5,4,9
!set,7,2,9
fdt->fd[fd] != NULL,5,4,9
ant->rx == ANTENNA_SW_DIVERSITY || ant->tx == ANTENNA_SW_DIVERSITY,7,2,9
nrecs > 0,5,4,9
ep,5,4,9
lnet_tbnob == 0,6,3,9
!pd->tx_ring,6,3,9
"""wrong bp_type"", (HW_BREAKPOINT_R | HW_BREAKPOINT_W) == evsel->attr.bp_type",6,3,9
!pagelist,7,2,9
(ifp->if_flags & (XFS_IFINLINE|XFS_IFEXTENTS|XFS_IFEXTIREC)) == XFS_IFINLINE,5,4,9
!dws->dma_dev || dws->dma_dev != dw->dma.dev,4,5,9
pHcidevInfo != NULL,3,6,9
thread_info_cache == NULL,5,4,9
(len == 0) || (idx + len > sizeof(buf)),5,4,9
(adapter->flags & (USING_MSIX|USING_MSI)) == 0,6,3,9
free->hdr.magic == cpu_to_be32(XFS_DIR2_FREE_MAGIC) || free->hdr.magic == cpu_to_be32(XFS_DIR3_FREE_MAGIC),6,3,9
!PageBuddy(page),5,4,9
sizeof(d11txh_t) == D11_TXH_LEN,4,4,8
sizeof(union afs_dirent) != 32,5,3,8
&journal->j_state_lock,4,4,8
!icd->parent,4,4,8
blksize != 0,4,4,8
pRxWI->WirelessCliID == BSSID_WCID,4,4,8
minlen != 0,5,3,8
sizeof(psa_t) != PSA_SIZE,4,4,8
"INT_GET(map->base, ARCH_CONVERT) < XFS_LBSIZE(mp)",4,4,8
ndev,4,4,8
ret != size,4,4,8
dabuf->data && dabuf->bbcount && dabuf->bp,4,4,8
regoff < SI_CORE_SIZE,4,4,8
blkno + nblocks <= mapsize,4,4,8
!io,4,4,8
extent_type == BTRFS_FILE_EXTENT_INLINE,4,4,8
" p->BUF_CNT >= 14, p->BUF_CNT ",4,4,8
!pampd_is_remote(obj->extra),4,4,8
sizeof(mmw_t) != MMW_SIZE,4,4,8
!t->converted,5,3,8
cplen <= ASC_PRTBUF_SIZE,4,4,8
WSEC_MAX_RCMTA_KEYS <= WSEC_MAX_KEYS,4,4,8
bp2 != NULL,4,4,8
!bc,4,4,8
flnode == NULL,4,4,8
pDesc->pRDInfo,4,4,8
!rt,4,4,8
p->next == qi,4,4,8
"offsetof(struct timeval, tv_usec) != offsetof(struct timespec, tv_nsec) || sizeof(*tv) != sizeof(struct timespec)",4,4,8
cpu != smp_processor_id(),5,3,8
pktq_empty(&qi->q),4,4,8
zcache_objnode_count < 0,4,4,8
(WPA_CAP_16_REPLAY_CNTRS == WLC_REPLAY_CNTRS_VALUE && 16 == WLC_NUMRXIVS) || (WPA_CAP_4_REPLAY_CNTRS == WLC_REPLAY_CNTRS_VALUE && 4 == WLC_NUMRXIVS),4,4,8
ch->flags & XPC_C_CONNECTED,5,3,8
blk_addr == NEW_ADDR,4,4,8
"s != NULL, return -ENXIO",4,4,8
mp == NULL,4,4,8
i < MAX_205x_RCAL_WAITLOOPS,4,4,8
bcm->current_80211_core_idx < BCM43xx_MAX_80211_CORES,4,4,8
ctx->bank1_phys & ((1 << MFC_BANK1_ALIGN_ORDER) - 1),4,4,8
!ss->use_id,4,4,8
"test_flag(block, BLOCK_FREE)",4,4,8
!pc->mem_cgroup,4,4,8
!IS_MCS(rspec[k]),4,4,8
msg.delete_rsp->status == BFA_STATUS_OK,4,4,8
pData,4,4,8
(BbpValue == 0x04),4,4,8
bip->__bli_format.blf_flags & XFS_BLF_CANCEL,8,0,8
!head,5,3,8
"freecount == INT_GET(agi->agi_freecount, ARCH_CONVERT) || XFS_FORCED_SHUTDOWN(mp)",4,4,8
i_fn != NULL || w_fn != NULL || d_fn != NULL,4,4,8
"false, ""cmdtable cannot be NULL\n""",5,3,8
irq >= vrc5477_irq_base,4,4,8
sizeof(union afs_dir_block) != 2048,5,3,8
wlc->band->gmode,4,4,8
buffer->flags,5,3,8
freecount == be32_to_cpu(agi->agi_freecount) || XFS_FORCED_SHUTDOWN(mp),4,4,8
pfob->mcc == NULL,4,4,8
datalen < 0 || datalen > PAGE_SIZE,4,4,8
a->replacementlen > a->instrlen,4,4,8
sizeof(d11regs_t) == SI_CORE_SIZE,4,4,8
hooknum == NF_IP_POST_ROUTING,4,4,8
payload_nob == 0 || payload_niov > 0,5,3,8
"!(R_REG(osh, &cc->clk_ctl_st) & CCS_HTAVAIL)",4,4,8
(gm & BOARD_GPIO_12) == 0,4,4,8
(_Hdr)->State != SXG_BUFFER_FREE,4,4,8
"rgd->rd_sbd, byte < end",4,4,8
!l3,4,4,8
ppOutPacket,4,4,8
DataLen,4,4,8
!type,6,2,8
msg,6,2,8
root->number_of_cgroups != 1,4,4,8
lsm != NULL,7,1,8
rq->cmd_flags & REQ_ON_PLUG,4,4,8
"0 && ""No software probe response support without MBSS""",4,4,8
sci_phy == NULL,4,4,8
sel->p < 1 || sel->p > 2,4,4,8
atomic_read(&zcache_curr_obj_count) < 0,4,4,8
"""failed to get fd"", fd > 0",7,1,8
"sdp, qd->qd_slot_count",5,3,8
scsiq != NULL,4,4,8
page_address(sg_page(sg)) == NULL,4,4,8
!fmt,6,2,8
sizeof(struct ethhdr) == ETH_HLEN,4,4,8
"tag_get(node, 0, offset)",4,4,8
!tfm,4,4,8
"wlc_bmac_taclear(wlc->hw, ta_ok) || !ta_ok",4,4,8
pSize_p != NULL,4,4,8
pAd->FragFrame.LastFrag == 0,4,4,8
!is_ephemeral(pool),4,4,8
node >= nr_node_ids,4,4,8
&fp->fi_lock,8,0,8
ascq->q_cur_cnt[tid] >= 0,4,4,8
"zh0, ZBH",4,4,8
reg_size != 4,5,3,8
first <= last,4,4,8
"p != NULL, return -ENXIO",4,4,8
"cardnum >= 0 && cardnum < SNDRV_CARDS, return -ENXIO",4,4,8
"substream->rmidi->private_data != NULL, return -EIO",4,4,8
size == 4,4,4,8
dev->me_clients[i].client_id != file_ext->me_client_id,4,4,8
!ref,4,4,8
list_empty(bf_head),4,4,8
cqe,4,4,8
sizeof(cck_phy_hdr_t) == D11_PHY_HDR_LEN,4,4,8
WLC_STBC_CAP_PHY(wlc),4,4,8
PageHighMem(pg),5,3,8
&sdata->u.ibss.mtx,4,4,8
dhd->sysioc_tsk,4,4,8
btype != BT_NONE,4,4,8
 idx < MIXART_PLAYBACK_STREAMS ,4,4,8
spin_is_locked(&imp->imp_lock),4,4,8
(TxPower >= -7),4,4,8
(bw == PHY_TXC1_BW_20MHZ) || (bw == PHY_TXC1_BW_20MHZ_UP),4,4,8
cpu != 0,7,1,8
(txrate[k]->idx >= 0) && (txrate[k]->idx < hw->wiphy->bands[tx_info->band]-> n_bitrates),4,4,8
mem,4,4,8
slot == -1,5,3,8
((u32) pageaddr & 0xFFFFF000) == (u32) pageaddr,4,4,8
sizeof(mmr_t) != MMR_SIZE,4,4,8
pTxBlk->MpduHeaderLen >= 24,4,4,8
"(const char *)""Bad phy_rate"" == NULL",4,4,8
&ulp->lock,5,3,8
buffer->state != BUF_STATE_LOCKED && buffer->state != BUF_STATE_PROCESSED,4,4,8
" ltvp, 0 ",4,4,8
atomic_read(&ioc->refcount) == 0,4,4,8
sizeof(struct iwl_eeprom_enhanced_txpwr) != 8,5,3,8
!pmd_none(*pm) && !(pte_present(*pt) && pte_huge(*pt)),4,4,8
(adapter->devid == SLIC_1GB_DEVICE_ID) || (adapter->devid == SLIC_2GB_DEVICE_ID),4,4,8
!list_empty(&msg->data),4,4,8
mdb > EXT4_I(inode)->i_reserved_meta_blocks,4,4,8
be32_to_cpu(agi->agi_freecount) > 0,4,4,8
sizeof *src == sizeof fid_seq(src) + sizeof fid_oid(src) + sizeof fid_ver(src),4,4,8
payload_niov <= LNET_MAX_IOV,5,3,8
pHeader802_3,4,4,8
mpdu_blk,4,4,8
MC_CMD_REBOOT_OUT_LEN != 0,5,3,8
pSrcBuf,4,4,8
(fix_size > TFD_MAX_PAYLOAD_SIZE) && !(cmd->meta.flags & CMD_SIZE_HUGE),4,4,8
xprt->xpt_pool != pool,4,4,8
"offsetof(wl_scan_params_t, channel_list) == WL_SCAN_PARAMS_FIXED_SIZE",4,4,8
"wlc_bmac_taclear(wlc->hw, true)",4,4,8
nid >= MAX_NUMNODES || !node_data[nid],4,4,8
rng_mem != NULL,4,4,8
!page_count(page),4,4,8
!bdev || !ldb,4,4,8
xpc_heartbeating_to_mask == NULL,4,4,8
" ((hcf_32)bufp & (HCF_ALIGN-1) ) == 0, (hcf_32)bufp ",4,4,8
!el->l_next_free_rec,4,4,8
!atomic_read(&bo->tbo.reserved),4,4,8
munmap_ret == 0,4,4,8
&trans->shrd->sta_lock,4,4,8
RSPEC_STF(rspec) == PHY_TXC1_MODE_SDM,4,4,8
rx_buf->skb,4,4,8
!IS_MCS(rspec[1]) || ((preamble_type[1] == WLC_MM_PREAMBLE) == (txh->MModeFbrLen != 0)),4,4,8
"ENOSYS, errno",8,0,8
et->type != OCFS2_DINODE_EXTENT,4,4,8
&sysfs_mutex,4,4,8
s1 != 0xffffffff,4,4,8
lpar_rc == H_SUCCESS,4,4,8
!info->hdev,4,4,8
maxlen != 0,5,3,8
!iolen,4,4,8
dw_key_len < DCD_MAXPATHLENGTH,4,4,8
avp,4,4,8
aio_nr - nr_events > aio_nr,4,4,8
be16_to_cpu(entry->nameidx) >= be16_to_cpu(hdr->firstused),4,4,8
handle != NULL,5,3,8
mm == &init_mm,5,3,8
!new.frozen,5,3,8
be16_to_cpu(map->size) < XFS_LBSIZE(mp),4,4,8
!PMEM_IS_PAGE_ALIGNED(len),4,4,8
khugepaged_thread != current,4,4,8
page_address(sg->page) == NULL,4,4,8
result == -1 || result >= 16,5,3,8
is_empty_shadow_page(sp->spt),4,4,8
err != NOTIFY_OK,4,4,8
!(bip->__bli_format.blf_flags & XFS_BLF_CANCEL),8,0,8
"FIELD_SIZEOF(struct sk_buff, rxhash) != 4",4,4,8
IS_MCS(rspec),4,4,8
eph,4,4,8
"test_bit(PTLRPC_CTX_CACHED_BIT, &ctx->cc_flags) == 0",4,4,8
blkno > 0 && blkno < mapsize,4,4,8
(hash_size & (hash_size-1)) == 0,4,4,8
"tag_get(node, 1, offset)",4,4,8
WSEC_MAX_DEFAULT_KEYS == WLC_DEFAULT_KEYS,4,4,8
"!cpu_isset(cpu, rq->rd->span)",4,4,8
ioim->iotag == iotag,4,4,8
dqp->q_mount == NULL,4,4,8
DataSize < 1530,4,4,8
!IS_MCS(rspec[0]) || WLC_IS_MIMO_PREAMBLE(preamble_type[k]),4,4,8
pInPacket,4,4,8
mutex_is_locked(&c->lp_mutex),7,1,8
ascq->q_last[tid] == reqp,4,4,8
!c->ops->reset,4,4,8
(reg_value & reg_bitmask) != 0,4,4,8
wlc->bcn_wait_prd > 0,4,4,8
part->remote_vars_part_pa != L1_CACHE_ALIGN(part->remote_vars_part_pa),4,4,8
(wlc->pub->wlfeatureflag & WL_SWFL_NOHWRADIO) != WL_SWFL_NOHWRADIO,4,4,8
!timer->function,5,3,8
!zcache_comp_pcpu_tfms,4,4,8
"!IS_ALIGNED(bytes, PAGE_SIZE)",4,4,8
obj_priv->pin_count != 0,4,4,8
bandunit != wlc->band->bandunit || wlc->bandinit_pending,4,4,8
ni->type != AT_DATA,7,1,8
dai > 1,4,4,8
obj_request_img_data_test(obj_request),8,0,8
ip->i_df.if_bytes == 0,5,3,8
pTxBlk->TxPacketList.Number,4,4,8
retval != sizeof(ev),4,4,8
(preamble_type[0] == WLC_GF_PREAMBLE) || !IS_MCS(rspec[0]),4,4,8
los,4,4,8
(preamble_type[1] == WLC_GF_PREAMBLE) || (!IS_MCS(rspec[1])),4,4,8
inode->i_blocks < count,4,4,8
ctxt->loc_exp,4,4,8
issemalocked(&(ip->i_flock)),4,4,8
pProbeEntry != NULL,4,4,8
(mcl & TXC_AMPDU_MASK) != TXC_AMPDU_NONE,4,4,8
!tbl,5,3,8
pAd->BATable.numAsOriginator != 0,4,4,8
"offsetof(struct cfsrvl, layer) == 0",7,1,8
pRaCfg != NULL,4,4,8
!sgtable_ok(sgt),4,4,8
scsi_dh_data == NULL,4,4,8
ioim->iosp->abort_explicit == BFA_TRUE,4,4,8
atomic_read(&zcache_curr_objnode_count) < 0,4,4,8
!sgt,4,4,8
(u64)dst != L1_CACHE_ALIGN((u64)dst),4,4,8
!sg[i].page,4,4,8
XFS_DQ_IS_HASH_LOCKED(qh),4,4,8
ss == NULL,4,4,8
pDstData_p != NULL,4,4,8
IS_OFDM(rspec),4,4,8
 gpiochip_add(&port[i].chip) < 0 ,4,4,8
txrate[0]->idx >= 0,4,4,8
m < c->out_queue.phys || m >= c->out_queue.phys + c->out_queue.len,4,4,8
offset > 0x7fff,4,4,8
len > dev->urbs.size,5,3,8
be16_to_cpu(leaf->hdr.info.magic) == XFS_DIR2_LEAF1_MAGIC,4,4,8
be16_to_cpu(map->base) < XFS_LBSIZE(mp),4,4,8
urb_priv != NULL,4,4,8
!(wi_range <= tcb->q_depth),4,4,8
"0 == (R_REG(pi->sh->osh, &pi->regs->maccontrol) & MCTL_EN_MAC)",4,4,8
bfa != NULL,4,4,8
!(Event->CommandIndex & 0xFF00),4,4,8
pAd->FragFrame.pFragPacket,4,4,8
value,4,4,8
"INT_GET(entry->nameidx, ARCH_CONVERT) < XFS_LBSIZE(mp)",4,4,8
out_len != PAGE_SIZE,4,4,8
!src_pte || pte_none(*src_pte),4,4,8
tsd->clk,4,4,8
be16_to_cpu(entry->nameidx) < XFS_LBSIZE(mp),4,4,8
lwpname != NULL,4,4,8
node_start_pfn[nid] > node_end_pfn[nid],4,4,8
leaf->hdr.info.magic == cpu_to_be16(XFS_DIR2_LEAF1_MAGIC),4,4,8
&inode_wb_list_lock,4,4,8
!(tx_info->flags & IEEE80211_TX_CTL_AMPDU),4,4,8
"chip != NULL && chip->pcm != NULL, return -EINVAL",4,4,8
niov <= LNET_MAX_IOV,5,3,8
ke,4,4,8
*nmap <= XFS_BMAP_MAX_NMAP,5,3,8
pNULLContext-> IRPPending,4,4,8
index < LLOG_BITMAP_SIZE(llh),4,4,8
zcache_obj_count < 0,4,4,8
frag_size_bytes,4,4,8
"dma->ops && dma->ops->enable_dma, return -EINVAL",4,4,8
!ci || !ci->ci_ops,8,0,8
args->agbno % args->alignment == 0,5,3,8
bus >= 0 && bus < CY_AS_MAX_BUSES,4,4,8
nspi,4,4,8
pHeader,4,4,8
last_rec->lrh_index == tail->lrt_index,4,4,8
tegra_pcie.pcie_xclk,4,4,8
bcm->current_80211_core_idx >= 0,4,4,8
sizeof(struct ieee80211_rts) == DOT11_RTS_LEN,4,4,8
pAd->BATable.numAsRecipient != 0,4,4,8
"VALID_RATE_DBG(wlc, rspec[0])",4,4,8
ex_request || ms_request,4,4,8
bus,8,0,8
"sdp, atomic_read(&qd->qd_count)",4,4,8
(u64)src != L1_CACHE_ALIGN((u64)src),4,4,8
nmi_watchdog != NMI_IO_APIC,4,4,8
!(sdu->next),4,4,8
&delayed_refs->lock,5,3,8
"pipe < num_pipes_out(chip) && output < num_busses_out(chip), return -EINVAL",4,4,8
(int)(async->munge_count - async->buf_write_count) > 0,4,4,8
VMALLOC_END > PKMAP_BASE,5,3,8
hdmi->rst,5,3,8
b->argidx > MC_ARGS,4,4,8
!(p->prev),4,4,8
sh->dev[i].written,4,4,8
pProbeEntry,4,4,8
"(R_REG(pi->sh->osh, &pi->regs->maccontrol) & MCTL_EN_MAC) == 0",4,4,8
VMALLOC_START > VMALLOC_END,4,4,8
jbd_slab[idx] == NULL,4,4,8
"INT_GET(block->bb_level, ARCH_CONVERT) > 0",4,4,8
wlc->chanspec == wlc_phy_chanspec_get(wlc->band->pi),4,4,8
ifp->if_u1.if_data != NULL,5,3,8
"zh1, ZBH",4,4,8
(((u64)msg - (u64)ch->remote_msgqueue) / ch->msg_size) != msg_number % ch->remote_nentries,4,4,8
PageReserved(kpte_page),4,4,8
mlen <= rlen,5,3,8
tp == NULL,4,4,8
sizeof(*pe) == WME_PARAM_IE_LEN,4,4,8
ring->pidx == 0,4,4,8
(override & TXQ_STOP_FOR_PRIOFC_MASK) == 0,4,4,8
!list_empty(pages),7,1,8
ch->delayed_IPI_flags != 0,4,4,8
cli == NULL,4,4,8
fibsize > (fib->dev->max_fib_size - sizeof(struct aac_fibhdr)),8,0,8
ct && (ctinfo == IP_CT_NEW || ctinfo == IP_CT_RELATED || ctinfo == IP_CT_RELATED_REPLY),5,3,8
num_blocks != 1,4,4,8
!(wi_range <= ccb->q_depth),4,4,8
h,4,4,8
!list_empty((&sc->tx.txbuf)),4,4,8
" DO_ASSERT, type ",4,4,8
sizeof(tx_status_t) == TXSTATUS_LEN,4,4,8
"!is_fm_block(ubi, e->pnum)",4,4,8
PageDirty(page),5,3,8
req->rq_svc_ctx,5,3,8
ip->i_df.if_ext_max == XFS_IFORK_DSIZE(ip) / (uint)sizeof(xfs_bmbt_rec_t),4,4,8
(band == WLC_BAND_2G) || (band == WLC_BAND_5G),4,4,8
list_empty(&dqp->q_hashlist),4,4,8
(unsigned long)pte & (PAGE_SIZE-1),5,3,8
eh == NULL,4,4,8
override != 0,4,4,8
msg.create_rsp->status == BFA_STATUS_OK,4,4,8
!start,5,3,8
"XFS_IFORK_FORMAT(ip, whichfork) == XFS_DINODE_FMT_LOCAL",5,3,8
zbudpage->unevictable == 3,4,4,8
be32_to_cpu(dqp->q_core.d_id) == id,4,4,8
!tmem_oid_valid(&zh->oid),4,4,8
byThreshold < 4,4,4,8
"src_format->channels == dst_format->channels, return -ENXIO",4,4,8
"INT_GET(leaf->hdr.info.magic, ARCH_CONVERT) == XFS_DIR2_LEAF1_MAGIC",4,4,8
"!EXT4_HAS_COMPAT_FEATURE(sb, EXT4_FEATURE_COMPAT_HAS_JOURNAL)",4,4,8
start & ~PAGE_MASK,5,3,8
pAd,4,4,8
"INT_GET(map->size, ARCH_CONVERT) < XFS_LBSIZE(mp)",4,4,8
rsp->lp_tag < mod->num_lps,4,4,8
len != 4,4,4,8
tsi->tsi_is_client,6,2,8
SI_FAST(sii) || si_coreid(&sii->pub) == CC_CORE_ID,4,4,8
"substream->ffile != NULL, return -ENXIO",4,4,8
error == 0,5,3,8
list_empty(&zbud_unbuddied[chunks].list),4,4,8
count != syndrome_disks,4,4,8
tspi->rst,8,0,8
!spin_is_locked(&gl->gl_spin),4,4,8
&priv->shrd->sta_lock,4,4,8
q->ordseq & seq,4,4,8
!control->rts_cts_rate,4,4,8
"!ubi_is_fm_block(ubi, e->pnum)",4,4,8
bf->bf_lastfrm == bf_last,4,4,8
budnum == -1U,4,4,8
olg == &obd->obd_olg,4,4,8
"sdp, !gfs2_is_stuffed(ip)",4,4,8
PageSlab(page),4,4,8
hw->max_rates == 2,4,4,8
pTxWI,4,4,8
area == NULL,3,5,8
pq->len == 0,4,4,8
create,4,4,8
sizeof(struct ieee80211_ht_cap) == HT_CAP_IE_LEN,4,4,8
!ret && m.status,4,4,8
zbudpage_is_dying(zbudpage),4,4,8
bp->b_mount == NULL || bp->b_mount == mp,4,4,8
GOODREGS(regs),4,4,8
ISNPHY(pi),4,4,8
req->rq_cli_ctx == ctx,4,4,8
(pTxBlk->TxPacketList.Number > 1),4,4,8
ret >= 0 && size != PAGE_SIZE,4,4,8
!blk_barrier_rq(rq),4,4,8
"0 && ""Rate mismatch""",4,4,8
obj->pages == NULL,5,3,8
!clips || !num_clips,4,4,8
"info != NULL, return -1;",8,0,8
sizeof(ofdm_phy_hdr_t) == D11_PHY_HDR_LEN,4,4,8
current == mdev->tconn->worker.task,4,4,8
"substream->ops->copy != NULL || runtime->dma_area != NULL, return -EINVAL",4,4,8
IS_CCK(rspec[k]),4,4,8
icam != NULL,4,4,8
!ac,6,2,8
!i || i->state != NID_ALLOC,4,4,8
rate_signal != 0,4,4,8
band->bandtype == WLC_BAND_2G,4,4,8
rc == 1,4,4,8
nmaps == 1,5,3,8
atomic_read(&zcache_curr_pers_pampd_count) < 0,4,4,8
irq < vrc5477_irq_base + NUM_5477_IRQ,4,4,8
osh && (osh->magic == OS_HANDLE_MAGIC) && osh->pdev,4,4,8
hwgroup->hwif == hwif,4,4,8
&local->sta_mtx,6,2,8
ath_rc_priv->rate_table_size <= RATE_TABLE_SIZE,4,4,8
tx_queue->write_count != tx_queue->insert_count,4,4,8
rb_key != rq_rb_key(__rq),4,4,8
parent == mnt,6,2,8
"!XFS_NOT_DQATTACHED(mp, ip)",5,3,8
dev_p->usb_cb[ep] == 0,4,4,8
!new,5,3,8
pBAEntry->Wcid < MAX_LEN_OF_MAC_TABLE,4,4,8
"IS_ALIGNED((unsigned long)txh->RTSPhyHeader, sizeof(u16))",4,4,8
!(sdu->prev),4,4,8
RSPEC_STF(rspec) == PHY_TXC1_MODE_SISO,4,4,8
!radeon_bo_is_reserved(bo),4,4,8
uByteIdx < 8,4,4,8
"INT_GET(entry->nameidx, ARCH_CONVERT) >= be16_to_cpu(hdr->firstused)",4,4,8
path[depth].p_hdr == NULL,5,3,8
"p->BUF_SIZE >=8, p->BUF_SIZE",4,4,8
kctx->kc_keye.kb_tfm == NULL,4,4,8
nsdev,4,4,8
c->lst.taken_empty_lebs == 1,4,4,8
scic->smu_registers == NULL,4,4,8
val <= SNDRV_MASK_BITS,4,4,8
!(c->flags & PLLD),4,4,8
rpref == NULL,4,4,8
"sdp, qd->qd_count",4,4,8
!sdata->bss,4,4,8
chanspec != INVCHANSPEC,4,4,8
context->flags & ATTR_KERNAMELS,4,4,8
sg_list == NULL,4,4,8
drvr_priv,4,4,8
PKTLINK(p) == NULL,4,4,8
dst != NULL,4,4,8
&priv->statistics.lock,5,3,8
wlc->pub->radio_disabled || wlc->down_override,4,4,8
th,4,4,8
wlc->clk,4,4,8
context == CY_RQT_TUR_RQT_CONTEXT,4,4,8
IS_MCS(rspec[1]),4,4,8
"TX_BLK_TEST_FLAG(pTxBlk, fTX_bAllowFrag)",4,4,8
xfs_Gqm != NULL,4,4,8
ep != 0 && ep != 1,4,4,8
band >= sizeof(wl1271_band_rate_to_idx)/sizeof(u8 *),4,4,8
TransferBufferLength < MAX_PARAM_BUFFER_SIZE,4,4,8
pPsPollContext-> IRPPending,4,4,8
opt->dccpop_sc->dccpoc_val == NULL,4,4,8
(wlc->macintmask == 0) || !wlc->pub->up,4,4,8
!func->card,8,0,8
orig_inode == NULL || donor_inode == NULL,4,4,8
sizeof(*src) == sizeof(fid_seq(src)) + sizeof(fid_oid(src)) + sizeof(fid_ver(src)),4,4,8
RSPEC_ACTIVE(rspec[k]),4,4,8
(drv_data->tx_end - drv_data->tx) != (drv_data->rx_end - drv_data->rx),5,3,8
"oh, oh->rst_lines[0].name",4,4,8
!set || (!params && !p_len),4,4,8
items > (sizeof(buf) / sizeof(buf[0])),4,4,8
sbi->n_orphans == 0,4,4,8
GOODIDX(coreidx),4,4,8
"IS_ALIGNED((unsigned long)skb->data, 2)",4,4,8
(b >> 32) == 0 || ISNULLDSTARTBLOCK(b),3,5,8
"INT_GET(entry->nameidx, ARCH_CONVERT) >= INT_GET(hdr->firstused, ARCH_CONVERT)",4,4,8
NBANDS(wlc) > 1,4,4,8
r != NULL,4,4,8
atomic_read(&src->refcount) == 0,4,4,8
i < tbl_len,4,4,8
drvr_priv->sysioc_tsk,4,4,8
(reg_value & reg_bitmask) == 0,4,4,8
IWL_MAX_CMD_TFDS > IWL_NUM_OF_TBS - 1,4,4,8
nblocks > 0 && nblocks <= mapsize,4,4,8
xpc_partition_disengage_requested(1UL << partid),4,4,8
sizeof(struct ieee80211_hdr) == DOT11_A4_HDR_LEN,4,4,8
wlc->pkt_callback[i].fn == NULL,4,4,8
pAd->MacTab.Content[Elem->Wcid].Sst == SST_ASSOC,4,4,8
"TXPKTPENDGET(wlc, fifo) >= 0",4,4,8
"!pktq_pfull(pq, prec)",4,4,8
!in_own_cluster(c_ptr->addr) || is_slave(rem_node),4,4,8
pmd_write(entry),4,4,8
tag == -1,4,4,8
dt->do_body_ops,4,4,8
nr != (end - start) >> PAGE_SHIFT,6,2,8
address >= (unsigned long)&_text && address < (unsigned long)&_etext && (pgprot_val(prot) & _PAGE_NX),4,4,8
!(ATE_ON(pAd)),4,4,8
in_own_cluster(c_ptr->addr) && !is_slave(rem_node),4,4,8
mailbox,4,4,8
rate <= WLC_MAXRATE,4,4,8
txh,4,4,8
commit_transaction->t_sync_datalist == NULL,4,4,8
!(p->next),4,4,8
be16_to_cpu(hdr->firstused) >= ((be16_to_cpu(hdr->count) * sizeof(*entry)) + sizeof(*hdr)),4,4,8
CHSPEC_WLC_BW(wlc->chanspec) == WLC_40_MHZ,4,4,8
SsidLen <= MAX_LEN_OF_SSID,4,4,8
!PageHuge(page),4,4,8
mech,4,4,8
!list_empty(&host->h_lockowners),4,4,8
i->count < bytes,4,4,8
"ismrlocked(&ip->i_lock, MR_UPDATE|MR_ACCESS)",4,4,8
XPC_SUPPORTS_DISENGAGE_REQUEST(part-> remote_vars_version),4,4,8
pDesc->pTDInfo,4,4,8
pBAEntry,4,4,8
vrc5477_irq_base != -1,4,4,8
lp->lp_refcount > 0,6,2,8
ht,5,3,8
"self->magic == LMP_LSAP_MAGIC, return;",8,0,8
irq_has_action(irq),4,4,8
tegra_pcie.afi_clk,4,4,8
ap->alen,4,4,8
!list_empty(&dev_priv->mm.active_list),4,4,8
sdu,4,4,8
!new_root,4,4,8
" NT_ASSERT, NEVER_TESTED ",4,4,8
!spte,4,4,8
"""wrong config"", PERF_COUNT_SW_PAGE_FAULTS == evsel->attr.config",5,3,8
"midi->dev_id, return -ENXIO",4,4,8
hooknum == NF_IP_PRE_ROUTING || hooknum == NF_IP_LOCAL_OUT,4,4,8
(unsigned)irq >= NR_IRQ_VECTORS,4,4,8
WLC_IS_MIMO_PREAMBLE(preamble_type),4,4,8
irq >= VGIC_NR_IRQS,4,4,8
"offsetof(struct x8664_pda, stack_canary) != 40",4,4,8
tlb_type == hypervisor,5,3,8
len < 0,6,2,8
pAd->ate.QID == 0,4,4,8
wlc_tx_prec_map_verify(wlc),4,4,8
" len >= HFS_DAT + 2 + sizeof(snap_header), len ",4,4,8
notify_type != XPC_N_CALL,5,3,8
pgio->pg_lseg != NULL,4,4,8
hwgroup->hwif != hwif,4,4,8
IS_ERR(dc_clk) || IS_ERR(hhc_clk),5,3,8
(size & (PAGE_SIZE - 1)) != 0,4,4,8
!IS_MCS(rspec[0]) || ((preamble_type[0] == WLC_MM_PREAMBLE) == (txh->MModeLen != 0)),4,4,8
ip->i_delayed_blks == 0,5,3,8
PKMAP_BASE + LAST_PKMAP*PAGE_SIZE > FIXADDR_START,5,3,8
SI_FAST(sii) || ai_coreid(&sii->pub) == CC_CORE_ID,4,4,8
"sdp, queue_empty(gl, &gl->gl_holders)",4,4,8
!mutex_is_locked(&mc13783->lock),4,4,8
"true, (""Rate_Section is Illegal\n"")",4,4,8
len <= 64,4,4,8
queue != TX_BCMC_FIFO,4,4,8
"dev_priv, to_intel_crtc(crtc)->pipe",5,3,8
inode->i_state & I_CLEAR,5,3,8
!dev->nd_net,4,4,8
(((u64)msg - (u64)ch->local_msgqueue) / ch->msg_size) != msg_number % ch->local_nentries,4,4,8
*len >= 142,4,4,8
bw == PHY_TXC1_BW_40MHZ_DUP,4,4,8
tx->tx_conn == NULL,5,3,8
atomic_read(&zcache_curr_eph_pampd_count) < 0,4,4,8
vma->vm_flags & VM_UNPAGED,4,4,8
addr != NULL,5,3,8
!cfq_cfqq_on_rr(cfqq),5,3,8
qh->qh_state != QH_STATE_IDLE,5,3,8
!xfs_isiflocked(ip),5,3,8
"IS_ALIGNED(offsetof(wsec_key_t, data), sizeof(u32))",4,4,8
fcport->event_cbfn,4,4,8
vma->vm_flags & VM_NO_THP,4,4,8
!pktq_full(pq),4,4,8
irq_has_action(dev->first_msi_irq),4,4,8
inode != path->dentry->d_inode,4,4,8
o2cb_stack.sp_proto == NULL,4,4,8
q,7,1,8
dev_p->storage_cb != NULL || dev_p->storage_cb_ms != NULL,4,4,8
"ohri->rst_shift, oh->clkdm->pwrdm.ptr-> prcm_partition, oh->clkdm->pwrdm.ptr->prcm_offs, oh->prcm.omap4.rstctrl_offs",5,3,8
count > 0,7,1,8
skb_cloned(skb),7,1,8
N_ENAB(wlc->pub) || !CHSPEC_IS40(chanspec),4,4,8
offset > brdp->memsize,4,4,8
!is_power_of_2(ring_size),4,4,8
"self->lap != NULL, return -1;",8,0,8
&trans->reg_lock,4,4,8
!buffer_dirty(bh),4,4,8
!(lprops->flags & LPROPS_TAKEN),8,0,8
"device_data != NULL, return -ENXIO",4,4,8
"runtime->dma_area, return -EFAULT",4,4,8
!bio->bi_io_vec,4,4,8
offs < 0x3c,4,4,8
"memcmp(ehdr->e_ident, ELFMAG, 4) != 0 || !elf_check_arch(ehdr) || ehdr->e_type != ET_DYN",4,4,8
done,5,3,8
!is_multicast_ether_addr(h->addr1),4,4,8
wlc->modulecb[i].name[0] == '\0',4,4,8
!bfa_ioc_get_fcmode(&bfa->ioc),4,4,8
nd->depth >= MAX_NESTED_LINKS,4,4,8
"INT_GET(hdr->firstused, ARCH_CONVERT) >= ((INT_GET(hdr->count, ARCH_CONVERT)*sizeof(*entry))+sizeof(*hdr))",4,4,8
bbp_data == value,4,4,8
error != EIO || XFS_FORCED_SHUTDOWN(mp),4,4,8
" word_len == 0 || word_len == 2 || word_len == 4, word_len ",4,4,8
atomic_read(&(kioctx)->users) <= 0,4,4,8
&dev->bss_lock,4,4,8
!ctx(tfm)->fallback_tfm,4,4,8
(uint) skb_headroom(sdu) >= TXOFF,4,4,8
sd,4,4,8
(unsigned long)pud & (PAGE_SIZE-1),5,3,8
ref_flags(ref) == REF_UNCHECKED,4,4,8
divisor,4,4,8
" tx_rx_flag == DMA_RX || tx_rx_flag == DMA_TX, tx_rx_flag ",4,4,8
!pampd_is_remote(pampd),4,4,8
cfq_cfqq_on_rr(cfqq),5,3,8
eeprom_size % 4,4,4,8
sizeof(d11rxhdr_t) == RXHDR_LEN,4,4,8
"wlc_valid_rate (wlc, wlc->bcn_rspec, CHSPEC_IS2G(cfg->current_bss-> chanspec) ? WLC_BAND_2G : WLC_BAND_5G, true)",4,4,8
"(rtlphy->current_channel <= 14), (""WIRELESS_MODE_G but channel>14"")",4,4,8
NInoMstProtected(ni),6,2,8
storDriver->RingBufferSize >= (PAGE_SIZE << 1),4,4,8
irq >= nr_irqs,4,4,8
"substream != NULL && substream->rmidi != NULL, return -EIO",4,4,8
i < WLC_MAXMODULES,4,4,8
!wlc->bandlocked,4,4,8
(int)port->state->xmit.buf & ~PAGE_MASK,4,4,8
fcxp,4,4,8
bus != 0,4,4,8
chan0,4,4,8
hw->max_rates <= IEEE80211_TX_MAX_RATES,4,4,8
!XFS_BUF_GETERROR(*bpp),4,4,8
size & ~LARGE_PAGE_MASK,4,4,8
!in_own_cluster(c_ptr->addr),4,4,8
dst->kiov_offset + dst->kiov_len <= PAGE_CACHE_SIZE,5,3,8
p->dmi_addrlen != ETH_ALEN,4,4,8
host->card_busy == NULL,4,4,8
dabuf->nbuf && dabuf->data && dabuf->bbcount && dabuf->bps[0],4,4,8
dev_priv->info->gen < 5,4,4,8
len > (int)sizeof(ci),4,4,8
"false, (""ERR rxdesc :%d not process\n"", desc_name)",4,4,8
pMLMEContext-> IRPPending,4,4,8
pampd == NULL,4,4,8
"src_format->rate == dst_format->rate, return -ENXIO",4,4,8
dev->driver,5,3,8
dhd->sysioc_pid >= 0,4,4,8
parent != NULL,5,3,8
XPC_SUPPORTS_DISENGAGE_REQUEST(remote_vars-> version),4,4,8
" ((hcf_32)descp & 3 ) == 0, (hcf_32)descp ",4,4,8
VLAN_TAG_PRESENT != 0x1000,5,3,8
mpdu_blk->pPacket,4,4,8
!ni,6,2,8
max > 0,4,4,8
IWL_MAX_CMD_TFDS + 1 != 3,4,4,8
atomic_read(&mcdi->state) == MCDI_STATE_QUIESCENT,4,4,8
(pAd->MgmtRing.TxDmaIdx == index),4,4,8
list_empty(&dev->urbs.list),5,3,8
pktq_max(q) >= wlc->pub->tunables->datahiwat,4,4,8
"self->magic == IRLAN_MAGIC, return -1;",8,0,8
!wlc->WDarmed,4,4,8
cl_lock_is_mutexed(lock),8,0,8
" p->BUF_CNT == (p->buf_addr[5] + (p->buf_addr[4]<<8) + 2*6 + 2 - 8), p->BUF_CNT ",4,4,8
index <= ath_rc_priv->rate_table_size,4,4,8
!spin_is_locked(&hb->lock),4,4,8
!((zh0->size == 0) ^ (zh1->size == 0)),4,4,8
!overlay->vid_bo,4,4,8
isci_request == NULL,4,4,8
p[0] != IOMMU_ARCH_VERSION,4,4,8
"emu, return",4,4,8
"hdw,1",5,3,8
bqt->busy,4,4,8
tx_info,4,4,8
ARRAY_SIZE(cpu_process_speedos) != THRESHOLD_INDEX_COUNT,6,2,8
(tbl_width == 8) || (tbl_width == 16) || (tbl_width == 32),4,4,8
" word_len == 0 || ((hcf_32)bufp & 1 ) == 0, (hcf_32)bufp ",4,4,8
pdu,4,4,8
ctinfo == IP_CT_ESTABLISHED || ctinfo == IP_CT_ESTABLISHED_REPLY,5,3,8
hdr->magic == cpu_to_be32(XFS_DIR2_DATA_MAGIC),4,4,8
!list_empty(&lo->plh_layouts),4,4,8
ip->i_afp->if_bytes > 0,4,4,8
dhd,4,4,8
object_size > 0,4,4,8
bcm->current_core->id == BCM43xx_COREID_80211,4,4,8
error != ESRCH,4,4,8
data->blksz > host->mmc->max_blk_size,6,2,8
num_online_nodes() == 0,4,4,8
GOODREGS(sii->curmap),4,4,8
"FIELD_SIZEOF(struct sk_buff, len) != 4",6,2,8
policy_cpu == -1,4,4,8
RSPEC_STF(rspec) < PHY_TXC1_MODE_STBC,4,4,8
ISPOWEROF2(MA_WINDOW_SZ),4,4,8
bfa_ioc_get_fcmode(&bfa->ioc),4,4,8
!kvm_is_mmio_pfn(pfn),3,4,7
!ns,4,3,7
&sched_domains_mutex,4,3,7
!kq,6,1,7
atomic_read(&ctx->cc_refcount) == 0,4,3,7
itd->urb == urb,4,3,7
ip->i_df.if_broot_bytes == 0,4,3,7
is_power_of_2(hash_size),4,3,7
mval->br_state == mval[-1].br_state,4,3,7
"offsetof(kib_msg_t, ibm_u.get.ibgm_rd.rd_frags[IBLND_MAX_RDMA_FRAGS]) <= IBLND_MSG_SIZE",4,3,7
"bh, buffer_jbd(bh)",4,3,7
img_request->rq != NULL,4,3,7
!map->cache_ops,6,1,7
"bp, asserted",4,3,7
!mutex_is_locked(&journal->j_checkpoint_mutex),5,2,7
which < rbd_dev->header.snapc->num_snaps,4,3,7
(flags & XFS_BMAPI_ENTIRE) || ((mval->br_startoff + mval->br_blockcount) <= end),4,3,7
!(hash & ~UBIFS_S_KEY_HASH_MASK),6,1,7
iova == ipb.addr,3,4,7
offset > isize,4,3,7
mem_map,5,2,7
!chip->base,4,3,7
(u64)part != L1_CACHE_ALIGN((u64)part),4,3,7
c == &boot_cpu_data,4,3,7
!(log->l_flags & XLOG_ACTIVE_RECOVERY),5,2,7
"bp, params->port",4,3,7
ep != NULL,4,3,7
len & ~1,5,2,7
"fd, F_SEAL_SEAL",7,0,7
"jh, jh->b_next_transaction == transaction",4,3,7
!is_root_cache(s),4,3,7
!virt_addr_valid((void *)addr),5,2,7
conn->c_stage == ISCSI_CONN_STOPPED,4,3,7
!tmr,7,0,7
cache,5,2,7
&dlm->master_lock,7,0,7
e,5,2,7
tags && q->queue_tags && tags != q->queue_tags,4,3,7
len % 4,4,3,7
bytes <= 0,4,3,7
void,4,3,7
hooknum == NF_INET_PRE_ROUTING || hooknum == NF_INET_LOCAL_OUT,4,3,7
!rt_task(p),4,3,7
addr & ~DMA_BIT_MASK(36),4,3,7
ip_hdr(skb)->protocol != IPPROTO_TCP,4,3,7
bytes % 2,4,3,7
mval->br_startoff == mval[-1].br_startoff + mval[-1].br_blockcount,4,3,7
status != PDC_OK,5,2,7
ret != 1,4,3,7
!XFS_IS_PQUOTA_ON(mp),3,4,7
!test_thread_flag(TIF_32BIT),5,2,7
level == 0 && cur->bc_nlevels == 1,4,3,7
pte && !pte_none(*pte) && !pte_huge(*pte),4,3,7
from > to,5,2,7
osc_object_is_locked(obj),7,0,7
mru && mru->lists,5,2,7
priv->num_planes >= ARRAY_SIZE(priv->planes),4,3,7
"0, pthread_cond_broadcast(&self->cond)",7,0,7
&pool->lock,4,3,7
"xfs_isilocked(mp->m_rbmip, XFS_ILOCK_EXCL)",5,2,7
qh == NULL,5,2,7
!dir,5,2,7
page_count(page) == 0,4,3,7
rst,5,2,7
list_empty(&o->vma_list),4,3,7
busiest_rq == target_rq,4,3,7
dentry,6,1,7
fibptr == NULL,7,0,7
new_size >= 0,4,3,7
!gc->ngpio,4,3,7
"jh, jh->b_transaction == NULL",4,3,7
atomic_read(&page->_count) <= 0,4,3,7
index - lowstale - 1 >= 0,4,3,7
pmi_msg.type != PMI_TYPE_FREQ_CHANGE,4,3,7
_n < 0,4,3,7
VM_STACK_FLAGS & VM_STACK_INCOMPLETE_SETUP,4,3,7
&ar_pci->ce_lock,5,2,7
jl->j_trans_id == 0,4,3,7
"__same_type((addr), struct page *)",4,3,7
"false, ""No device found\n""",4,3,7
&slab_mutex,4,3,7
req->rq_bulk_read || req->rq_bulk_write,5,2,7
buf_flags & XBF_TRYLOCK,4,3,7
irq == -1,4,3,7
list_empty(&bp->b_lru),5,2,7
con->in_msg,4,3,7
len > IW_ESSID_MAX_SIZE,4,3,7
atomic_read(&pag->pag_ref) >= 0,4,3,7
size % sizeof(unsigned long),4,3,7
!ioctx,6,1,7
atomic_read(&mp->m_active_trans) == 0,3,4,7
start_pfn > last_pfn,5,2,7
data->blocks > 65535,5,2,7
XFS_FORCED_SHUTDOWN(ip->i_mount) || ip->i_delayed_blks == 0,4,3,7
nid >= MAX_NUMNODES,4,3,7
n < 0,5,2,7
pages == 0,4,3,7
sizeof(*b) != 5,4,3,7
ip->i_d.di_nextents == 0,5,2,7
"priv != NULL, return;",6,1,7
sblock->page_count < 1,5,2,7
myid != id,4,3,7
skb_headlen(skb) < nhoff + 4 * ip->ihl + 4,4,3,7
res_free == NULL,4,3,7
sizeof(sector_t) == 8,4,3,7
ct,5,2,7
&kvm->slots_lock,6,1,7
!tty,4,3,7
highstale - index >= 0,4,3,7
(lip->li_flags & XFS_LI_IN_AIL) != 0,4,3,7
error != -ENOSPC,7,0,7
!stt_data.stt_shuttingdown,5,2,7
obd,4,3,7
&mark->lock,7,0,7
!completion_done(&dqp->q_flush),4,3,7
!old_ns,4,3,7
!bp || !XFS_BUF_GETERROR(bp),3,4,7
!osd,4,3,7
ci == NULL,4,3,7
atomic_read(&part->nchannels_engaged) != 0,4,3,7
!timer_pending(&exp->timeout),4,3,7
&htt->rx_ring.lock,7,0,7
"bh, jh2bh(jh) == bh",4,3,7
"XFS_IFORK_NEXTENTS(ip, whichfork) == 0",4,3,7
"device, req->rq_state & RQ_NET_PENDING",6,1,7
"jh, jh->b_jlist == BJ_None",4,3,7
&wq->mutex,5,2,7
server,7,0,7
atomic_read(&ch->n_to_notify) != 0,4,3,7
atomic_read(&conn->ksnc_conn_refcount) > 0,5,2,7
sge_count < 0,5,2,7
mval->br_startblock == mval[-1].br_startblock,4,3,7
index >= efx->n_tx_channels || type >= EFX_TXQ_TYPES,4,3,7
!sg,5,2,7
!is_first_page(first_page),5,2,7
skb_headlen(skb) < nhoff + sizeof(*ip),4,3,7
atomic_read(&part->nchannels_active) != 0,4,3,7
!inode && !mnt,4,3,7
!rx_page_info->page,4,3,7
!mapping,4,3,7
"XFS_LSN_CMP(prev_lip->li_lsn, lip->li_lsn) <= 0",4,3,7
nf != NULL,4,3,7
mval->br_blockcount > mval[-1].br_blockcount,4,3,7
"""wrong number of groups"", 1 == evlist->nr_groups",7,0,7
!dqm || !dqm->dev,5,2,7
!seen_current,4,3,7
"offsetof(kib_msg_t, ibm_u.putack.ibpam_rd.rd_frags[IBLND_MAX_RDMA_FRAGS]) <= IBLND_MSG_SIZE",4,3,7
!inode->i_private,4,3,7
conn->c_stage == ISCSI_CONN_INITIAL_STAGE,4,3,7
mid_mfn_p != p2m_mid_missing_mfn,4,3,7
!page->mapping,4,3,7
blkcnt > 0,5,2,7
pmr->pmr_mr == NULL,3,4,7
TX_DC_ENTRIES != (8 << TX_DC_ENTRIES_ORDER),4,3,7
conn->ksnc_proto != NULL,5,2,7
lnet_acceptor_state.pta_sock == NULL,5,2,7
qc->flags & ATA_QCFLAG_ACTIVE,3,4,7
sizeof(struct xhci_doorbell_array) != 256*32/8,4,3,7
part->channels != NULL,4,3,7
other < 0,4,3,7
"self->magic == TTP_TSAP_MAGIC, return -1;",7,0,7
len == 0 && e->users == 0,4,3,7
handle != NULL || create == 0,4,3,7
ip->i_d.di_nlink > 0,4,3,7
commit_transaction->t_state == T_COMMIT,4,3,7
ap->cdb_len >= 12,3,4,7
"fd, F_SEAL_WRITE",7,0,7
!level,5,2,7
k > 256,4,3,7
data->blksz * data->blocks > 524288,5,2,7
RX_DC_ENTRIES != (8 << RX_DC_ENTRIES_ORDER),4,3,7
timer_pending(timer) || !timer->function,4,3,7
x < PAGE_OFFSET,4,3,7
"F2FS_I_SB(dn->inode), dn->data_blkaddr == NEW_ADDR",4,3,7
mutex_is_locked(&zd_usb_to_chip(usb)->mutex),6,1,7
k < (1 << STARTBLOCKVALBITS),4,3,7
&cache_mutex,7,0,7
gic_nr >= MAX_GIC_NR,4,3,7
"page_count(page), page",5,2,7
!schan,5,2,7
!gc->label,4,3,7
imp != NULL,6,1,7
inode != NULL,5,2,7
!ccm_base,5,2,7
level == 0,6,1,7
"bp, deasserted",4,3,7
commit_transaction->t_state == T_RUNNING,4,3,7
"test_bit(B_READING, &b->state)",6,1,7
atomic_read(&dqp->q_pincount) == 0,4,3,7
&journal->j_list_lock,4,3,7
(max_pwm_blc & PSB_BLC_MAX_PWM_REG_FREQ) == 0,4,3,7
obj_request->xferred <= (u64)UINT_MAX,4,3,7
index >= 0,5,2,7
!((cee != NULL) && (cee->ioc != NULL)),4,3,7
host->card,4,3,7
!obj,5,2,7
nbblks > 0,5,2,7
!di || IS_ERR(di),3,4,7
skb_is_nonlinear(skb),4,3,7
create != 0,4,3,7
ib_conn->device == NULL,4,3,7
"self->netdev != NULL, return -1;",6,1,7
size & ~PAGE_MASK,4,3,7
(unsigned long)high_memory > VMALLOC_START,4,3,7
dm_bufio_in_request(),7,0,7
!sig,4,3,7
"sdp, !atomic_read(&gl->gl_ail_count)",4,3,7
ip->i_d.di_nlink == 0,5,2,7
tx->tx_u.pmr == NULL,3,4,7
evsel != NULL,4,3,7
journal->j_revoke_table[0] == NULL,4,3,7
!mm || !mqd,5,2,7
inode && mnt,4,3,7
tage,7,0,7
ARRAY_SIZE(default_queue_to_tx_fifo) != 7,4,3,7
mval[i].br_startblock != DELAYSTARTBLOCK && mval[i].br_startblock != HOLESTARTBLOCK,4,3,7
sizeof(sector_t) != 8,4,3,7
req->n_channels > WL1271_MAX_CHANNELS,4,3,7
(*tp)->t_flags & XFS_TRANS_PERM_LOG_RES,4,3,7
atomic_read(&pag->pag_ref) > 0,4,3,7
FRF_AZ_DRV_EV_DATA_LBN != 0 || FRF_AZ_DRV_EV_DATA_WIDTH != 64,4,3,7
"PageTail(page), page",6,1,7
numkeys >= 0,4,2,6
dip->di_next_unlinked,3,3,6
device,3,3,6
!substream,6,0,6
&fh->slock,3,3,6
args->len <= args->maxlen,4,2,6
scb_ampdu->release,3,3,6
"chip->card != NULL, return -EINVAL",3,3,6
!hlist_unhashed(&entry->d_alias),3,3,6
reg >= REG_CACHE_SIZE,3,3,6
m->private == NULL,4,2,6
!__builtin_constant_p(reg),3,3,6
"0, ""bad rpc flavor %x\n"", req->rq_flvr.sf_rpc",3,3,6
"bug_on_recovery && !test_bit(WL1271_FLAG_INTENDED_FW_RECOVERY, &wl->flags)",3,3,6
!(skb),3,3,6
length <= HIF_DMA_BUFFER_SIZE,2,4,6
"sp != NULL, return -EINVAL",3,3,6
!list_empty(&hp->list),4,2,6
numptrs >= 0,4,2,6
ptr->l != cpu_to_be64(NULLDFSBNO),3,3,6
d->d_id,4,2,6
*IO_idqpp == NULL,3,3,6
" (P)->mb_size >= 60, (P)->mb_size ",3,3,6
dfp->length == newdup->length,4,2,6
!list_empty(&entry->d_alias),3,3,6
!dqm || !qpd,5,1,6
i > start && s->offset,3,3,6
hctx == NULL || hctx->ccid3hctx_state == TFRC_SSTATE_TERM,3,3,6
tmp_info->magic == save_info->magic,4,2,6
!cs->nr_segs,4,2,6
rs->rs_export == NULL,4,2,6
seqno == 0,3,3,6
bh->b_blocknr != pblock,3,3,6
"jh, !jh->b_frozen_data",4,2,6
notify != new,4,2,6
ip->i_d.di_anextents > 0,3,3,6
wlc->stf->txchain > 0,3,3,6
wl->pub->ieee_hw->priv == wl,3,3,6
range_is_sane(space),3,3,6
device->dma_buffer != NULL,2,4,6
"false, (""Can't map PCI mem\n"")",3,3,6
"""Invalid nr hist entries"", hists->nr_entries == 9",6,0,6
!dev->done.prev,3,3,6
host->dma_ch != -1,4,2,6
tbl->it_group,3,3,6
reg > WM8961_MAX_REGISTER,3,3,6
ctx == 0,3,3,6
solo_enc == NULL,3,3,6
error != -ENOENT,6,0,6
"!test_bit(R5_Wantcompute, &tgt->flags)",5,1,6
" bufp, len ",3,3,6
ul_ext_base != 0,3,3,6
pmd_val(*pmd) & _PAGE_PSE,3,3,6
ifp->if_bytes == 0,4,2,6
sarb->tail + ATM_CELL_PAYLOAD <= sarb->end,3,3,6
locale_idx < ARRAY_SIZE(g_locale_2g_table),3,3,6
tx_density <= AMPDU_MAX_MPDU_DENSITY,3,3,6
signal_pending(current),3,3,6
"XFS_FSB_TO_AGBNO(mp, INT_GET(*pp, ARCH_CONVERT)) < mp->m_sb.sb_agblocks",3,3,6
!task,4,2,6
num_boot_page_allocations >= MAX_BOOT_PTS,3,3,6
r2net_listen_sock == NULL,3,3,6
"!cpus_subset(cpu_present_map, cpu_possible_map)",3,3,6
bp1 != NULL,3,3,6
IS_ERR(inode),3,3,6
"""wrong val"", term->val.num == 1",4,2,6
drbd_interval_empty(&req->i),3,3,6
sizeof(*sa) <= sizeof(req->rq_async_args),4,2,6
obj_request->type == OBJ_REQUEST_BIO,3,3,6
"mode, AR5K_INI_VAL_MAX",3,3,6
wlc_hw->corerev > 4,3,3,6
IS_ERR(ipage),3,3,6
count != NULL,3,3,6
"R_REG(osh, &regs->maccontrol) != 0xffffffff",3,3,6
atomic_read(&page->_count) == 0,3,3,6
"dp != NULL, return -EIO",3,3,6
len > DLM_LVB_LEN,4,2,6
e->data == NULL,3,3,6
adapter->DumpCmdRunning,3,3,6
codec->private_data != NULL,3,3,6
"false, (""%s : ieee80211 alloc failed\n"", pci_name(pdev))",3,3,6
grctx->src_ctx->gsc_mechctx,3,3,6
!sblock->pagev[index].page,3,3,6
"IS_ALIGNED(nbytes, sizeof(u32))",3,3,6
!mids,3,3,6
redir_index < IOAPIC_NUM_PINS,3,3,6
ip->i_d.di_nlink <= XFS_MAXLINK_1,3,3,6
"page->mapping && !PageAnon(page), page",3,3,6
"""do""",4,2,6
"info->nid, return -EINVAL",3,3,6
level == LKM_IVMODE,3,3,6
path == NULL,4,2,6
"pos + count <= K1212_MAX_SAMPLES, return -EINVAL",3,3,6
wlc_hw->wake_override & override_bit,3,3,6
dfp != NULL,4,2,6
!user_mode(regs),4,2,6
list_empty(&lock->l_lru),4,2,6
SCB_AMPDU(scb),3,3,6
"wlc_bmac_read_shm(wlc_hw, M_UCODE_DBGST) != DBGST_ASLEEP",3,3,6
ISPOWEROF2(AMPDU_TX_BA_MAX_WSIZE),3,3,6
atomic_read(&peer->ksnp_refcount) > 0,4,2,6
" xa != CFG_FW_IDENTITY, 0 ",3,3,6
"ev != NULL, return -EINVAL",3,3,6
wlc->macintstatus == 0,3,3,6
atomic_read(&(rpc)->crpc_refcount) > 0,4,2,6
msg->data_length,3,3,6
"card != NULL && dev <= 1, return -EINVAL",3,3,6
blk == BFITNOENT,3,3,6
dqp->MPL_PREVP == NULL,3,3,6
slabp->inuse,3,3,6
!dtask,3,3,6
atomic_read(&gmsg->gum_refcount) > 0,3,3,6
&resv_lock,6,0,6
storDevice,3,3,6
"sdp, sdp->sd_lockstruct.ls_ops",3,3,6
!codec,3,3,6
"gl->gl_sbd, 0",3,3,6
nd->inode != dentry->d_inode,3,3,6
!rv || !*rv,3,3,6
"spec->channel_mode, return -ENXIO",3,3,6
ref_obsolete(ref),4,2,6
!(vma->vm_flags & VM_CAN_INVALIDATE),3,3,6
wa->buf_in_urb->status == -EINPROGRESS,3,3,6
ctxt->loc_exp->exp_obd,3,3,6
!PageKsm(page),3,3,6
"oh->prcm.omap4.rstctrl_reg, shift",3,3,6
"obj->magic == IAS_OBJECT_MAGIC, return;",6,0,6
!pool,5,1,6
tegra->rst,4,2,6
obj->gtt_space,3,3,6
list_empty(&leaf_buf->dirty),3,3,6
xfs_sb_info[f].type == 0 || xfs_sb_info[f].type == 1,3,3,6
TX_CTL_FIFO == 3,3,3,6
!pte || pte_none(*pte),3,3,6
lgi->lgi_attr.la_valid & LA_SIZE,3,3,6
err != R2NET_ERR_NONE && trans == 0,3,3,6
part->act_state != XPC_P_DEACTIVATING && part->act_state != XPC_P_INACTIVE,3,3,6
adapter->linkstate == LINK_DOWN,3,3,6
&cgrp->dentry->d_inode->i_mutex,3,3,6
cur_ppc_sys_spec == NULL,3,3,6
buffer->continuation != 1,3,3,6
!nvmeq,4,2,6
!imxtm,4,2,6
nbytes > bio->bi_size,3,3,6
bus < (1 << 8),3,3,6
msg != NULL && !(msg->flags & XPC_M_READY),3,3,6
node_num >= ARRAY_SIZE(r2net_nodes),3,3,6
count > ib->size,4,2,6
ioaddr_out != NULL,3,3,6
!cmd->use_sg,3,3,6
msg != NULL && (msg->flags & XPC_M_DONE),3,3,6
&transaction->t_journal->j_list_lock,4,2,6
!mutex_is_locked(&cgroup_mutex),3,3,6
sz != PMD_SIZE,4,2,6
&htt->tx_lock,4,2,6
!group,4,2,6
!rs->rs_on_net,4,2,6
journal->j_running_transaction == NULL,4,2,6
lock_sop->so_is_open_owner,3,3,6
TX_AC_BE_FIFO == 1,3,3,6
fixmaps > 0,3,3,6
"rate < 50000 || chip->digital_mode != DIGITAL_MODE_ADAT, return -EINVAL",3,3,6
blk->magic == XFS_DIR_LEAF_MAGIC,3,3,6
icd != isi->icd,3,3,6
type == XFS_DQ_GROUP || type == XFS_DQ_PROJ,3,3,6
cnt <= 255,3,3,6
!completion_done(&ip->i_flush),3,3,6
" DO_ASSERT, prot_cnt ",3,3,6
!(ip_hdr(skb)->frag_off & htons(IP_MF | IP_OFFSET)),3,3,6
asi->antsel_type != ANTSEL_NA,3,3,6
dtor,3,3,6
addr_width < BITS_PER_LONG && (iov_pfn + nr_pages - 1) >> addr_width,3,3,6
(cur->bc_private.b.flags & XFS_BTCUR_BPRV_WASDEL) == 0,3,3,6
vrc5477_irq < NUM_5477_IRQ,3,3,6
xd->refcnt,3,3,6
desc->bd_enc_iov,3,3,6
pPacket == NULL,3,3,6
"XFS_BUF_FSPRIVATE(bp, void *) == NULL || XFS_BUF_FSPRIVATE(bp, xfs_mount_t *) == mp",3,3,6
"(XFS_AGINO_TO_OFFSET(mp, rec.ir_startino) % XFS_INODES_PER_CHUNK) == 0",4,2,6
msg->msg_txpeer == NULL,4,2,6
!rq->rt.rt_nr_migratory,3,3,6
home < 0 || home >= NR_CPUS,4,2,6
"!cpumask_test_cpu(cpu, rq->rd->span)",4,2,6
"data->get >= 0 && data->get < 4*2*2, return -EINVAL",3,3,6
target == bp->b_target,3,3,6
Antenna.word == 0xFFFF,3,3,6
et->et_type != OCFS2_DINODE_EXTENT,3,3,6
is_linear_pfn_mapping(vma) || vma->vm_flags & VM_NO_THP,3,3,6
"sdp, !buffer_pinned(bh)",3,3,6
flags & LOOKUP_PARENT,3,3,6
dev->desc->config_len == len,3,3,6
tx->tx_msg.ksm_type != KSOCK_MSG_NOOP,5,1,6
!spin_is_locked(lock),3,3,6
lpar_rc == H_Success,3,3,6
!list_empty(&inode_list),3,3,6
"atomic_read(&page->_mapcount) != -1, page",4,2,6
"sdp, !qd->qd_change",4,2,6
(startoff & xfs_mask64hi(64-BMBT_STARTOFF_BITLEN)) == 0,4,2,6
((unsigned long) &vgettimeofday != VSYSCALL_ADDR(__NR_vgettimeofday)),3,3,6
vars != NULL,3,3,6
"dev_priv, TRANSCODER_A",4,2,6
TX_AC_VO_FIFO == 3,3,3,6
"!snd_interval_empty(i), return -EINVAL",3,3,6
!chan,4,2,6
msg->flags & XPC_M_READY,3,3,6
*needscanp == 0,4,2,6
slow_work_user_count <= 0,3,3,6
PMD_TABLE_SIZE != pgtable_cache_size[PMD_CACHE_NUM],3,3,6
" !( IPW( HREG_OFFSET_1) & HREG_OFFSET_ERR ), MERGE_2( fid, offset ) ",3,3,6
lcw != NULL,3,3,6
current->journal_info,4,2,6
atomic_read(&route->ksnr_refcount) > 0,4,2,6
"lock->owner == current, lock, ""recursion""",4,2,6
PageReserved(page) && PageNosave(page),3,3,6
"runtime != NULL, return",3,3,6
RPC_IS_QUEUED(task),3,3,6
waitqueue_active (&data->wait),4,2,6
!r_plugin,6,0,6
th == NULL,4,2,6
!i915_is_ggtt(vm),3,3,6
"chip, return -EINVAL",3,3,6
q->len == 0,3,3,6
"src_channels[channel].area.first % 8 == 0 && src_channels[channel].area.step % 8 == 0, return -ENXIO",3,3,6
((lip->li_flags & XFS_LI_IN_AIL) == 0) || XFS_FORCED_SHUTDOWN(ip->i_mount),3,3,6
!addr,4,2,6
!isnullstartblock(bno),4,2,6
key->lct_owner != NULL,3,3,6
!prio_tree_left_empty(iter->cur),3,3,6
mle->type != DLM_MLE_BLOCK && mle->type != DLM_MLE_MASTER && mle->type != DLM_MLE_MIGRATION,4,2,6
(wlc_hw->wake_override & override_bit) == 0,3,3,6
protocol < 0 || protocol >= NPROTO,3,3,6
ctx->shm_ofs & ((1 << MFC_BANK1_ALIGN_ORDER) - 1),3,3,6
args->index < be16_to_cpu(leaf->hdr.count),3,3,6
bus_num != 0,3,3,6
"ismrlocked(io->io_lock, MR_UPDATE)",3,3,6
grctx->src_repbsd,3,3,6
stopat - start != 1,3,3,6
!the_lnet.ln_shutdown,5,1,6
txs->status & TX_STATUS_INTERMEDIATE,3,3,6
"manager, ""Notification manager not found""",6,0,6
sc->tx.txq[qnum].axq_qnum == qnum,3,3,6
ctx->desc_phys & ((1 << MFC_BANK1_ALIGN_ORDER) - 1),3,3,6
!midi->dev_id,6,0,6
"viadev->tbl_entries, return 0",3,3,6
is_absolute_path(argv0_path),3,3,6
pc->page != page,3,3,6
le16_to_cpu(el->l_tree_depth) != 0,5,1,6
db->rptr == db->wptr,4,2,6
!is_power_of_2(page_size),4,2,6
wlc->pub->corerev > 4,3,3,6
wlc->stf->txstreams > 1,3,3,6
sromrev == 1,3,3,6
"pte != pte_offset_kernel(pmd, 0)",4,2,6
!subs->dataurb[i].urb,3,3,6
key,4,2,6
NBANDS_HW(wlc_hw) > 1,3,3,6
irq_source_id != KVM_IRQFD_RESAMPLE_IRQ_SOURCE_ID,4,2,6
cnt > BE_MAX_TX_FRAG_COUNT,3,3,6
"(uint) PHY_TYPE(R_REG(wlc_hw->osh, &wlc_hw->regs->phyversion)) == wlc_hw->band->phytype",3,3,6
"""Invalid nr samples"", hists->stats.nr_events[PERF_RECORD_SAMPLE] == 10",6,0,6
atomic_read(&hp->refcnt) != 0,4,2,6
" ifbp->IFB_IntOffCnt != 0xFFFF || action == HCF_ACT_INT_OFF || action == HCF_ACT_INT_FORCE_ON, action ",3,3,6
(page->type ^ type) & VMI_PAGE_PAE,3,3,6
i->state != NID_NEW,3,3,6
(volatile s64)ch->local_GP->put < initial_put,3,3,6
wq,4,2,6
"type == VOLUME_MONITOR || type == VOLUME_CAPTURE || type == VOLUME_PLAYBACK, return -EINVAL",3,3,6
dhd && dhd->iflist[ifidx],3,3,6
pool < IbmVethNumBufferPools,3,3,6
(first > last) || (last >= priv->num_tags),3,3,6
(s->subdev_flags & (SDF_CMD_READ | SDF_CMD_WRITE)) == 0,3,3,6
host->reset,6,0,6
(flags & ~(SYNC_TRYLOCK|SYNC_WAIT)) == 0,3,3,6
"!test_bit(__LINK_STATE_RX_SCHED, &dev->state)",3,3,6
ch->next_msg_to_pull >= (volatile s64)ch->w_remote_GP.put,3,3,6
"xfs_daddr_to_agno(mp, d) == xfs_daddr_to_agno(mp, (d) + (len) - 1)",4,2,6
sb->s_bdev != bdev,3,3,6
RB_EMPTY(&cfqq->sort_list),3,3,6
slot != 0,3,3,6
r <= WLC_MAXRATE,3,3,6
list_empty(&rs->rs_obd_list),4,2,6
ctx->ctx_phys & ((1 << MFC_BANK1_ALIGN_ORDER) - 1),3,3,6
clock_fd < 0,3,3,6
!route->ksnr_deleted,4,2,6
"xfs_btree_ptr_is_null(cur, &ptr)",4,2,6
leafhdr.count > 0,4,2,6
TX_AC_VI_FIFO == 2,3,3,6
n < sizeof(tmp),3,3,6
buflen,4,2,6
!midc,3,3,6
busno_to_phbid(busnum),4,2,6
sizeof(*d) != sizeof(*s),4,2,6
me->timeout == 0,3,3,6
flags & XFS_ALLOC_FLAG_TRYLOCK,4,2,6
pObj->RTUSBCmdThr_task == NULL,3,3,6
(caddr_t) bf->bf_desc >= ((caddr_t) dd->dd_desc + dd->dd_desc_len),4,2,6
(delivery_mode == IOAPIC_FIXED) || (delivery_mode == IOAPIC_LOWEST_PRIORITY),3,3,6
idx < MECH_MAX,3,3,6
 (remote_node_table->available_nodes_array_size * SCIC_SDS_REMOTE_NODE_SETS_PER_DWORD) <= (group_index / SCU_STP_REMOTE_NODE_COUNT) ,4,2,6
sii->pub.ccrev != 10,3,3,6
mdev->state.disk == D_DISKLESS && mdev->state.conn == C_STANDALONE,3,3,6
pag->pagi_freecount > 0,4,2,6
!client,6,0,6
ip != NULL,4,2,6
ni.blk_addr == NULL_ADDR,3,3,6
"plug != NULL, return -ENXIO",3,3,6
priv->tx_level <= 0 || priv->tx_level > BDX_MAX_TX_LEVEL,4,2,6
vaddr < PAGE_OFFSET,4,2,6
nbits > 0,4,2,6
XFS_DQ_IS_LOCKED(gdq),3,3,6
txant == ANT_TX_FORCE_0 || txant == ANT_TX_FORCE_1 || txant == ANT_TX_LAST_RX,3,3,6
&oi->ip_lock,3,3,6
!memnodemap,3,3,6
page_mapcount(page) <= 0,3,3,6
dev->iamthif_mtu < dev->iamthif_msg_buf_index + mei_hdr->length,3,3,6
data != NULL,4,2,6
cmd->meta.flags & CMD_WANT_SKB,3,3,6
"ohri.rst_shift, oh->clkdm->pwrdm.ptr->prcm_partition, oh->clkdm->pwrdm.ptr->prcm_offs, oh->prcm.omap4.rstctrl_offs",3,3,6
" DO_ASSERT, MERGE_2( HCF_ASSERT, 0xCAF0 ) ",3,3,6
!upper->checked,3,3,6
a->ring != b->ring,4,2,6
rq->length > 0,3,3,6
hdr->len == 4,3,3,6
p->npages >= PGLIST_NENTS,4,2,6
!fbr_iscck,3,3,6
"!PageHuge(page), page",5,1,6
th != NULL,3,3,6
vrc5477_irq >= 0,3,3,6
!bf_isretried(bf),3,3,6
pr >= 2,4,2,6
conn->ksnc_rx_niov > 0,4,2,6
allPackets != 0,3,3,6
next < RingInfo->RingDataSize,3,3,6
buffer->dma_addr & (EFX_BUF_SIZE - 1),3,3,6
&devcgroup_mutex,5,1,6
"jh, jh->b_cp_transaction == NULL",4,2,6
"false, (""Can't obtain PCI resources\n"")",3,3,6
"bd->numports <= 64, ""PCI returned a invalid number of ports""",3,3,6
operation != WRITE_BARRIER,3,3,6
!tsi->tsi_stopping,4,2,6
"sdp, list_empty(&bd->bd_list_tr)",3,3,6
new_int == conf->listen_interval,3,3,6
hrtimer_active(timer),3,3,6
(in_be32(&fecp->fec_r_cntrl) & FEC_RCNTRL_MII_MODE) == 0,4,2,6
level == LKM_NLMODE,3,3,6
startblockval(del.br_startblock) > 0,4,2,6
IS_ERR_OR_NULL(adapter->debugfs_root),4,2,6
res == nv * sizeof(u64),3,3,6
pHcidevInfo->pBtStackHCIDev != NULL,2,4,6
"od->hwmods[i], name",4,2,6
tmp == NULL,3,3,6
rq->queue != NULL,3,3,6
add >= 256,3,3,6
(volatile s64)ch->local_GP->get <= initial_get,3,3,6
vp != NULL,3,3,6
locale_idx < ARRAY_SIZE(g_locale_5g_table),3,3,6
console_session.ses_shutdown,4,2,6
!(q->flags & SIGQUEUE_PREALLOC),4,2,6
ev->ev_fired,4,2,6
!domain->pgd,4,2,6
cpu >= nr_cpu_ids,4,2,6
txs->frameid == htol16(txh->TxFrameID),3,3,6
token,4,2,6
bytes < (BITS_TO_LONGS(O2NM_MAX_NODES) * sizeof(unsigned long)),4,2,6
"sdp, test_bit(ULF_LOCKED, &ul->ul_flags)",3,3,6
"info != 0, return ret;",3,3,6
(gfpmask & __GFP_DMA32) && (page_to_pfn(p) >= 0x00100000UL),3,3,6
il->num_stations < 0,4,2,6
reg_address <= IXGB_MAX_PHY_REG_ADDRESS,4,2,6
layr->up != NULL,5,1,6
dev >= ARRAY_SIZE(lbars),3,3,6
priv->pwr,6,0,6
VALID_PAGE(context->root_hpa),3,3,6
!list_empty(&cgrp->children),3,3,6
rc == -EINVAL,4,2,6
reqstmsg->msg_magic == __swab32(SRPC_MSG_MAGIC),4,2,6
(u32)(ring->prod - ring->cons) > ring->actual_size,3,3,6
dqp->q_res_rtbcount >= be64_to_cpu(dqp->q_core.d_rtbcount),4,2,6
!mutex_is_locked(&fsnotify_grp_mutex),3,3,6
bug,3,3,6
sizeof(priv->eeprom) != IWL_EEPROM_IMAGE_SIZE,3,3,6
smp_processor_id() != cpu,4,2,6
"ismrlocked(io->io_iolock, MR_UPDATE)",3,3,6
dma_channel_active(ec->dma),4,2,6
drbd_interval_empty(&peer_req->i),3,3,6
xpc_partition_engaged(1UL << partid),3,3,6
wl->pub->ieee_hw,3,3,6
timer->state != HRTIMER_STATE_CALLBACK,3,3,6
!mutex_is_locked(&iint->mutex),3,3,6
stamp_diff >= 0,3,3,6
!rpc->crpc_aborted,4,2,6
&event->refs_lock,4,2,6
!PageDirty(page),3,3,6
mei_hdr->me_addr != dev->iamthif_cl.me_client_id,3,3,6
ubi->works_count >= 0,5,1,6
ni.blk_addr != NULL_ADDR,3,3,6
t,3,3,6
local,3,3,6
S_ISREG(ip->i_d.di_mode),4,2,6
txpower <= 63,3,3,6
!list_empty(&cell->vl_list),3,3,6
"jh, jh->b_jlist < BJ_Types",4,2,6
"!test_bit(BME_LOCKED, &bm_ext->flags)",3,3,6
wlc->defmacintmask,3,3,6
(gfp_flags & (__GFP_WAIT | __GFP_HIGHMEM)) == __GFP_HIGHMEM,3,3,6
pd != NULL,4,2,6
irq < 32,3,3,6
atomic_read(&sub_info->cred->usage) != 1,3,3,6
entry,5,1,6
!isnullstartblock(prev.br_startblock),4,2,6
irq_source_id != KVM_USERSPACE_IRQ_SOURCE_ID,4,2,6
!(*bpp)->b_error,4,2,6
strlen(bcmerrorstrtable[-bcmerror]) < BCME_STRLEN,3,3,6
(inits[i].size == 2) || (inits[i].size == 4),3,3,6
s->uptodate != disks,4,2,6
i != 0,4,2,6
!VALID_PAGE(vcpu->mmu.root_hpa),3,3,6
retry == 3 && task != NULL,5,1,6
swap->config_size >= (2 << 20),3,3,6
mcs < MCS_TABLE_SIZE,3,3,6
!packed,6,0,6
pmd_bad(*pmd),5,1,6
"!test_bit(lr, vgic_cpu->lr_used)",3,3,6
 (remote_node_table->available_nodes_array_size * SCIC_SDS_REMOTE_NODE_SETS_PER_DWORD) <= (remote_node_index / SCU_STP_REMOTE_NODE_COUNT) ,4,2,6
_NSIG_WORDS != 2,4,2,6
"runtime != NULL, return -EAGAIN",3,3,6
" DO_ASSERT, ltvp->typ ",3,3,6
fd[nr_cpu][counter] >= 0,3,3,6
!t->set,3,3,6
dqp->HL_PREVP == NULL,3,3,6
!req->nr_phys_segments,4,2,6
!mutex_is_locked(&dm_thin_pool_table.mutex),6,0,6
lp->tx_skbs[i].skb != skb,4,2,6
bip->bli_logged != NULL,3,3,6
r2net_wq == NULL,3,3,6
drvr_priv && drvr_priv->iflist[ifidx],3,3,6
page_count > 0,5,1,6
"false, (""ERR txdesc :%d not process\n"", desc_name)",3,3,6
vi->num != 0,3,3,6
sii->pub.boardtype,3,3,6
" x==HCF_CNTL_ENABLE || x==HCF_CNTL_DISABLE || HCF_CNTL_CONTINUE || x==HCF_CNTL_CONNECT || x==HCF_CNTL_DISCONNECT, cmd ",3,3,6
!(ch->flags & XPC_C_DISCONNECTED),4,2,6
!((wbuf->offs + wbuf->size) % c->max_write_size),4,2,6
fs_is_ok,4,2,6
" (nRemain_Length>=(ETHERNET_HEADER_SIZE + nSubframe_Length)), (""ParseSubframe(): A-MSDU subframe parse error!! Subframe Length: %d\n"", nSubframe_Length) ",3,3,6
!S_ISREG(inode->i_mode),5,1,6
cpt == CFS_CPT_ANY || (cpt >= 0 && cpt < cptab->ctb_nparts),6,0,6
slot_num < (1 << 5),3,3,6
!xd->node,3,3,6
&rba->lock,4,2,6
" ifbp->IFB_MBSize >= 60 || ifbp->IFB_MBp == NULL, ifbp->IFB_MBSize ",3,3,6
"emu->ops.update != NULL, return",3,3,6
sizeof(struct user_i387_struct) != sizeof(tsk->thread.xstate->fxsave),3,3,6
pciregs != NULL,3,3,6
conn->ksnc_rx_nkiov > 0,4,2,6
hlist_unhashed(&e->collision),3,3,6
li_mimo,3,3,6
eb,6,0,6
apic != NULL,4,2,6
"DO_ASSERT, fw->identity->typ",3,3,6
"lock->owner_cpu == raw_smp_processor_id(), lock, ""cpu recursion""",4,2,6
dev->iamthif_state != MEI_IAMTHIF_READING,3,3,6
size >= SI_DEVPATH_BUFSZ,3,3,6
!list_empty(&reg->list),4,2,6
TX_DATA_FIFO == 1,3,3,6
((ip->i_d.di_flags & XFS_DIFLAG_REALTIME) != 0) == ((ip->i_iocore.io_flags & XFS_IOCORE_RT) != 0),3,3,6
numrecs >= 0,4,2,6
comedi_file_info_table[i],3,3,6
!pc,3,3,6
ieee80211softmac_scan_handlers_check_self(sm),3,3,6
ichdr.count < args->geo->blksize / 8,4,2,6
"lock->owner_cpu != raw_smp_processor_id(), lock, ""wrong CPU""",4,2,6
!pqm,6,0,6
len >= IGB_MAX_DATA_PER_TXD,3,3,6
!i->count || i->count < copy,3,3,6
(SPURIOUS_APIC_VECTOR & 0x0f) != 0x0f,3,3,6
ul_tlb_base_virt <= ul_shm_base_virt,3,3,6
!(remote && send_oos),3,3,6
mpic2 == NULL,3,3,6
!(sdu->cloned),3,3,6
XFS_QM_IS_MPLIST_LOCKED(mp),3,3,6
mask_valid(srv->mask),3,3,6
fbit >= 64,6,0,6
address >= priv->cfg->base_params->eeprom_size,3,3,6
(unsigned long) &vgetcpu != VSYSCALL_ADDR(__NR_vgetcpu),3,3,6
!IS_DEV_IRQ_PROC_SYNC_MODE(&target->Device),2,4,6
ofs != 0,3,3,6
dev->desc->config_len == 0,3,3,6
!mem_init_done,3,3,6
rc != H_SUCCESS,5,1,6
TOMOYO_MAX_PATHNAME_LEN > PATH_MAX,3,3,6
!epos.bh,4,2,6
group_index >= (u32)(remote_node_table->group_array_size * 32),4,2,6
ar != NULL,2,4,6
chan_idx >= sband->n_channels,3,3,6
"x, ==, 0x44332211",6,0,6
!dmabuf->vmap_ptr,4,2,6
" descp->BUF_SIZE >= HCF_DMA_TX_BUF1_SIZE, descp->BUF_SIZE ",3,3,6
stt_data.stt_nthreads > 0,4,2,6
clk,3,3,6
band > 4,3,3,6
data_size == 0,3,3,6
"false, (""%s : Cannot enable new PCI device\n"", pci_name(pdev))",3,3,6
root,5,1,6
*((u32 *)p) != OF_DT_BEGIN_NODE,3,3,6
(unsigned)irq >= nr_irqs,3,3,6
"s5k6aa, RST",4,2,6
li,3,3,6
map == NULL,5,1,6
atomic_read(&ip_set_list[index]->ref) == 0,2,4,6
(unsigned long)pgd & (PAGE_SIZE-1),3,3,6
msg->con == NULL,3,3,6
fcport->cfg.rx_bbcredit,3,3,6
lr == XFS_BB_LEFTSIB || lr == XFS_BB_RIGHTSIB,4,2,6
address & ~LARGE_PAGE_MASK,3,3,6
!ctx,5,1,6
eq->workpending || wlc_eventq_avail(eq) == false,3,3,6
" ifbp->IFB_IntOffCnt <= 16 || ifbp->IFB_IntOffCnt >= 0xFFFE, MERGE_2( action, ifbp->IFB_IntOffCnt ) ",3,3,6
!sfw_test_active(tsi),4,2,6
! (dqp->dq_flags & XFS_DQ_INACTIVE),3,3,6
r2nm_single_cluster != cluster,3,3,6
!can_dirty(cn),4,2,6
"R_REG (wlc_hw->osh, &wlc_hw->regs-> clk_ctl_st) & CCS_HTAVAIL",3,3,6
!shp,3,3,6
!route->ksnr_connecting || route->ksnr_scheduled,4,2,6
ret != -EAGAIN,3,3,6
!lport,4,2,6
!wiphy->bands[band],3,3,6
!tdev,4,2,6
!msg->msg_receiving,5,1,6
"r2net_handler_tree_lookup(msg_type, key, &p, &parent) == NULL, ""couldn't find handler we *just* registered "" ""for type %u key %08x\n"", msg_type, key",3,3,6
!mixer,3,3,6
xen_start_info->mfn_list < __START_KERNEL_map,3,3,6
"sdp, !buffer_busy(bh)",3,3,6
path->nodes[level],4,2,6
!(handle->flags & OCFS2_HANDLE_STARTED),3,3,6
dc->clk,3,3,6
PINMUX_FLAG_TYPE > ((1 << PINMUX_FLAG_DBIT_SHIFT) - 1),3,3,6
!db->rbuf,3,3,6
first->next == NULL,4,2,6
sg->offset + sg->length > PAGE_SIZE,4,2,6
ni->name_len,5,1,6
req_bit,3,3,6
!(flags & XFS_BLI_CANCEL),3,3,6
em->start > logical || em->start + em->len < logical,4,2,6
sii->pch != NULL,3,3,6
!XFS_BUF_ISDELAYWRITE(bp),3,3,6
di->txp[txout] == NULL,3,3,6
field == XFS_SBS_FDBLOCKS,3,3,6
cmd->meta.u.callback != NULL,3,3,6
NULL == fmt,4,2,6
(packetLenAligned - packetLen) < sizeof(u64),3,3,6
ret != -BCME_PENDING,3,3,6
codec != NULL,3,3,6
unlikely(!len),3,3,6
R_REG(&cc->clk_ctl_st) & htavail,3,3,6
"""wrong number of entries"", 5 == evlist->nr_entries",4,2,6
ldu->ldu_memhog_pages == 0,4,2,6
(sizeof(struct ath_desc) % 4) == 0,3,3,6
!subs->syncurb[i].urb,3,3,6
"skb_headroom(userdata) >= TTP_MAX_HEADER, { dev_kfree_skb(userdata); return -1; } ",4,2,6
ip->i_d.di_version > 1,5,1,6
be32_to_cpu(leaf->ents[lowstale].address) == XFS_DIR2_NULL_DATAPTR,3,3,6
bcm43xx_using_pio(bcm),3,3,6
efx->port_enabled,4,2,6
sii->pub.bustype == PCI_BUS,3,3,6
q->ordseq == 0,3,3,6
as >= 2,4,2,6
entries > EFX_MAX_DMAQ_SIZE,4,2,6
index > arena->limit || (index + npages) > arena->limit,3,3,6
!cpu_online(cpu),4,2,6
best_guess >= NR_IRQS,3,3,6
!chip || !chip->card,5,1,6
pte_present(pte),3,3,6
109714272 > 48000000,3,3,6
dev->desc->config_len == 0 && dev->desc->feature_len == 0,3,3,6
!cct || !thread,4,2,6
!ext4_handle_valid(handle),5,1,6
(unsigned long)__fix_to_virt(VVAR_PAGE) != (unsigned long)VVAR_ADDRESS,3,3,6
(netDevice->SendBufferSize & (PAGE_SIZE - 1)) == 0,3,3,6
r2t->data_length - r2t->sent < 0,3,3,6
(unsigned long) &vtime != VSYSCALL_ADDR(__NR_vtime),3,3,6
tlb_type != hypervisor,3,3,6
"dev_priv, pll",5,1,6
dev->bus->number >= MAX_PHB_BUS_NUM,3,3,6
list_empty(&tmp_cg_links),3,3,6
write_block(b) != b->sets[b->nsets].data,3,3,6
(R_REG(&cc->clk_ctl_st) & CCS_HTAVAIL) == 0,3,3,6
be16_to_cpu(dfp->offset) == (char *)newdup - (char *)hdr,4,2,6
page_count(buddy) != 0,3,3,6
hlist_unhashed(&e->colision),3,3,6
(VSYSCALL_ADDR(0) != __fix_to_virt(VSYSCALL_FIRST_PAGE)),3,3,6
req->rq_cli_ctx,4,2,6
"mode, AR5K_MODE_MAX",3,3,6
(ip->i_d.di_mode & S_IFMT) == S_IFREG,3,3,6
!(lprops->flags & LPROPS_INDEX),6,0,6
!phydev,4,2,6
needscan == 0,4,2,6
"isset(&wlc->stf->ss_algo_channel, PHY_TXC1_MODE_CDD) || isset(&wlc->stf->ss_algo_channel, PHY_TXC1_MODE_SISO)",3,3,6
faila == failb,4,2,6
"false, (""8051 reset fail.\n"")",3,3,6
"chip, return",3,3,6
sizeof(*arinfo) > sizeof(info->rate_driver_data),4,2,6
phy_address <= IXGB_MAX_PHY_ADDRESS,4,2,6
"object->n_in_progress, >, 0",4,2,6
!desc_count || desc_count > SOLO_NR_P2M_DESC,3,3,6
" DO_ASSERT, MERGE_2( HCF_ASSERT, 0xCAF1 ) ",3,3,6
di != NULL,3,3,6
&dev->struct_mutex,3,3,6
ptr[i],3,3,6
is_linear_pfn_mapping(vma) || is_pfn_mapping(vma),3,3,6
" ifbp->IFB_LastDesc[tx_rx_flag]->next_desc_addr == NULL, (hcf_32)ifbp->IFB_LastDesc[tx_rx_flag]->next_desc_addr",3,3,6
(netDevice->ReceiveBufferSize & (PAGE_SIZE - 1)) == 0,3,3,6
NULL == dev->i2c_adap.algo_data,3,3,6
!list_empty(&cell->sv_list),3,3,6
map.br_startblock != DELAYSTARTBLOCK,4,2,6
dqp->q_transp == tp,4,2,6
(type & page->type) == 0,3,3,6
" rc == HCF_SUCCESS || ( rc == HCF_ERR_LEN && ifbp->IFB_AssertTrace & 1<<HCF_TRACE_PUT_INFO ), MERGE_2( type, rc ) ",3,3,6
status_delay <= 10,3,3,6
" ( (hcf_32)P->mb_addr & 0x0001 ) == 0, (hcf_32)P->mb_addr ",3,3,6
QueIdx < NUM_OF_TX_RING,3,3,6
cc,3,3,6
TX_AC_BK_FIFO == 0,3,3,6
!req->q->softirq_done_fn,3,3,6
&ctx->ww_ctx,4,2,6
VStorPacket->VmSrb.SenseInfoLength <= request->SenseBufferSize,3,3,6
"cpu_isset(cpu, cpu_present_map)",3,3,6
adapter->host_lock,3,3,6
be16_to_cpu(entry->nameidx) < args->geo->blksize,4,2,6
"result && ""need to retry here""",4,2,6
path.slots[0] == 0,3,3,6
(padLen <= RTMP_PKT_TAIL_PADDING),3,3,6
"""wrong config"", PERF_COUNT_HW_CACHE_MISSES == evsel->attr.config",6,0,6
*seg >= (*bio_iter)->bi_vcnt,3,3,6
atomic_read (&chan->n_frags) > 0,3,3,6
retval == 0,4,2,6
hctx->ccid3hctx_p && !hctx->ccid3hctx_x_calc,3,3,6
sii->pub.buscoreidx != BADIDX,3,3,6
(val == HT_CAP_RX_STBC_NO) || (val == HT_CAP_RX_STBC_ONE_STREAM),3,3,6
pdev,3,3,6
orig_end <= align_off + align_alen,3,3,6
"!lock_is_held(&rcu_bh_lock_map) && !lock_is_held(&rcu_lock_map) && !lock_is_held(&rcu_sched_lock_map), ""Illegal synchronize_rcu() in RCU read-side critical section""",3,3,6
*nmaps == 1,4,2,6
part->setup_state != XPC_P_SETUP,3,3,6
persistent_gnt->handle == BLKBACK_INVALID_HANDLE,4,2,6
msg->msg_iov == NULL,4,2,6
ar->arWmiReady == true,2,4,6
!((((int64_t)port->ip_dma_ringbuf) & (TOTAL_RING_BUF_SIZE - 1)) == 0),4,2,6
"priv->magic == IRTTY_MAGIC, return;",5,1,6
"IS_ALIGNED(offset, sizeof(u32))",3,3,6
!(payload_kiov != NULL && payload_iov != NULL),4,2,6
evt->mode != CLOCK_EVT_MODE_ONESHOT,3,3,6
page->type == VMI_PAGE_NORMAL,3,3,6
IS_ERR(shp),3,3,6
tx->tx_niov > 0,4,2,6
!current->mm,4,2,6
(mask_4u & ~(0x0000000000000fffUL)) || (mask_4v & ~(0xfffffc0000000fffUL)),3,3,6
!newmap,4,2,6
!(lockres->l_flags & USER_LOCK_IN_CANCEL),4,2,6
hdr->magic == cpu_to_be32(XFS_DIR2_DATA_MAGIC) || hdr->magic == cpu_to_be32(XFS_DIR2_BLOCK_MAGIC) || hdr->magic == cpu_to_be32(XFS_DIR3_BLOCK_MAGIC),6,0,6
!list_empty(&ndl->ndl_hlink),4,2,6
"""wrong bp_type"", HW_BREAKPOINT_W == evsel->attr.bp_type",4,2,6
"!ext4_is_group_locked(e4b->bd_sb, e4b->bd_group)",3,3,6
(startblock & xfs_mask64hi(64-BMBT_STARTBLOCK_BITLEN)) == 0,4,2,6
!mmc_card_sd(card),3,3,6
wlc_hw->mac_suspend_depth > 0,3,3,6
!tty->read_buf,3,3,6
REGION_NUMBER(vdst) != RGN_KERNEL,3,3,6
RB_EMPTY_NODE(rbnode),3,3,6
!prio_tree_right_empty(iter->cur),3,3,6
msg->data.type != CEPH_MSG_DATA_NONE,3,3,6
(int)niov <= dst_niov,4,2,6
unit_size & ~PAGE_MASK,3,3,6
"INT_GET(leaf->hdr.count, ARCH_CONVERT) < (XFS_LBSIZE(args->dp->i_mount)/8)",3,3,6
wlp->session != NULL,3,3,6
atomic_read(&console_session.ses_rpc_counter) == 0,4,2,6
RX_TXSTATUS_FIFO == 3,3,3,6
group_table_index >= SCU_STP_REMOTE_NODE_COUNT,4,2,6
"sdp, bd->bd_gl == gl",4,2,6
&lockup_detector_lock,3,3,6
!found,5,1,6
wl->stats_id < 2,3,3,6
ctx == NULL,4,2,6
sel->p < 1,3,3,6
"sdp, requested",3,3,6
id.nid != LNET_NID_ANY,4,2,6
journal_current_handle() == handle,4,2,6
!obj->sg_list,3,3,6
id,4,2,6
PageSwapCache(page),3,3,6
" descp->BUF_CNT == HFS_ADDR_DEST, descp->BUF_CNT ",3,3,6
!sfw_batch_active(tsb),4,2,6
tx->tx_lnetmsg != NULL,4,2,6
commit_transaction->t_shadow_list == NULL,4,2,6
queue < AC_COUNT,3,3,6
type == NVKM_MM_TYPE_NONE || type == NVKM_MM_TYPE_HOLE,4,2,6
(Nsts > 0) && (Nsts <= MAX_STREAMS_SUPPORTED),3,3,6
AP_MAX_STATIONS > WL12XX_MAX_LINKS,3,3,6
"emu != NULL, return -ENXIO",3,3,6
spin_trylock(&tree->lock),3,3,6
!sg_dma_len(sg),3,3,6
ib_conn->state != ISER_CONN_DOWN,3,3,6
rm,4,2,6
token->len >= sizeof(*khdr),3,3,6
i == r,4,2,6
start_vcn < 0,4,2,6
ios->nr_pages <= pg,3,3,6
ret != end,3,3,6
adapter->RssEnabled == FALSE,3,3,6
msg->msg_niov == 0,4,2,6
"lock->magic != SPINLOCK_MAGIC, lock, ""bad magic""",4,2,6
"xfs_iflags_test(ip, XFS_IRECLAIMABLE)",3,3,6
pPacket->Endpoint < ENDPOINT_MAX,2,4,6
siu > 2,3,3,6
pud_bad(*pud),4,2,6
cur->bc_private.a.agno == be32_to_cpu(agi->agi_seqno),4,2,6
atomic_read(&r2net_connected_peers) < 0,3,3,6
wlc->macintstatus != 0,3,3,6
"""Invalid total period"", hists->stats.total_period == 1000",6,0,6
gpu->rst,3,3,6
!(vma->vm_flags & (VM_PFNMAP|VM_MIXEDMAP)),4,2,6
eh->eh_magic != EXT4_EXT_MAGIC,3,3,6
fcport->cfg.maxfrsize,3,3,6
adapter->card,3,3,6
!((channel == 1) || (channel == 2)),3,3,6
!(flags & XBF_TRYLOCK),4,2,6
"self != NULL, return NETDEV_TX_OK;",6,0,6
type == VMI_PAGE_NORMAL && page->type,3,3,6
"sdp, gl->gl_state == LM_ST_UNLOCKED",3,3,6
q->type != C2_MQ_HOST_TARGET,4,2,6
!page_cgroup_locked(page),3,3,6
cf_sk->layer.dn,3,3,6
j > MAX_SKB_FRAGS,4,2,6
"dst_channels[channel].area.first % 8 == 0 && dst_channels[channel].area.step % 8 == 0, return -ENXIO",3,3,6
unlikely(len > MV_XOR_MAX_BYTE_COUNT),3,3,6
vaddr >= (unsigned long)high_memory,4,2,6
tp->t_dqinfo,4,2,6
atomic_read(&hdev->ibh_ref) > 0,4,2,6
!dlm,6,0,6
&il->sta_lock,4,2,6
drbd_interval_empty(&e->i),3,3,6
!((type == IOC4_SIO_INTR_TYPE) || (type == IOC4_OTHER_INTR_TYPE)),4,2,6
" ifbp->IFB_RxFID < CFG_PROD_DATA, ifbp->IFB_RxFID",3,3,6
"dev_priv, intel_crtc",3,3,6
lip->li_flags & XFS_LI_IN_AIL,3,3,6
PUD_TABLE_SIZE != pgtable_cache_size[PUD_CACHE_NUM],3,3,6
sizeof (((struct sk_buff *)0)->cb) < sizeof (struct skb_data),3,3,6
"chip != NULL, return -EINVAL",3,3,6
atomic_read(&rpc->crpc_refcount) == 0,4,2,6
adapter->MsiEnabled == FALSE,3,3,6
ul_shm_base_virt != 0,3,3,6
uvd->fbuf != NULL,3,3,6
minor >= COMEDI_NUM_MINORS,3,3,6
be32_to_cpu(hdr->magic) == XFS_DIR2_DATA_MAGIC,3,3,6
!checksummed,3,3,6
pcie->afi_clk,3,3,6
pag->pag_ici_init,3,3,6
tmp_info->magic == old_info->magic,4,2,6
msg->data != NULL,3,3,6
"!test_bit(XPT_BUSY, &xprt->xpt_flags)",3,3,6
!blk_rq_started(rq),3,3,6
PGD_TABLE_SIZE != pgtable_cache_size[PGD_CACHE_NUM],3,3,6
!child,3,3,6
t->u.kernel.target,4,2,6
mech->gm_ops,3,3,6
level == path->active-1,4,2,6
(field >= XFS_SBS_IFREE) && (field <= XFS_SBS_FDBLOCKS),3,3,6
end < cur,4,2,6
mp->tlb_nr,3,3,6
buffer_info->skb,4,2,6
res->inflight_locks != 0,3,3,6
cpu == 0,4,2,6
"""wrong precise_ip"", evsel->attr.precise_ip == 2",4,2,6
channel,4,2,6
" descp == p, (hcf_32)descp ",3,3,6
bss->ni_buf != NULL,2,4,6
retval,3,3,6
cmd->meta.flags & CMD_ASYNC,3,3,6
dt_object_exists(o),3,3,6
logfs_super(sb)->s_flags & LOGFS_SB_FLAG_SHUTDOWN,3,3,6
args->inumber != ino,4,2,6
sizeof(struct bictcp) > ICSK_CA_PRIV_SIZE,4,2,6
wl->resched == false,3,3,6
msg->flags & XPC_M_DONE,3,3,6
len > PAGE_SIZE,5,1,6
!sn->sn_timer_active,4,2,6
current != mdev->tconn->worker.task,3,3,6
atomic_read(&sh->count) != 1,3,3,6
port == BT_MBI_UNIT_GFX,3,3,6
path->nodes[1],4,2,6
bp && !XFS_BUF_GETERROR(bp),3,3,6
atomic_read(&sig->count) != 1,3,3,6
f->m.wptr >= f->m.memsz,4,2,6
cdata != NULL,3,3,6
type == FC_BEACON || type == FC_PROBE_RESP,3,3,6
txq_id == IWL39_CMD_QUEUE_NUM,3,3,6
chained,3,3,6
n > ni_660x_max_rtsi_channel,3,3,6
page->type,3,3,6
raw_smp_processor_id() != cpu_num,3,3,6
"XFS_FSB_TO_AGNO(mp, INT_GET(*pp, ARCH_CONVERT)) < mp->m_sb.sb_agcount",3,3,6
i >= tnode_child_length(tn),3,3,6
state == XFS_EXT_NORM || state == XFS_EXT_UNWRITTEN,4,2,6
!port || !chan,6,0,6
"(d) == XFS_SB_DADDR || xfs_daddr_to_agbno(mp, d) != XFS_SB_DADDR",4,2,6
(caddr_t) bf->bf_desc < ((caddr_t) dd->dd_desc + dd->dd_desc_len),3,3,6
m != 0 && pow2p != 0,3,3,6
"irq_chip_compose_msi_msg(irq_data, &msg)",4,2,6
icd != mx3_cam->icd,3,3,6
&dentry->d_lock,4,2,6
!ibqp,4,2,6
PCIBIOS_MIN_MEM != SH7751_PCI_MEMORY_BASE,3,3,6
!p->on_rq,3,3,6
"rgd->rd_sbd, buf < length",3,3,6
((unsigned long)netDevice->SendBuffer & (PAGE_SIZE - 1)) == 0,3,3,6
&trans->shrd->mutex,3,3,6
pte_present_nonuma(pte),3,3,6
S_ISREG(object->backer->d_inode->i_mode),3,3,6
!(cmd->meta.flags & CMD_ASYNC),3,3,6
scb_ampdu->scb,3,3,6
!dp,5,1,6
"err >= 0, goto failure",3,3,6
isnullstartblock(del->br_startblock) == delay,4,2,6
!ht->p.key_len,3,3,6
"XFS_BUF_FSPRIVATE2(bp, void *) == NULL",3,3,6
log->l_grant_write_cycle - 1 == CYCLE_LSN(tail_lsn),3,3,6
(wlc_hw->corerev - XMTFIFOTBL_STARTREV) < ARRAY_SIZE(xmtfifo_sz),3,3,6
tx->cookie < 0,4,2,6
!route->ksnr_scheduled,4,2,6
bip == NULL,3,3,6
ARRAY_SIZE(sc->sbands) < IEEE80211_NUM_BANDS,3,3,6
tegra->reset,5,1,6
!fbr,3,3,6
!pte_chain,3,3,6
"rtStatus == RT_STATUS_SUCCESS, (""CmdSendDownloadCode fail !!\n"")",3,3,6
wlc->pub->tunables->ampdunummpdu <= AMPDU_MAX_MPDU,3,3,6
!OCFS2_IS_VALID_DINODE(fe),6,0,6
args->minlen <= args->maxlen,4,2,6
!buffer->addr,3,3,6
byte_count != 0,3,3,6
in_atomic(),4,2,6
RB_EMPTY_NODE(*rbnode),3,3,6
rq,3,3,6
list_empty(&nm_i->free_nid_list),3,3,6
!(OCFS2_I(inode)->ip_dyn_features & OCFS2_HAS_REFCOUNT_FL),5,1,6
!list_empty(&dev_priv->mm.request_list),3,3,6
nimap == 0 || nimap == 1,4,2,6
!mutex_is_locked(&radio->lock),3,3,6
err >= R2NET_ERR_MAX,3,3,6
add_list.next,3,3,6
! ip,3,3,6
!port->sc_is_asynch,4,2,6
!t,5,1,6
"oh->prcm.omap2.module_offs, shift",3,3,6
!dev->done.next,3,3,6
__get_cpu_var(lazy_mode) && !(mode == PARAVIRT_LAZY_NONE || mode == PARAVIRT_LAZY_FLUSH),3,3,6
(field >= XFS_SBS_ICOUNT) && (field <= XFS_SBS_FDBLOCKS),3,3,6
!validfmt(block->fmt),4,2,6
end_points[ep].buffer_valid == cy_false,3,3,6
!mapping->a_ops->get_xip_page,3,3,6
r2net_wq != NULL,3,3,6
le16_to_cpu(eh->eh_entries) > le16_to_cpu(eh->eh_max),3,3,6
((ksock_net_t *) ni->ni_data)->ksnn_shutdown == 0,4,2,6
req->rq_reqmsg,5,1,6
streamID != HTC_RAW_STREAM_NOT_MAPPED,2,4,6
txq_id != IWL_CMD_QUEUE_NUM,3,3,6
desc->bd_iov_count,3,3,6
(pci_addr & (swap->config_size - 1)) == 0,3,3,6
tx->tx_msg.ksm_zc_cookies[0] == 0,4,2,6
"!cpus_equal(cpumask, tmp)",3,3,6
!mapping->a_ops->get_xip_mem,3,3,6
atomic_read(&Device->RefCount) == 0,3,3,6
sdh,3,3,6
dqp->q_res_bcount >= be64_to_cpu(dqp->q_core.d_bcount),4,2,6
"per_cpu(cpu_tlbstate, cpu).active_mm != next",3,3,6
ac->ac_handle != handle,3,3,6
hc->hc_magic != O2HB_CB_MAGIC,4,2,6
new->status & IPS_NAT_DONE_MASK,4,2,6
journal->j_committing_transaction == NULL,4,2,6
blocksize != 8,3,3,6
hwgroup->drive != NULL,3,3,6
MAX(sysClk) < 16*MIN(bandwidth),3,3,6
hooknum == NF_IP_PRE_ROUTING || hooknum == NF_IP_POST_ROUTING,3,3,6
!(spec->flags & (EFX_FILTER_FLAG_RX | EFX_FILTER_FLAG_TX)),3,3,6
!rwsem_is_locked(&vma->vm_mm->mmap_sem),3,3,6
pages >= RPCSVC_MAXPAGES,3,3,6
dir,3,3,6
!cmd->meta.u.callback,3,3,6
ret == -ENOSPC,4,2,6
lp->pending_tx_skb != NULL,4,2,6
"sdp, !qd->qd_slot_count",4,2,6
((unsigned long)netDevice->ReceiveBuffer & (PAGE_SIZE - 1)) == 0,3,3,6
is_valid_ether_addr(perm),3,3,6
msg->msg_onactivelist,5,1,6
" ifbp->IFB_MBp != NULL, 0 ",3,3,6
"oh->prcm.omap4.rstctrl_reg, ohri.rst_shift",3,3,6
!old.frozen,4,2,6
ul_ext_end != 0,3,3,6
qc->n_elem > 0,2,4,6
slot >= 0 && slot < ring->nr_slots,3,3,6
eq->workpending == true,3,3,6
pcie->pcie_xclk,3,3,6
pool < IBMVETH_NUM_BUFF_POOLS,3,3,6
pNetDev,3,3,6
pi->dma_region == NULL,4,2,6
offset < XFS_INODES_PER_CHUNK,4,2,6
"offset == TX_CPU_BASE && tg3_flag(tp, 5705_PLUS)",3,3,6
ced->mode != CLOCK_EVT_MODE_ONESHOT,3,3,6
r2net_listen_sock != NULL,3,3,6
(desc->size + 1) / 8 != GDT_ENTRIES,3,3,6
!rs->rs_scheduled,4,2,6
!lock,6,0,6
etmp != NULL,3,3,6
rc || !daemon,3,3,6
ip->i_d.di_forkoff != 0,3,3,6
part->act_state != XPC_P_DEACTIVATING,3,3,6
pDeF->skb,3,3,6
out,3,3,6
3 == 4,3,3,6
!caifn,3,3,6
!buflen,3,3,6
&tree->lock,3,3,6
PCI(sii) || PCIE(sii),3,3,6
efx->irq_status.dma_addr & 0x0f,4,2,6
atomic_read(&host->h_count) < 0,3,3,6
&rdev->mutex,6,0,6
qtrx->qt_ino_res >= qtrx->qt_ino_res_used,4,2,6
"!test_bit(R5_UPTODATE, &sh->dev[sh->pd_idx].flags)",3,3,6
!req->special,3,3,6
XFS_DQ_IS_ON_FREELIST(dqp),3,3,6
pix->bytesperline < 0,3,3,6
dev->mode != CLOCK_EVT_MODE_UNUSED,3,3,6
end > vma->vm_end,3,3,6
!vectors,3,3,6
!*filpp,3,3,6
si_coreid(wlc_hw->sih) == D11_CORE_ID,3,3,6
!is_shadow_present_pte(*sptep),3,3,6
"sdp, rgd->rd_rg.rg_free",3,3,6
clk->users == 0,3,3,6
"child_pid, waitpid(child_pid, &status, 0)",6,0,6
!nat_blk,3,3,6
ksocknal_data.ksnd_nnets == 0,4,2,6
BMI_COMMAND_FITS(sizeof(cid) + sizeof(address) + sizeof(param)),2,4,6
"s5k6aa, STBY",4,2,6
msg->msg_kiov == NULL,4,2,6
!__builtin_constant_p(w),5,1,6
sizeof(cr) <= 16,4,2,6
(obj->write_domain & ~I915_GEM_DOMAIN_GTT) != 0,3,3,6
" len >= HFS_DAT + 2, len ",3,3,6
&o2net_debug_lock,4,2,6
!xfs_buf_geterror(*bpp),3,3,6
"emu != NULL, return -EINVAL",3,3,6
offset >= 256,6,0,6
!intc,3,3,6
"lock->owner != current, lock, ""wrong owner""",4,2,6
ip == mp->m_rbmip,3,3,6
"skb_headroom(tx_skb) >= (TTP_MAX_HEADER + TTP_SAR_HEADER), { dev_kfree_skb(tx_skb); return -1; } ",4,2,6
page->index != offset,3,3,6
" ifbp->IFB_IntOffCnt != 0xFFFE || action == HCF_ACT_INT_OFF, MERGE_2( action, ifbp->IFB_IntOffCnt ) ",3,3,6
IS_ERR(em) || !em,3,3,6
"page_count(buddy) != 0, buddy",4,2,6
be16_to_cpu(entry->nameidx) >= ichdr.firstused,4,2,6
"sdp, gfs2_is_jdata(ip)",4,2,6
R_REG(&cc->capabilities) & CC_CAP_PWR_CTL,3,3,6
log->l_grant_write_bytes <= BBTOB(BLOCK_LSN(tail_lsn)),3,3,6
"pcm != NULL, return -EINVAL",3,3,6
reg > WM9081_MAX_REGISTER,3,3,6
RB_EMPTY_NODE(*new),3,3,6
the_lnet.ln_refcount == 0,5,1,6
part->remote_vars_version == 0,3,3,6
"""wrong period"", 100000 == evsel->attr.sample_period",3,3,6
sii->pbus != NULL,3,3,6
(packetLenAligned - packetLen) < sizeof(UINT64),3,3,6
q_avail > 0,3,3,6
type != KM_PTE0 && type != KM_PTE1,3,3,6
net->ksnn_ninterfaces <= LNET_MAX_INTERFACES,4,2,6
!(XFS_BUF_ISDELAYWRITE(bp)),3,3,6
!dn,4,2,6
(cee != NULL) && (cee->ioc != NULL),3,3,6
offset,3,3,6
inode->i_nlink == 0,4,2,6
name_up != NULL,4,2,6
list_empty(&console_session.ses_rpc_freelist),4,2,6
!nodes_allowed,4,2,6
"IS_ALIGNED(len, sizeof(u32))",3,3,6
err != -ECONNREFUSED,3,3,6
!iopgsz_ok(bytes),3,3,6
!error || error == EAGAIN,3,3,6
flags & XFS_QMOPT_RESBLK_MASK,4,2,6
VALID_PAGE(vcpu->arch.mmu.root_hpa),3,3,6
"dev_priv, cpu_transcoder",3,3,6
"pmd_table != pmd_offset(pud, 0)",4,2,6
wlc_hw->wlc->pub->hw_up && wlc_hw->wlc->macintmask == 0,3,3,6
"xfs_btree_get_numrecs(block) >= cur->bc_ops->get_minrecs(tcur, level)",4,2,6
conn == NULL,5,1,6
sg != NULL,3,3,6
req == NULL,5,1,6
!list_empty(bf_q),3,3,6
"pcm != NULL, return -ENXIO",3,3,6
!dev_net(dev),4,2,6
BMI_COMMAND_FITS(BMI_DATASZ_MAX+header),2,4,6
!(lockres->l_flags & OCFS2_LOCK_BLOCKED),4,2,6
flags & ~(KM_SLEEP|KM_NOSLEEP|KM_NOFS|KM_MAYFAIL),3,3,6
PageDirty(src_page),3,3,6
ISPOWEROF2(AMPDU_RX_BA_MAX_WSIZE),3,3,6
list_empty(&console_session.ses_ndl_list),4,2,6
&qs->qs_lock,4,2,6
(offset & ~0xffff) == 0,3,3,6
holder_cpu >= NR_CPUS,4,2,6
list_empty(&rs->rs_exp_list),4,2,6
loghandle->lgh_ctxt,3,3,6
!lv->lv_item->li_lv,3,3,6
isnullstartblock(new->br_startblock),4,2,6
PTE_TABLE_SIZE != pgtable_cache_size[PTE_CACHE_NUM],3,3,6
hdr->magic == cpu_to_be32(XFS_DIR2_DATA_MAGIC) || hdr->magic == cpu_to_be32(XFS_DIR2_BLOCK_MAGIC) || hdr->magic == cpu_to_be32(XFS_DIR3_DATA_MAGIC) || hdr->magic == cpu_to_be32(XFS_DIR3_BLOCK_MAGIC),4,2,6
ini == &scb_ampdu->ini[ini->tid],3,3,6
!rwsem_is_locked(&mm->mmap_sem),4,2,6
!set || (!params && !plen),3,3,6
!(ah->ah_version == AR5K_AR5212) || !(channel->hw_value & CHANNEL_OFDM),3,3,6
allBytes != 0,3,3,6
!rdev->desc->n_linear_ranges,4,2,6
!q->shared,4,2,6
" ( ltvp->val[0] & ~(USE_DMA | USE_16BIT) ) == 0, ltvp->val[0] ",3,3,6
!ops->tx,3,3,6
msg->msg_magic == __swab32(SRPC_MSG_MAGIC),4,2,6
fcport->speed_sup,3,3,6
!PageTransHuge(page),3,3,6
size > RMSTR_R2NET_MAX_LEN,3,3,6
"cookie->def->type, !=, FSCACHE_COOKIE_TYPE_INDEX",6,0,6
index < adapter->rx_buff_pool[pool].size,3,3,6
offset & 1,3,3,6
RX_FIFO == 0,3,3,6
handle != 0,3,3,6
(match_reg_offset < RCM_SIZE) || (wlc_hw->corerev == 4),3,3,6
filter_idx >= table->size,3,3,6
"INT_GET(*pp, ARCH_CONVERT) != NULLDFSBNO",3,3,6
bp->b_bn != XFS_BUF_DADDR_NULL,3,3,6
&dev_priv->psr.lock,4,2,6
lock_flags & XFS_ILOCK_EXCL,3,3,6
dqp->q_res_icount >= be64_to_cpu(dqp->q_core.d_icount),4,2,6
PageUptodate(page),3,3,6
IS_ERR(clk0),3,3,6
ecache->ct == ct,3,3,6
targ == NULL,3,3,6
par->hooknum == NF_INET_PRE_ROUTING || par->hooknum == NF_INET_LOCAL_OUT,3,3,6
atomic_read(&tx->tx_refcount) > 0,4,2,6
!policy,3,3,6
((char *)entry_s + tmp) <= ((char *)leaf_s + args->geo->blksize),4,2,6
!(req->rq_state & RQ_NET_MASK),3,3,6
(blockcount & xfs_mask64hi(64-BMBT_BLOCKCOUNT_BITLEN)) == 0,4,2,6
device_type <= IXGB_MAX_PHY_DEV_TYPE,4,2,6
"ip->i_sbd, !error",3,3,6
"si_core_sflags(wlc_hw->sih, 0, 0) & SISF_FCLKA",3,3,6
"page_mapped(page), page",3,3,6
DOT11_MAXNUMFRAGS == NBITS(u16),3,3,6
percpu_read(cpu_tlbstate.active_mm) != next,3,3,6
vma->vm_flags & VM_RESERVED,3,3,6
!XPC_SUPPORTS_DISENGAGE_REQUEST(part->remote_vars_version),3,3,6
INTEL_INFO(dev)->gen < 5,3,3,6
"obj != NULL, return;",6,0,6
fw_dev == NULL,3,3,6
"dev_priv, crtc->plane",4,2,6
bp->b_iodone != NULL,4,2,6
tid->tx_buf[cindex] == NULL,3,3,6
bounded == true || wlc->macintstatus == 0,3,3,6
over >= BTRFS_KEY_OVERFLOW_MAX,3,3,6
be32_to_cpu(leaf->ents[highstale].address) == XFS_DIR2_NULL_DATAPTR,3,3,6
!OCFS2_IS_VALID_GROUP_DESC(bg),5,1,6
argv0_path,3,3,6
rfbi.bits_per_cycle != 8,3,3,6
SCB_AMPDU(scb_ampdu->scb),3,3,6
tlb->nr > tlb->max,4,2,6
(char *)dup - (char *)hdr == be16_to_cpu(*xfs_dir2_data_unused_tag_p(dup)),4,2,6
conn->ksnc_sock == NULL,4,2,6
wlc->pub->tunables->ampdunummpdu > 0,3,3,6
be16_to_cpu(leaf->hdr.count) < (XFS_LBSIZE(args->dp->i_mount)/8),3,3,6
pb->pb_flags & PBF_DELWRI,3,3,6
magic == XFS_DIR2_LEAF1_MAGIC || magic == XFS_DIR2_LEAFN_MAGIC,4,2,6
"port != NULL, return",3,3,6
len >= IGBVF_MAX_DATA_PER_TXD,4,2,6
!slab_is_available(),3,3,6
!list_empty(&timer->it.cpu.entry),3,3,6
pending,4,2,6
ret && ret != -ENOENT,3,3,6
ip->i_df.if_bytes > 0,3,3,6
tx_ack == NULL || tx_ack->tx_msg.ksm_type == KSOCK_MSG_NOOP,4,2,6
cycle_fd < 0,3,3,6
"hdr != NULL, return NULL",3,3,6
state_read(&ep->com) != MPA_REQ_RCVD,4,2,6
which < img_request->obj_request_count,4,2,6
obd->obd_proc_entry != NULL,3,3,6
!list_empty(&clp->cl_state_owners),3,3,6
"t != NULL, return -ENXIO",3,3,6
"""wrong period"", 1000 == evsel->attr.sample_period",3,3,6
rqLen > 0,3,3,6
i1480u->wlp.rc == NULL,3,3,6
"(offset % PAGE_SIZE) == 0, return NOPAGE_OOM",3,3,6
!root->node,3,3,6
lp->emp,3,3,6
" prot_cnt, IPW( HREG_IO ) ",3,3,6
XFS_BUF_ISREAD(bp) || bp->b_iodone,3,3,6
!wlc_hw->up,3,3,6
wlc_hw->wlc->macintmask == 0,3,3,6
msg != NULL && msg->number != get,3,3,6
wlc->stf->txchain != 0,3,3,6
warning > 0,3,3,6
!cfg,3,3,6
!core_mask || Nsts <= WLC_BITSCNT(core_mask),3,3,6
ctx->bank2_phys & ((1 << MFC_BANK2_ALIGN_ORDER) - 1),3,3,6
"dbri != NULL, return -EINVAL",3,3,6
"ismrlocked(&ip->i_lock, MR_UPDATE) != 0",3,3,6
*cur_ptr == e,3,3,6
!(rq->flags & REQ_STARTED),3,3,6
irq < NUM_EMMA2RH_IRQ_SW,3,3,6
busdn == NULL,3,3,6
!(flags & SYNC_WAIT),3,3,6
"jh, !buffer_jbddirty(bh)",3,3,6
req->rq_state & RQ_EXP_WRITE_ACK,3,3,6
(SI_INFO(sih))->pbus != NULL,3,3,6
ret != BCME_PENDING,3,3,6
!(new->d_flags & DCACHE_DISCONNECTED),3,3,6
ETH_ALEN != 6,3,3,6
((readl(mv_ap_base(qc->ap) + EDMA_REQ_Q_IN_PTR_OFS) >> EDMA_REQ_Q_PTR_SHIFT) & MV_MAX_Q_DEPTH_MASK) == pp->req_producer,3,3,6
tx->tx_status == 0,3,2,5
specified_table_size > TCE_TABLE_SIZE_8M,3,2,5
ipg <= IBLND_RX_MSG_PAGES(conn->ibc_version),3,2,5
!card || !device_data,4,1,5
nextents <= XFS_INLINE_EXTS,3,2,5
!data || !ph,3,2,5
tx->tx_nwrq >= 0,3,2,5
p > msg->front.iov_base + msg->front.iov_len,3,2,5
state >= ARRAY_SIZE(sensor_status_names),3,2,5
ticks > 0,3,2,5
LOOPBACK_PMAPMD != MC_CMD_LOOPBACK_PMAPMD,3,2,5
!kaddr,3,2,5
(idx >= 0) && (idx <= nextents),3,2,5
logname != NULL,3,2,5
part->remote_rp_version == 0,3,2,5
ibm == NULL,3,2,5
atomic_read(&alg->cra_refcnt) != 1,3,2,5
&devinfo->lock,4,1,5
agbno + len <= mp->m_sb.sb_agblocks,3,2,5
!(flags & ~(XFS_BMAPI_ATTRFORK|XFS_BMAPI_ENTIRE| XFS_BMAPI_IGSTATE)),3,2,5
msg_byte_cnt + ctx->h.b_cnt <= SKEIN_512_BLOCK_BYTES,3,2,5
"sdp, gfs2_glock_is_held_excl(ip->i_gl)",3,2,5
flen > 0,3,2,5
channel->work_arr[channel->post_index] == NULL,3,2,5
args->firstblock != NULL,3,2,5
del->br_blockcount > 0,3,2,5
!ok,3,2,5
dev->ibd_nnets == 0,3,2,5
error != 0,3,2,5
PAGE_SIZE % IBLND_MSG_SIZE == 0,3,2,5
context->firstu <= context->bufsize,3,2,5
prev.br_state == XFS_EXT_NORM,3,2,5
!data[primary],3,2,5
"(channel >= 1 && channel <= 14), ""invalid channel for Zebra: %d\n"", channel",3,2,5
ptr == numrecs + 1,3,2,5
entry + npages > tbl->it_size,3,2,5
--retries < 0,3,2,5
BBTOB(bp->b_length) >= ifp->if_bytes + sizeof(struct xfs_dsymlink_hdr),3,2,5
b->sg_cnt > NO_OF_SG_PER_BLOCK,3,2,5
sizeof(struct i596_rbd) & 31,3,2,5
sectors <= 0,3,2,5
size & (size-1),3,2,5
"xfs_iext_get_ext(ifp, 0)",3,2,5
nom != NULL,3,2,5
conn->ibc_credits + conn->ibc_reserved_credits + IBLND_OOB_MSGS(ver) <= IBLND_RX_MSGS(ver),3,2,5
temp <= da_old,3,2,5
mval[i].br_startoff >= bno,3,2,5
!(ch->flags & (XPC_C_DISCONNECTED | XPC_C_OPENREQUEST)),3,2,5
conn->ksnc_rx_scheduled,4,1,5
!config,3,2,5
"self->magic == IRCOMM_MAGIC, return -1;",5,0,5
msg->msg_routing,4,1,5
"gl, mapping && mapping->nrpages",3,2,5
offset < mp->m_sb.sb_inopblock,3,2,5
(fin % MHZ) || nr > BIT(6),3,2,5
npages > 0,3,2,5
ifp->if_real_bytes == XFS_IEXT_BUFSZ,3,2,5
nmap <= subnex,3,2,5
LOOPBACK_XAUI_WS != MC_CMD_LOOPBACK_XAUI_WS,3,2,5
bno >= del.br_blockcount,3,2,5
!runtime->hw.rates,3,2,5
ret_nmap <= nmap,3,2,5
index > limit,3,2,5
pin >= MFP_PIN_MAX,3,2,5
!(args->flags & ATTR_KERNOVAL),3,2,5
rm & (SP_HIDDEN_BIT << 3),4,1,5
ifp->if_real_bytes,3,2,5
!IBLND_OOB_CAPABLE(ver) || conn->ibc_noops_posted <= IBLND_OOB_MSGS(ver),3,2,5
efx->loopback_selftest,3,2,5
kiblnd_data.kib_peers != NULL,3,2,5
atomic_read(&rxq->used),3,2,5
cnx->num_pending_acks > VETH_MAX_ACKS_PER_MSG,2,3,5
sizeof(atomic_t) != sizeof(int),3,2,5
ch->flags & XPC_C_OPENREQUEST,3,2,5
thread->return_error != BR_OK,3,2,5
cur->bc_private.a.agno != NULLAGNUMBER,3,2,5
j++ < 4,3,2,5
"xfs_bmbt_maxrecs(mp, ifp->if_broot_bytes, 0) == 1",3,2,5
img_request != NULL,4,1,5
ARRAY_SIZE(pageflag_names) != __NR_PAGEFLAGS,3,2,5
list_empty(&conn->ibc_tx_queue_rsrvd),3,2,5
!work,3,2,5
(probe >= 0) && (probe < max),3,2,5
dev->rx_sg_skb,3,2,5
tic->t_flags & XLOG_TIC_PERM_RESERV,3,2,5
nexts >= 0,3,2,5
context->count < (ATTR_MAX_VALUELEN/8),3,2,5
RB_EMPTY_ROOT(&cfqq->sort_list),3,2,5
bno >= mod,3,2,5
!is_shub2(),3,2,5
stat,3,2,5
conn->ibc_state == IBLND_CONN_ESTABLISHED,3,2,5
size <= 0,3,2,5
!page_pool,3,2,5
XFS_ISIZE(ip) == ip->i_mount->m_sb.sb_blocksize,3,2,5
iic->eoi_ptr > 15,3,2,5
isnullstartblock(got->br_startblock),3,2,5
idx < XFS_INLINE_EXTS,3,2,5
wb != NULL,4,1,5
"self != NULL, return FALSE;",5,0,5
!ci->i_head_snapc,5,0,5
port > 2,3,2,5
bma->got.br_startoff + bma->got.br_blockcount >= bma->offset + bma->length,3,2,5
ni == tx->tx_conn->ibc_peer->ibp_ni,3,2,5
!dev->dmasound.bufsize,3,2,5
atomic64_inc_not_zero(&v),3,2,5
blk_queued_rq(rq),4,1,5
AR_SREV_9280_20_OR_LATER(ah),3,2,5
"FIELD_SIZEOF(struct net_device, type) != 2",4,1,5
bad,3,2,5
flist->xbf_count == 0,3,2,5
XFS_FORCED_SHUTDOWN(mp) || !(dqp->q_logitem.qli_item.li_flags & XFS_LI_IN_AIL),3,2,5
"pos + len, ==, eof",3,2,5
!q->ops->buf_release,3,2,5
(map[i].br_startblock != DELAYSTARTBLOCK) && (map[i].br_startblock != HOLESTARTBLOCK),3,2,5
MC_CMD_NVRAM_ERASE_OUT_LEN != 0,3,2,5
block < 0 || block >= INTEL_MSIC_BLOCK_LAST,3,2,5
den != NULL,3,2,5
sk->sk_lock.owner != NULL,3,2,5
!descriptor,4,1,5
buf != NULL,3,2,5
irq_has_action(entry->irq + i),3,2,5
ifp->if_u1.if_extents == NULL || ifp->if_u1.if_extents == ifp->if_u2.if_inline_ext,3,2,5
NInoAttr(ni),5,0,5
ram->base.next != &ram->base.xition,3,2,5
b == 0,3,2,5
!main_int_base,3,2,5
len > MV_XOR_MAX_BYTE_COUNT,3,2,5
bf->skb == NULL,3,2,5
atomic_read(&conn->ibc_refcount) == 0,3,2,5
!port->in_vq,3,2,5
conn->ibc_noops_posted == 0,3,2,5
list_empty(&dev->ibd_nets),3,2,5
tp->timer_offset > HZ,3,2,5
transaction->t_checkpoint_io_list == NULL,3,2,5
sizeof(msg->ibm_type) == 1,3,2,5
sizeof(ar->eeprom) & 3,3,2,5
ifp->if_bytes > 0,3,2,5
whichfork == XFS_ATTR_FORK,3,2,5
msg->msg_receiving,4,1,5
cnt == (ifp->if_bytes / (uint)sizeof(xfs_bmbt_rec_t)),3,2,5
page_zone(page) != zone,3,2,5
!(lockres->l_flags & USER_LOCK_BLOCKED),3,2,5
conn->ibc_cmid != NULL,3,2,5
LOOPBACK_XGMII_WS != MC_CMD_LOOPBACK_XGMII_WS,3,2,5
cpu_online(smp_processor_id()),3,2,5
nmap <= 1,3,2,5
conn->ibc_outstanding_credits <= IBLND_MSG_QUEUE_SIZE(ver),3,2,5
(void *)buffer > proc->buffer + proc->buffer_size,3,2,5
nfound <= nalloc,3,2,5
--cl->refcnt == 0,5,0,5
ret != sizeof(u64),3,2,5
mp->m_rbmip->i_itemp != NULL,3,2,5
"!xfs_iflags_test(ip, XFS_IRECLAIMABLE)",3,2,5
i == 0 || mval[i - 1].br_startoff + mval[i - 1].br_blockcount == mval[i].br_startoff,3,2,5
(ino & 0xff00000000000000ULL) == 0,3,2,5
mask & ATTR_GID,3,2,5
align_off + align_alen <= gotp->br_startoff,3,2,5
npages == 0,3,2,5
LOOPBACK_PCS != MC_CMD_LOOPBACK_PCS,3,2,5
rbd_dev->spec->snap_id != CEPH_NOSNAP,3,2,5
virt_to_mfn(mid_mfn) != *top_mfn_p,3,2,5
XFS_IS_QUOTA_RUNNING(ip->i_mount),3,2,5
mval[i].br_startoff + mval[i].br_blockcount <= bno + len,3,2,5
!(omap_obj->flags & OMAP_BO_DMA),3,2,5
xfs_bmap_free_item_zone != NULL,3,2,5
(fix_size > TFD_MAX_PAYLOAD_SIZE) && !(cmd->flags & CMD_SIZE_HUGE),3,2,5
msg->flags != 0,3,2,5
"i == XFS_IFORK_NEXTENTS(ip, whichfork)",3,2,5
info->calc_divs == NULL,3,2,5
mapping_size > 0,3,2,5
orig_off >= align_off,3,2,5
!handler,3,2,5
rlen <= args->maxlen,3,2,5
peer2->ibp_connecting != 0 || peer2->ibp_accepting != 0,3,2,5
"offsetof(kib_msg_t, ibm_u.immediate.ibim_payload[payload_nob]) <= IBLND_MSG_SIZE",3,2,5
!_omap3_sram_configure_core_dpll,3,2,5
!of_node_is_initialized(np),3,2,5
!list,4,1,5
gpn >= ARRAY_SIZE(s3c_gpios),3,2,5
tx->tx_nwrq < IBLND_MAX_RDMA_FRAGS + 1,3,2,5
!list_empty(&ns->ns_list_chain),4,1,5
IS_ERR_OR_NULL(di),3,2,5
bma->got.br_startoff <= bma->offset,3,2,5
"!test_bit(R5_UPTODATE, &dev->flags)",3,2,5
be16_to_cpu(rblock->bb_level) == 1,3,2,5
task->total_xfer_len < total_len,3,2,5
rlen >= args->minlen,3,2,5
page_offset <= PAGE_SIZE,3,2,5
offset + size <= i_size_read(inode),3,2,5
ops != NULL,3,2,5
ring->id != RCS,2,3,5
type > XFS_BLFT_UNKNOWN_BUF && type < XFS_BLFT_MAX_BUF,3,2,5
copied != 0,3,2,5
error != 0 || conn->ibc_state >= IBLND_CONN_ESTABLISHED,3,2,5
page_idx >= 0,3,2,5
!(cmd & ESP_CMD_DMA),5,0,5
ip->i_afp->if_u1.if_extents != NULL,3,2,5
LOOPBACK_DATA != MC_CMD_LOOPBACK_DATA,3,2,5
last == NULL,3,2,5
"*ap->firstblock == NULLFSBLOCK || XFS_FSB_TO_AGNO(mp, *ap->firstblock) == XFS_FSB_TO_AGNO(mp, args.fsbno) || (ap->flist->xbf_low && XFS_FSB_TO_AGNO(mp, *ap->firstblock) < XFS_FSB_TO_AGNO(mp, args.fsbno))",3,2,5
sizeof(efx->rx_hash_key) < 2 * sizeof(temp) + FRF_CZ_RX_RSS_IPV6_TKEY_HI_WIDTH / 8 || FRF_CZ_RX_RSS_IPV6_TKEY_HI_LBN != 0,3,2,5
LOOPBACK_GPHY != MC_CMD_LOOPBACK_GPHY,3,2,5
ip->i_pdquot,4,1,5
!r->reg,5,0,5
&solo_dev->slock,3,2,5
"0, ptrace(PTRACE_CONT, child_pid, NULL, 0)",5,0,5
sizeof(struct nvme_create_cq) != 64,3,2,5
tx->tx_lntmsg[1] == NULL,3,2,5
!sp,3,2,5
pipe >= num_pipes_out(chip) || output >= num_busses_out(chip),5,0,5
sizeof(struct i596_tbd) != 32,3,2,5
got->br_startoff + got->br_blockcount >= aoff + alen,3,2,5
size > buffer_size,3,2,5
"bh, !buffer_jwrite(bh)",3,2,5
(void *)buffer < proc->buffer,3,2,5
tx == NULL || tx->tx_nwrq > 0,3,2,5
conn->ibc_nsends_posted <= IBLND_CONCURRENT_SENDS(ver),3,2,5
count < 4,3,2,5
i == erp_idx,3,2,5
agi->agi_unlinked[i],3,2,5
!rwsem_is_locked(&walk->mm->mmap_sem),3,2,5
min & 0x7,3,2,5
"bp, attn.sig[1] & group_mask->sig[1]",3,2,5
LOOPBACK_XFI_WS_FAR != MC_CMD_LOOPBACK_XFI_WS_FAR,3,2,5
"""wrong config"", 10 == evsel->attr.config",3,2,5
nextents + ext_diff > XFS_LINEAR_EXTS,3,2,5
"!dlm_domain_fully_joined(dlm), ""Domain %s not fully joined!\n"", dlm->name",4,1,5
blocknr != 0,3,2,5
"jh, jh->b_transaction == transaction || jh->b_transaction == journal->j_committing_transaction",3,2,5
pool->po_owner != NULL,3,2,5
id != -1,3,2,5
"""wrong config"", 0x1a == evsel->attr.config",3,2,5
PPC_MSG_RESCHEDULE != 1,3,2,5
*kiblnd_tunables.kib_dev_failover != 0,3,2,5
hlist_nulls_unhashed(&ct->tuplehash[IP_CT_DIR_ORIGINAL].hnnode),3,2,5
"""wrong bp_len"", sizeof(long) == evsel->attr.bp_len",3,2,5
sizeof(struct nvme_smart_log) != 512,3,2,5
ext_diff > 0,3,2,5
!list_empty(&cgrp->pidlists),3,2,5
"bp, attn.sig[2] & group_mask->sig[2]",3,2,5
cnt != L1_CACHE_ALIGN(cnt),3,2,5
!blkinfo->back,3,2,5
MC_CMD_GET_PHY_CFG_IN_LEN != 0,3,2,5
ahc,5,0,5
!length,4,1,5
bma.cur,3,2,5
new.frozen,3,2,5
agbno < mp->m_sb.sb_agblocks,3,2,5
list_empty(&ce->e_lru_list),4,1,5
conn->ibc_state > IBLND_CONN_INIT,3,2,5
nmap >= 1,3,2,5
&env->src_rq->lock,5,0,5
op == NULL,3,2,5
obj_request_type_valid(obj_request->type),4,1,5
IBLND_MSG_SIZE <= PAGE_SIZE,3,2,5
(iflags & BMV_IF_DELALLOC) != 0,3,2,5
mask & ATTR_UID,3,2,5
!vaddr,3,2,5
sizeof(msg->ibm_credits) == 1,3,2,5
i != CAS_NUM_STAT_KEYS,3,2,5
!kiblnd_peer_active(peer),3,2,5
!dev->dmasound.blksize,3,2,5
"""wrong bp_type"", HW_BREAKPOINT_R == evsel->attr.bp_type",3,2,5
state == IBLND_CONN_ACTIVE_CONNECT || state == IBLND_CONN_PASSIVE_WAIT,3,2,5
mdsc->caps_total_count != mdsc->caps_use_count + mdsc->caps_reserve_count + mdsc->caps_avail_count,5,0,5
list_empty(&info->indirect_pages),3,2,5
conn->ibc_rxs != NULL,3,2,5
sizeof(struct i596_rfd) != 32,3,2,5
!(nd->flags & LOOKUP_RCU),3,2,5
sdata->local,5,0,5
list_empty(&kiblnd_data.kib_connd_zombies),3,2,5
FRF_AZ_TX_DESC_LBN != 0,3,2,5
le16_to_cpu(el->l_next_free_rec) == 0,3,2,5
"""wrong config1"", 1 == evsel->attr.config1",3,2,5
pool->po_allocated > 0,3,2,5
tx->tx_sending > 0,3,2,5
" hashbin->magic == HB_MAGIC, return NULL;",5,0,5
sk->sk_data_ready != &ksocknal_data_ready,3,2,5
!fs_info->quota_root,3,2,5
info_for_irq(irq)->type == IRQT_UNBOUND,3,2,5
bio->bi_vcnt == 0,3,2,5
del.br_startblock == prev.br_startblock + prev.br_blockcount,3,2,5
!fbdev->ext_if || !fbdev->int_ctrl,3,2,5
dp->i_d.di_size == 0,3,2,5
key->local,4,1,5
credit == IBLND_POSTRX_NO_CREDIT || credit == IBLND_POSTRX_PEER_CREDIT || credit == IBLND_POSTRX_RSRVD_CREDIT,3,2,5
error < 0,5,0,5
req->rq_clrbuf,3,2,5
!(XFS_IS_QUOTA_RUNNING(mp)),3,2,5
sizeof(struct nvme_rw_command) != 64,3,2,5
!is_power_of_2(boundary_size),3,2,5
!bma->cur || (bma->cur->bc_private.b.flags & XFS_BTCUR_BPRV_WASDEL),3,2,5
"!kiblnd_dma_mapping_error(conn->ibc_hdev->ibh_ibdev, rx->rx_msgaddr)",3,2,5
"skb_copy_bits(from, 0, skb_put(to, len), len)",3,2,5
!cfqq->next_rq,3,2,5
!prev->free,3,2,5
got.br_startoff <= del->br_startoff,3,2,5
txdp,3,2,5
((u64)location >> (u64)32) != (u64)0,3,2,5
"XFS_IFORK_NEXTENTS(ip, whichfork) > 0",3,2,5
ap->length % mp->m_sb.sb_rextsize == 0,3,2,5
rw != READ && rw != WRITE,3,2,5
PPC_MSG_DEBUGGER_BREAK != 3,3,2,5
dma->sglen,3,2,5
LOOPBACK_XAUI_WS_NEAR != MC_CMD_LOOPBACK_XAUI_WS_NEAR,3,2,5
dentry == NULL,3,2,5
skip >= len,3,2,5
sizeof(struct p_header80) != sizeof(struct p_header95),3,2,5
nullfb || fb_agno == args.agno || (ap->flist->xbf_low && fb_agno < args.agno),3,2,5
!new_buffer->free,3,2,5
ibcr.config != 3,3,2,5
*page,3,2,5
endx > x,3,2,5
page_count(virt_to_page(ptep)) == 0,3,2,5
MC_CMD_NVRAM_WRITE_OUT_LEN != 0,3,2,5
!hba,5,0,5
q->info.si_code != SI_TIMER,3,2,5
XFS_IS_QUOTA_RUNNING(tp->t_mountp),3,2,5
rs != NULL,3,2,5
&current->sighand->siglock,5,0,5
"XFS_IFORK_FORMAT(ip, whichfork) == XFS_DINODE_FMT_BTREE || XFS_IFORK_FORMAT(ip, whichfork) == XFS_DINODE_FMT_EXTENTS || XFS_IFORK_FORMAT(ip, whichfork) == XFS_DINODE_FMT_LOCAL",3,2,5
tx->tx_conn == conn,3,2,5
sizeof(struct nvme_create_sq) != 64,3,2,5
fp->max_cos != 1,3,2,5
"do_mod(del->br_blockcount, mp->m_sb.sb_rextsize) == 0",3,2,5
align_off >= prevp->br_startoff + prevp->br_blockcount,3,2,5
"qos != NULL, return;",5,0,5
ip->i_d.di_aformat == 0,3,2,5
sizeof(ifr.ifr_name) >= IFNAMSIZ,3,2,5
PREV.br_state == oldext,3,2,5
!p || md->io_pool || md->rq_pool || md->bs,3,2,5
vino.snap != CEPH_NOSNAP,3,2,5
sret > 0,3,2,5
!block,4,1,5
atomic_read(&sec->ps_nctx) > 0,3,2,5
kiblnd_peer_active(peer),3,2,5
!aup->phy_dev,3,2,5
conn->ibc_outstanding_credits >= 0,3,2,5
atomic_read(&peer->ibp_refcount) == 0,3,2,5
ARRAY_SIZE(efx->rx_indir_table) != FR_BZ_RX_INDIRECTION_TBL_ROWS,3,2,5
sizeof(req->cmd) > sizeof(cmd->cmnd),3,2,5
LOOPBACK_XGXS != MC_CMD_LOOPBACK_XGXS,3,2,5
"stale && KEY_DIRTY(k) && KEY_SIZE(k), b, ""stale dirty pointer""",3,2,5
ch->flags & (XPC_C_ROPENREQUEST | XPC_C_ROPENREPLY | XPC_C_OPENREPLY | XPC_C_CONNECTED),3,2,5
!(ifp->if_flags & XFS_IFEXTIREC) || ((new_size >= 0) && (new_size <= XFS_IEXT_BUFSZ) && (new_size != ifp->if_real_bytes)),3,2,5
syserr >= O2NET_ERR_MAX,3,2,5
rx->rx_nob < 0,3,2,5
nob >= 0,3,2,5
vdso_end - vdso_start > PAGE_SIZE,3,2,5
!dev->cx231xx_send_usb_command,3,2,5
list_empty(&kiblnd_data.kib_peers[i]),3,2,5
LOOPBACK_XAUI_WS_FAR != MC_CMD_LOOPBACK_XAUI_WS_FAR,3,2,5
conn->ibc_connvars == NULL,3,2,5
phys & 0x1F,4,1,5
(ifp->if_broot != NULL) && (ifp->if_broot_bytes > 0),3,2,5
conn->ibc_hdev != NULL,3,2,5
cmd.header.in.length > READ_PCR_RESULT_SIZE,2,3,5
"test_bit(EXTENT_BUFFER_DIRTY, &eb->bflags)",3,2,5
tx->tx_waiting,3,2,5
!list_empty(&req->queuelist),3,2,5
OID_NUM_LAST <= n,5,0,5
((nextents - ext_diff) > 0) && (nextents - ext_diff) < XFS_INLINE_EXTS,3,2,5
gdqp == NULL,3,2,5
"jh, (jh->b_transaction == journal->j_committing_transaction)",3,2,5
callbacks != NULL,2,3,5
MC_CMD_GET_PHY_CFG_OUT_NAME_LEN != sizeof(cfg->name),3,2,5
stop > PAGE_CACHE_SIZE || stop < length,4,1,5
t->buffer == NULL,3,2,5
!plugin,5,0,5
speed >= ARRAY_SIZE(efx_mcdi_event_link_speed),3,2,5
ioc,5,0,5
mval[i].br_blockcount <= len,3,2,5
display != NULL,3,2,5
realloc,3,2,5
hooknum == NF_INET_POST_ROUTING,3,2,5
!q->ops->buf_setup,3,2,5
dqp->q_nrefs > 0,3,2,5
"""wrong type"", PERF_TYPE_HW_CACHE == evsel->attr.type",3,2,5
sizeof(struct nvme_id_ns) != 4096,3,2,5
xfs_bmbt_disk_get_startoff(&last) + xfs_bmbt_disk_get_blockcount(&last) <= xfs_bmbt_disk_get_startoff(ep),3,2,5
LOOPBACK_XFI != MC_CMD_LOOPBACK_XFI,3,2,5
!con_flag_valid(con_flag),5,0,5
key_type >= ARRAY_SIZE(trans_key_type_str),3,2,5
mutex_is_locked(&dir->i_mutex),4,1,5
cmd->flags & CMD_ASYNC,3,2,5
LOOPBACK_XGMII != MC_CMD_LOOPBACK_XGMII,3,2,5
got->br_startoff <= aoff,3,2,5
sb,3,2,5
tx->tx_nfrags == 0,3,2,5
conn->ibc_state >= IBLND_CONN_INIT,3,2,5
msg->ibm_type == IBLND_MSG_GET_REQ || msg->ibm_type == IBLND_MSG_PUT_ACK,3,2,5
!cfqq->queued[sync],3,2,5
list_empty(&conn->ibc_active_txs),3,2,5
"vma->vm_flags & VM_NO_THP, vma",2,3,5
vxres < lcd_dma.xres,3,2,5
intel_hdmi,5,0,5
count <= 0,3,2,5
!cpu_base->hres_active,3,2,5
"XFS_IFORK_FORMAT(ip, whichfork) == XFS_DINODE_FMT_EXTENTS",3,2,5
current == kiblnd_data.kib_connd,3,2,5
target_thread->transaction_stack->from != target_thread,3,2,5
b->argidx != 0,3,2,5
atomic_read(&net->ibn_nconns) == 0,3,2,5
urb++ == MMUCR_URB_NENTRIES,3,2,5
img_request_write_test(img_request),3,2,5
req->rq_bulk_read,3,2,5
cur_len,3,2,5
mempool->memblocks_dma_arr + i,3,2,5
be16_to_cpu(rblock->bb_numrecs) == 1,3,2,5
!pse,3,2,5
ARRAY_SIZE(bdx_stat_names) != sizeof(struct bdx_stats) / sizeof(u64),3,2,5
LOOPBACK_GMII_FAR != MC_CMD_LOOPBACK_GMII_FAR,3,2,5
tx->tx_lntmsg[0] == NULL,3,2,5
rec != NULL,4,1,5
!dev->rx_skb[i],3,2,5
fld != NULL,5,0,5
" hashbin != NULL, return NULL;",5,0,5
"stale > 96, b, ""key too stale: %i, need_gc %u"", stale, b->c->need_gc",3,2,5
mlc == NULL,5,0,5
(mask & (ATTR_MODE|ATTR_UID|ATTR_GID|ATTR_ATIME|ATTR_ATIME_SET| ATTR_MTIME_SET|ATTR_KILL_SUID|ATTR_KILL_SGID| ATTR_KILL_PRIV|ATTR_TIMES_SET)) == 0,2,3,5
tx->tx_nwrq <= 1 + IBLND_RDMA_FRAGS(ver),3,2,5
block->bb_numrecs == cblock->bb_numrecs,3,2,5
ip->i_afp->if_u1.if_data != NULL,3,2,5
t->buffer->async_transaction != 1,3,2,5
bma.length > 0,3,2,5
 magic == NULL || datasize > PAGE_SIZE || (cplength*sizeof(struct ccw1)) > PAGE_SIZE,3,2,5
msg_byte_cnt + ctx->h.b_cnt <= SKEIN_256_BLOCK_BYTES,3,2,5
!cmd,4,1,5
ipage <= txpgs->ibp_npages,3,2,5
!msg->msg_onactivelist,4,1,5
IWL_FIRST_CCK_RATE != 0,4,1,5
ni->ni_lnd == &the_o2iblnd,3,2,5
ffs->gadget,3,2,5
*bno < end,3,2,5
buf->direction != dir,4,1,5
conn->ibc_credits <= IBLND_MSG_QUEUE_SIZE(ver),3,2,5
len < sb->alloc,3,2,5
ptr->s != cpu_to_be32(NULLAGBLOCK),3,2,5
LOOPBACK_XAUI_FAR != MC_CMD_LOOPBACK_XAUI_FAR,3,2,5
((kib_net_t *)ni->ni_data)->ibn_shutdown == 0,3,2,5
sizeof(struct nvme_delete_queue) != 64,3,2,5
ip->i_df.if_u1.if_data != NULL,3,2,5
be64_to_cpu(prevp->br_startoff) < be64_to_cpu(keyp->br_startoff),3,2,5
data == NULL,4,1,5
LOOPBACK_GMII != MC_CMD_LOOPBACK_GMII,3,2,5
&imp->imp_lock,4,1,5
mgc,3,2,5
"bset_written(b, t) && i.l != t->data->start && bkey_cmp(tree_to_prev_bkey(t, inorder_to_tree(bkey_to_cacheline(t, i.l), t)), search) > 0",3,2,5
idx >= 0,3,2,5
txq->tx_used_desc != txq->tx_curr_desc,3,2,5
notify_type == XPC_N_CALL && func == NULL,3,2,5
xfs_bmbt_disk_get_startoff(ep) + xfs_bmbt_disk_get_blockcount(ep) <= xfs_bmbt_disk_get_startoff(nextp),3,2,5
ARRAY_SIZE(wl1271_channels) + ARRAY_SIZE(wl1271_channels_5ghz) > WL1271_MAX_CHANNELS,3,2,5
!calg_desc,3,2,5
payload_nob == 0,3,2,5
oldlen > newlen,3,2,5
priv->num_encoders >= ARRAY_SIZE(priv->encoders),3,2,5
page_off && (page_off != ios->pgbase),3,2,5
!target,3,2,5
"request_irq(irq, tile_net_handle_ingress_interrupt, 0, dev->name, (void *)dev) != 0",3,2,5
*display != 0,3,2,5
regs->trap & 1,3,2,5
"0, prctl(PR_SET_NO_NEW_PRIVS, 1, 0, 0, 0)",5,0,5
task_rq(p) != rq,3,2,5
id >= ARRAY_SIZE(sms_boards),3,2,5
MC_CMD_GET_PHY_STATE_IN_LEN != 0,3,2,5
args->local_nentries == 0,3,2,5
new_buffer->free,3,2,5
"bp, attn.sig[3] & group_mask->sig[3]",3,2,5
xfs_trans_get_block_res(tp) > 0,3,2,5
!IBLND_OOB_CAPABLE(ver),3,2,5
lcd_dma.active,3,2,5
LOOPBACK_GMAC != MC_CMD_LOOPBACK_GMAC,3,2,5
priv->num_connectors >= ARRAY_SIZE(priv->connectors),3,2,5
&qp_grp->lock,4,1,5
bma->length > 0,3,2,5
added,3,2,5
dbcr.config != 2,3,2,5
!object,3,2,5
s,5,0,5
osd >= map->max_osd,4,1,5
!(ch->flags & XPC_C_DISCONNECTINGCALLOUT_MADE),3,2,5
"""wrong config2"", 3 == evsel->attr.config2",3,2,5
"__bind_irq_vector(irq, vector, domain)",4,1,5
!(flags & XFS_BMAPI_IGSTATE),3,2,5
(xfs_sfiloff_t)last_fsb < (xfs_sfiloff_t)start_zero_fsb,3,2,5
m->offset + sizeof(cell_t) <= prop->val.len,3,2,5
"!is_vm_hugetlb_page(vma), vma",5,0,5
sizeof(struct nvme_features) != 64,3,2,5
!--urb,3,2,5
nr < 0,4,1,5
list_empty(&pool->po_free_list),3,2,5
V4L2_FIELD_ANY == field,3,2,5
dead_task->mm,3,2,5
info->set_divs == NULL,3,2,5
idx < 0,4,1,5
"""wrong bp_type"", HW_BREAKPOINT_X == evsel->attr.bp_type",3,2,5
mp->m_sb.sb_gquotino > 0,3,2,5
0 == dma->nr_pages,3,2,5
!plugin || !src_channels || !dst_channels,5,0,5
item_size < sizeof(*ei),5,0,5
LOOPBACK_NONE != MC_CMD_LOOPBACK_NONE,3,2,5
aup->mac_id < 0 || aup->mac_id > 1,3,2,5
cur != NULL,3,2,5
mutex_is_locked(&nrs_core.nrs_mutex),5,0,5
agno < mp->m_sb.sb_agcount,3,2,5
vcc,5,0,5
atomic_read(&conf->active_stripes)==0,3,2,5
!phy,4,1,5
ioread32(&wq->ctrl->enable),4,1,5
conn->ibc_credits >= 0,3,2,5
peer->ibp_version == 0 && peer->ibp_incarnation == 0,3,2,5
!(c->flags & JFFS2_SB_FLAG_RO),3,2,5
!pdev,3,2,5
map[i].br_startblock != DELAYSTARTBLOCK,3,2,5
tx->tx_msg->ibm_type == IBLND_MSG_PUT_DONE,3,2,5
inode == NULL,3,2,5
target_thread->transaction_stack != t,3,2,5
MC_CMD_SET_LINK_OUT_LEN != 0,3,2,5
sdp->sd_args.ar_debug,3,2,5
len < mp->m_sb.sb_agblocks,3,2,5
len != 0,4,1,5
atomic_read(&cld->cld_refcount) > 0,5,0,5
cpu > 3,3,2,5
cpu >= NR_GIC_CPU_IF,3,2,5
!blkinfo->forw,3,2,5
res == NULL,5,0,5
count != 1,3,2,5
!lockres,4,1,5
pool->fpo_map_count == 0,3,2,5
fin < MHZ,3,2,5
page_idx < ifp->if_bytes / sizeof(xfs_bmbt_rec_t) || realloc,3,2,5
conn->ibc_reserved_credits >= 0,3,2,5
mval[i].br_state == XFS_EXT_NORM || mval[i].br_state == XFS_EXT_UNWRITTEN,3,2,5
list_empty(&rq->queuelist),3,2,5
start_zero_fsb <= end_zero_fsb,3,2,5
args->namelen != 1 || args->name[0] != '.',3,2,5
EFX_MAX_TX_QUEUES > 128,3,2,5
be16_to_cpu(block->bb_level) > 0,3,2,5
&sma->sem_perm,5,0,5
!ocfs2_is_inode_lock(lockres),3,2,5
list_empty(&kiblnd_data.kib_connd_conns),3,2,5
"cnt == XFS_IFORK_NEXTENTS(ip, whichfork)",3,2,5
core,3,2,5
list_empty(&conn->ibc_tx_queue_nocred),3,2,5
lsm_op_find(magic) != NULL,5,0,5
(*idx >= 0) && (*idx < ifp->if_bytes / (uint)sizeof(xfs_bmbt_rec_t)),3,2,5
old_type == new_type,3,2,5
b->sg_cnt != NO_OF_SG_PER_BLOCK,3,2,5
pag->pagi_inodeok,3,2,5
mtu >= 0,3,2,5
cmd->flags & CMD_WANT_SKB,3,2,5
sizeof(struct nvme_id_ctrl) != 4096,3,2,5
waitqueue_active(&ffs->ev.waitq) || waitqueue_active(&ffs->ep0req_completion.wait),3,2,5
"*firstblock == NULLFSBLOCK || args.agno == XFS_FSB_TO_AGNO(mp, *firstblock) || (flist->xbf_low && args.agno > XFS_FSB_TO_AGNO(mp, *firstblock))",3,2,5
(ifp->if_flags & XFS_IFBROOT) == 0,3,2,5
ch->remote_nentries <= 0,3,2,5
t80h->len > CEX2A_MAX_RESPONSE_SIZE,3,2,5
(j + 1) * sr->field_width > sr->reg_width,3,2,5
queue >= HALF_QUEUES,4,1,5
rem < 0,3,2,5
"!page_count(page), page",4,1,5
LOOPBACK_XGBR != MC_CMD_LOOPBACK_XGBR,3,2,5
!per_cpu_int_base,3,2,5
"dev != NULL, return;",4,1,5
service->ref_count == 0,5,0,5
irec.br_state == XFS_EXT_NORM,3,2,5
LOOPBACK_PHYXS_WS != MC_CMD_LOOPBACK_PHYXS_WS,3,2,5
"""wrong config"", (1 << 16) == evsel->attr.config",3,2,5
mval[i].br_startoff + mval[i].br_blockcount > bno,3,2,5
EFX_FC_AUTO & (EFX_FC_RX | EFX_FC_TX),3,2,5
conn->ibc_state == IBLND_CONN_CLOSING,3,2,5
flist->xbf_first != NULL,3,2,5
atomic_read(&sec->ps_refcount) > 0,3,2,5
&ar->htt.tx_lock,5,0,5
page->index,3,2,5
MC_CMD_POLL_BIST_IN_LEN != 0,3,2,5
sizeof(struct ar9170_rx_head) != 12,3,2,5
DEV_NAME_LEN < sizeof (RBD_DRV_NAME) + MAX_INT_FORMAT_WIDTH,3,2,5
udqp == NULL,3,2,5
"!rwsem_is_locked(&mm->mmap_sem), mm",3,2,5
dev->reg_state != NETREG_REGISTERED,3,2,5
n >= 0,4,1,5
"true, WIFSTOPPED(status)",5,0,5
&device_domain_lock,5,0,5
tbl->it_hint > tbl->it_size,3,2,5
"""wrong pinned"", !evsel->attr.pinned",5,0,5
proc->files,3,2,5
xfs_sb_version_hascrc(&mp->m_sb),3,2,5
(conn->ibc_state == IBLND_CONN_ACTIVE_CONNECT && peer->ibp_connecting > 0) || (conn->ibc_state == IBLND_CONN_PASSIVE_WAIT && peer->ibp_accepting > 0),3,2,5
MC_CMD_NVRAM_UPDATE_START_OUT_LEN != 0,3,2,5
co->index < 0 || co->index >= UART_NR,3,2,5
!q->int_ops,3,2,5
LOOPBACK_SGMII != MC_CMD_LOOPBACK_SGMII,3,2,5
LOOPBACK_XFI_FAR != MC_CMD_LOOPBACK_XFI_FAR,3,2,5
ibuf->bufnum != bufnum,3,2,5
active && !seen_current,3,2,5
skb_shinfo(skb)->frag_list,3,2,5
death->work.type != BINDER_WORK_DEAD_BINDER,3,2,5
peer->ibp_accepting > 0,3,2,5
!list_empty(&dwc->active_list),3,2,5
"btrfs_leaf_free_space(root, leaf) < sizeof(struct btrfs_item)",3,2,5
cmd->callback,3,2,5
LOOPBACK_XPORT != MC_CMD_LOOPBACK_XPORT,3,2,5
!(args.mp->m_flags & XFS_MOUNT_NOALIGN),3,2,5
(flags & XFS_BMAPI_ENTIRE) || (mval->br_blockcount <= *len) || (mval->br_startoff < obno),3,2,5
q->msize < sizeof(*vb),3,2,5
LOOPBACK_GMII_WS != MC_CMD_LOOPBACK_GMII_WS,3,2,5
ctx->h.b_cnt == SKEIN_256_BLOCK_BYTES,3,2,5
"*firstblock == NULLFSBLOCK || XFS_FSB_TO_AGNO(mp, *firstblock) == XFS_FSB_TO_AGNO(mp, bma.cur->bc_private.b.firstblock) || (flist->xbf_low && XFS_FSB_TO_AGNO(mp, *firstblock) < XFS_FSB_TO_AGNO(mp, bma.cur->bc_private.b.firstblock))",3,2,5
priv->tx_head - priv->tx_tail >= NUM_TX_DESC,3,2,5
buffer_unwritten(bh),3,2,5
fd != NULL,5,0,5
!pdata->phy_dev,3,2,5
bma->got.br_state == XFS_EXT_NORM || bma->got.br_state == XFS_EXT_UNWRITTEN,3,2,5
MC_CMD_NVRAM_UPDATE_FINISH_OUT_LEN != 0,3,2,5
cpumask_empty(cpus),2,3,5
!(context->flags & ATTR_KERNOVAL),3,2,5
!(flags & BTRFS_BLOCK_FLAG_FULL_BACKREF),3,2,5
inode->i_state & I_FREEING,3,2,5
"atomic_read(&op->usage), >, 0",5,0,5
page_count > (int)USHRT_MAX,3,2,5
*kiblnd_tunables.kib_dev_failover > 1 || dev->ibd_can_failover || dev->ibd_hdev == NULL,3,2,5
!cur,3,2,5
first_memblock_base != 0,5,0,5
ctx->h.b_cnt == SKEIN_512_BLOCK_BYTES,3,2,5
list_empty(&kiblnd_data.kib_devs),3,2,5
ret == -EEXIST,3,2,5
"bp, attn.sig[0] & group_mask->sig[0]",3,2,5
(ch->flags & XPC_C_CONNECTEDCALLOUT_MADE) && !(ch->flags & XPC_C_DISCONNECTINGCALLOUT_MADE),3,2,5
(new_size >= 0) && (new_size != size),3,2,5
info->set_refresh == NULL,3,2,5
tx->tx_msg->ibm_type != IBLND_MSG_PUT_DONE,3,2,5
!tm,3,2,5
be16_to_cpu(rblock->bb_level) > 0,3,2,5
!ubi->move_to_put,4,1,5
skb->protocol != htons(ETH_P_IP) && skb->protocol != htons(ETH_P_8021Q),3,2,5
!list_empty(&serv->sv_tempsocks),3,2,5
!PageAnon(page),3,2,5
lastx > 0,3,2,5
retries < 0,3,2,5
pag,3,2,5
map.br_blockcount == 1,3,2,5
sizeof(struct tx_cmd) & 31,3,2,5
desc->chunks != 1,3,2,5
val & ~mask,4,1,5
WEP_INVALID_OFFSET == IWLAGN_HW_KEY_DEFAULT,3,2,5
blkno == 0,3,2,5
!bma->cur || !(bma->cur->bc_private.b.flags & XFS_BTCUR_BPRV_WASDEL),3,2,5
!bytes,3,2,5
list_empty(&nr->nr_addrranges),3,2,5
"""wrong config2"", 0 == evsel->attr.config2",3,2,5
mp->m_quotainfo == NULL,3,2,5
"jh, !jh->b_next_transaction",3,2,5
!*p,4,1,5
!(kiov != NULL && iov != NULL),3,2,5
new_max >= 0,3,2,5
PPC_MSG_CALL_FUNCTION != 0,3,2,5
!stream,4,1,5
!(cmd->flags & CMD_ASYNC),3,2,5
dev->ibd_failover,3,2,5
tpo->tpo_pool.po_allocated == 0,3,2,5
XFS_IS_UQUOTA_ON(mp),2,3,5
list_empty(&ubi->works),3,2,5
args->index2 >= 0,3,2,5
drv_data->pwr,4,1,5
i == (ifp->if_bytes / (uint)sizeof(xfs_bmbt_rec_t)),3,2,5
(unsigned long)ptr > (unsigned long)(((void *)gdb_regs) + NUMREGBYTES),3,2,5
whole->bd_claiming != holder,3,2,5
count > 1,3,2,5
rblock->bb_magic == cpu_to_be32(XFS_BMAP_MAGIC),3,2,5
tunnel == NULL,3,2,5
LOOPBACK_XAUI != MC_CMD_LOOPBACK_XAUI,3,2,5
ipi == NO_IRQ,3,2,5
nob <= IBLND_MSG_SIZE,3,2,5
do_panic,3,2,5
ndqused >= 0,2,3,5
erp_idx < ifp->if_real_bytes / XFS_IEXT_BUFSZ,3,2,5
pg_off <= PAGE_SIZE,3,2,5
dst == NULL,3,2,5
erp != NULL,3,2,5
!lists_empty,3,2,5
mvebu_mbus_dt_init(false),4,1,5
(S_ISREG(inode->i_mode) || S_ISDIR(inode->i_mode) || S_ISLNK(inode->i_mode)) || inode->i_nlink == 0,3,2,5
"!kiblnd_dma_mapping_error(tpo->tpo_hdev->ibh_ibdev, tx->tx_msgaddr)",3,2,5
mval[i].br_startoff < bno + len,3,2,5
"bp, REG_RD(bp, MISC_REG_AEU_AFTER_INVERT_1_FUNC_0 + BP_PORT(bp)*4) & AEU_INPUTS_ATTN_BITS_SPIO5",3,2,5
*curp == NULL,3,2,5
!ip_is_fragment(ip_hdr(skb)),3,2,5
channel >= MAX_DMA_CHANNELS || !atomic_read(&dma_ch[channel].chan_status),3,2,5
page_idx <= ifp->if_bytes / sizeof(xfs_bmbt_rec_t),3,2,5
next_agino != 0,5,0,5
!buffer->target_node->has_async_transaction,3,2,5
sky2->rx_nfrags > ARRAY_SIZE(re->frag_addr),3,2,5
!params,3,2,5
end > bdata->node_low_pfn,3,2,5
ALLOC_NO_WATERMARKS < NR_WMARK,3,2,5
sizeof(cgrp->root->release_agent_path) < PATH_MAX,3,2,5
addr < vma->vm_start,3,2,5
set != NULL,5,0,5
rc <= 0,3,2,5
!(flags & ~XFS_BMAPI_ENTIRE),3,2,5
dwc3_data->rstc_rst,5,0,5
tbl && (tbl->it_busno != pbus->number),3,2,5
LOOPBACK_XFI_WS != MC_CMD_LOOPBACK_XFI_WS,3,2,5
i + num_recs <= room,3,2,5
"!queue_work(wq, &cl->work)",3,2,5
r == 0,3,2,5
rport != NULL,3,2,5
init && (cmd.flags & CMD_ASYNC),3,2,5
pag->pagi_freecount == be32_to_cpu(agi->agi_freecount) || XFS_FORCED_SHUTDOWN(mp),3,2,5
(gfp_mask & __GFP_HIGHMEM) != 0,3,2,5
ibdev != NULL,3,2,5
mask > PAGE_SIZE,3,2,5
dwc3_data->rstc_pwrdn,5,0,5
conn->ibc_nsends_posted == 0,3,2,5
buffer->transaction != NULL,3,2,5
inode->i_state != (I_FREEING | I_CLEAR),3,2,5
!q->ops->buf_prepare,3,2,5
sk == NULL,3,2,5
kaddr == NULL,3,2,5
!flist.xbf_count && !flist.xbf_first,3,2,5
"""wrong sample_read"", evsel->sample_read",5,0,5
tx == NULL || tx->tx_conn == NULL,3,2,5
map.br_startblock != NULLFSBLOCK,3,2,5
cmid->device != NULL,3,2,5
"""wrong config2"", 1 == evsel->attr.config2",3,2,5
MC_CMD_START_BIST_OUT_LEN != 0,3,2,5
desc->mark != DESC_SUBMITTED && desc->mark != DESC_COMPLETED && desc->mark != DESC_WAITING,3,2,5
clk_prepare_enable(clk),4,1,5
ifp->if_broot == NULL,3,2,5
flags & XFS_QMOPT_DQREPAIR,3,2,5
got_endoff >= del_endoff,3,2,5
host->mrq != NULL,4,1,5
llh,3,2,5
!kacpi_notify_wq,3,2,5
sizeof(ar->eeprom) % RB,3,2,5
"dma_readl(to_dw_dma(chan->device), CH_EN) & dwc->mask",3,2,5
len <= MAXEXTLEN,3,2,5
!list_empty(&serv->sv_permsocks),3,2,5
md->spi == NULL,3,2,5
tx->cookie > 0 && tx->cookie != desc->cookie,3,2,5
(NULL == sun_pci_dma_pending.buf) || (0 == sun_pci_dma_pending.len) || (0 == sun_pci_dma_pending.direction),3,2,5
!(S_ISREG(ip->i_d.di_mode) && whichfork == XFS_DATA_FORK),3,2,5
(*bno >= obno) || (n == 0),3,2,5
mutex_is_locked(&epfile->mutex) || waitqueue_active(&epfile->wait),3,2,5
!kallsyms_addresses,3,2,5
sizeof(kib_msg_t) <= IBLND_MSG_SIZE,3,2,5
got->br_state == XFS_EXT_NORM,3,2,5
(type & (IORESOURCE_MEM | IORESOURCE_IO)) == 0,3,2,5
!list_empty(&dwc->queue),3,2,5
mempool->memblocks_arr[i],3,2,5
dma_len < 0,3,2,5
buf == NULL,3,2,5
smsdev->func->cur_blksize != SMSSDIO_BLOCK_SIZE,3,2,5
kiblnd_data.kib_init == IBLND_INIT_NOTHING,3,2,5
index < 0,4,1,5
"compound_head(page) != head, page",5,0,5
!pte_none(*(kmap_pte + idx)),3,2,5
"device, data_size == 0",4,1,5
list_empty(&conn->ibc_tx_queue),3,2,5
!runtime->hw.formats,3,2,5
LOOPBACK_PHYXS != MC_CMD_LOOPBACK_PHYXS,3,2,5
sizeof(struct nvme_lba_range_type) != 64,3,2,5
res->id == -1,3,2,5
pdata->rstc,5,0,5
type == IBLND_MSG_GET_DONE || type == IBLND_MSG_PUT_DONE,3,2,5
(unsigned long)pwq & WORK_STRUCT_FLAG_MASK,3,2,5
req->rq_bulk_write,3,2,5
FR_AA_RX_DESC_UPD_KER != FR_BZ_RX_DESC_UPD_P0,3,2,5
tx->tx_sending != 0 || tx->tx_waiting,3,2,5
atomic_read(&ch->kthreads_assigned) != 0,3,2,5
i <= IRQ_REQ_POOL_SIZE,3,2,5
idx < ifp->if_bytes / sizeof(xfs_bmbt_rec_t),3,2,5
registers != NULL,3,2,5
proc->vma,3,2,5
(ifp->if_flags & XFS_IFEXTENTS) || !(iip->ili_fields & extflag[whichfork]),3,2,5
!list_empty(numaddr),3,2,5
sizeof(struct nvme_command) != 64,3,2,5
proc->buffers.next == &buffer->entry,3,2,5
!id,3,2,5
credit == 0 || credit == 1,3,2,5
!obj_2bcreated(oi),3,2,5
list_empty(&conn->ibc_early_rxs),3,2,5
XFS_IFORK_Q(ip) == 0,3,2,5
nexto > prevo,3,2,5
!sg_page(s),4,1,5
word >= 3,4,1,5
!tcph,3,2,5
list_empty(&conn->ibc_tx_noops),3,2,5
target_node == NULL,3,2,5
conn->ibc_credits + conn->ibc_reserved_credits + IBLND_OOB_MSGS(version) <= IBLND_RX_MSGS(version),3,2,5
grefs_per_grant_frame == 0,4,1,5
rm & (DP_HIDDEN_BIT << 3),4,1,5
peer->ibp_connecting != 0 || peer->ibp_accepting != 0,3,2,5
t->flags & TF_ONE_WAY,3,2,5
mval[i].br_blockcount > 0,3,2,5
io->ci_type == CIT_READ || io->ci_type == CIT_WRITE,5,0,5
xfs_Gqm->qm_dqzone != NULL,2,3,5
!parent,4,1,5
sk->sk_write_space != &ksocknal_write_space,3,2,5
page_mapcount(page) != 0,3,2,5
txdl_priv,3,2,5
i != rec_argc,5,0,5
da_old >= da_new,3,2,5
head->n_entries < 0,3,2,5
ip->i_d.di_size > 0,3,2,5
"do_mod(del->br_startblock, mp->m_sb.sb_rextsize) == 0",3,2,5
"XFS_IFORK_FORMAT(ip, whichfork) != XFS_DINODE_FMT_BTREE || XFS_IFORK_NEXTENTS(ip, whichfork) > XFS_IFORK_MAXEXT(ip, whichfork)",3,2,5
"sdp, bd->bd_bh == bh",3,2,5
!netif_running(dev->ndev),3,2,5
next != NULL,3,2,5
LOOPBACK_SGMII_FAR != MC_CMD_LOOPBACK_SGMII_FAR,3,2,5
ep && xfs_bmbt_get_state(ep) == oldext,3,2,5
client_is_remote(exp),5,0,5
&bch_register_lock,5,0,5
list_empty(&mdev->tconn->data.work.q),2,2,4
kmap_ops && !m2p_override,2,2,4
!pcpu_count,2,2,4
ret != -ENOSPC,2,2,4
" p->next_desc_addr->desc_phys_addr, (hcf_32)p->next_desc_addr ",2,2,4
logical_blk_num == MAX_U32_VALUE,2,2,4
(int) q->q.qlen < 0,2,2,4
cont->subsys[i],2,2,4
blkio_blkg_idling(stats),2,2,4
to <= SNDRV_MASK_BITS && from <= to,2,2,4
pDevice,2,2,4
skb_shinfo(skb)->nr_frags == 0,2,2,4
offset >= priv->cfg->base_params->eeprom_size,2,2,4
list_empty(&lock->l_res_link),4,0,4
con->in_msg->con == NULL,2,2,4
ARRAY_SIZE(index2opp) + 1 != ARRAY_SIZE(freq_table),2,2,4
!td,3,1,4
cache_l2.cur_page_num!= 0,2,2,4
EFX_FILTER_INDEX_MC_DEF != EFX_FILTER_MC_DEF - EFX_FILTER_UC_DEF,2,2,4
rot < di->ntxd,2,2,4
bcm->mac_suspended >= 0,2,2,4
physcard,2,2,4
"jh, jh->b_jlist != BJ_Shadow",2,2,4
"pSubindexEntry_p != NULL, ""EplObdCheckObjectRange(): no address to subindex struct!\n""",2,2,4
req_size >= sizeof(ADV_SCSI_REQ_Q),2,2,4
nat_get_blkaddr(e) == NEW_ADDR && new_blkaddr == NEW_ADDR,2,2,4
"""BAD CAST -> NvClient, %08x"", nv_hclass(obj)",2,2,4
ptep == NULL,4,0,4
cookie && wdev != cookie,2,2,4
mgr_attrts->ul_min_block_size >= 4,2,2,4
translation != CONTEXT_TT_PASS_THROUGH && translation != CONTEXT_TT_MULTI_LEVEL,2,2,4
num > 0,3,1,4
!opt->dccpop_sc->dccpoc_val,2,2,4
dt->do_ops->do_ref_del,2,2,4
level > MAX_DIR_HASH_DEPTH,2,2,4
efx_sriov_enabled(efx) && efx->vf_buftbl_base < efx->next_buffer_table,2,2,4
!vm,2,2,4
"xfs_isilocked(ip, XFS_ILOCK_SHARED)",2,2,4
kc->nr_free_pages != kc->nr_pages,2,2,4
!has_allocation(file),2,2,4
frag->f_page != NULL,2,2,4
reg[index].i_len % sizeof(__int32_t) == 0,2,2,4
msgCount > 0,2,2,4
!locked,2,2,4
(s->br_startoff & XFS_MASK64HI(9)) == 0,2,2,4
!wc,2,2,4
!VALID_PAGE(context->root_hpa),2,2,4
(sizeof(mm->context.low_htlb_areas)*8) != NUM_LOW_AREAS,2,2,4
(((uint32_t)buf) & 0x3) || (size & 0x3),2,2,4
con->in_msg != NULL,3,1,4
"(offsetof(struct net_device_stats, f)) % sizeof(unsigned long)",2,2,4
!buffer_dirty(right_buf),2,2,4
journal_head_cache == 0,2,2,4
pa_for_fwcmd,2,2,4
ex_parameters->port < 2,2,2,4
mp->tx_used_desc_q != mp->tx_curr_desc_q,2,2,4
page_private(subdir) > offset,2,2,4
EFX_FILTER_TABLE_RX_MAC != (EFX_FILTER_MAC_WILD >> 2),2,2,4
pi->nphy_perical >= PHY_PERICAL_MPHASE,2,2,4
user_stack.sp_proto == NULL,2,2,4
items > ARRAY_SIZE(buf),4,0,4
!mutex_is_locked(&dev->mode_config.mutex),2,2,4
error != EFSCORRUPTED,2,2,4
"cmd < CMD_LAST_INDEX, return",2,2,4
fcs != NULL,2,2,4
(char *)entry_s + tmp <= (char *)leaf_s + XFS_LBSIZE(mp),2,2,4
" fid, ifbp->IFB_RscInd ",2,2,4
p->count,2,2,4
(pSubIndex != NULL) && (nSubIndexCount > 0),2,2,4
data.lnum >= c->main_first && data.lnum < c->leb_cnt,4,0,4
unit_size < size_sum,2,2,4
priv->resp_len[i],4,0,4
reqi->req_tot_len == 0,2,2,4
" ridp->len >= 2, ridp->typ ",2,2,4
root->node->count == 1,2,2,4
pShbMemInst->m_hEventJobReady != INVALID_HANDLE_VALUE,2,2,4
fore200e_vcc,4,0,4
gl->gl_state != LM_ST_EXCLUSIVE,2,2,4
"sdp, found",2,2,4
gpio >= gc->ngpio,4,0,4
atomic_read(&pag->pag_ref) < 1000,2,2,4
!atomic64_inc_not_zero(&v),3,1,4
"0, ""incorrect message magic: %08x\n"", magic",3,1,4
"(const char *) ""wlc_phy_init: Called with the MAC running!"" == NULL",2,2,4
dev->ats && dev->ats->is_enabled,2,2,4
!dma->sglen,2,2,4
" ifbp->IFB_LastDesc[tx_rx_flag], (hcf_32)descp ",2,2,4
"ppObdEntry_p != NULL, ""EplObdGetIndexIntern(): pointer to index entry is NULL!\n""",2,2,4
mutex_is_locked(&h->qh_lock),2,2,4
pos + count > HDSPM_CHANNEL_BUFFER_BYTES / 4,2,2,4
!sdata,2,2,4
key->payload.data == NULL,2,2,4
vma->vm_start < vma->vm_end,2,2,4
!rtpn,2,2,4
port1 == false,2,2,4
((_pAdapt)->AllRcvBlockCount * SXG_RCV_DESCRIPTORS_PER_BLOCK) >= (_pAdapt)->FreeRcvBufferCount,2,2,4
bcm->current_core == &bcm->core_chipcommon,2,2,4
idx > IWL_MAX_BLINK_TBL,2,2,4
rport,2,2,4
(prefixLen < IFNAMSIZ),2,2,4
XFS_BUF_TARGET(bp) == mp->m_ddev_targp,2,2,4
root_bh != right_path->p_node[subtree_index].bh,4,0,4
(padLen <= (RTMP_PKT_TAIL_PADDING - 4)),2,2,4
"INT_GET(leaf2->hdr.info.magic, ARCH_CONVERT) == XFS_ATTR_LEAF_MAGIC",2,2,4
!cdb,2,2,4
buf->bufnum != bufnum,2,2,4
!(_spte & PT_PRESENT_MASK),2,2,4
unlikely(atomic_read(&(kioctx)->users) <= 0),2,2,4
ext3_journal_current_handle() == NULL,2,2,4
(id & 0xF8) == 0x00,2,2,4
conn != NULL,3,1,4
a <= max && b <= max,2,2,4
xqm->qm_grp_dqhtable != NULL,2,2,4
rcu_dereference(nat_q931_hook) != NULL,2,2,4
err != -ENODEV,2,2,4
reg > WM8993_MAX_REGISTER,2,2,4
pmu_res_updown_table != NULL,2,2,4
hcmd->pslic_handle == &adapter->slic_handles[slic_handle_word.handle_index],2,2,4
unit_size < PCPU_MIN_UNIT_SIZE,2,2,4
c->budg_idx_growth == 0,2,2,4
!mutex_is_locked(&dir->i_mutex),4,0,4
pfob,2,2,4
req_paddr & 31,2,2,4
"object->n_exclusive, >, 0",2,2,4
"channel >= 0 || channel < HDSPM_MAX_CHANNELS, return -EINVAL",2,2,4
pcie->pex_clk,2,2,4
total > bio->bi_integrity->bip_iter.bi_size,2,2,4
rcu_dereference(nat_h245_hook) != NULL,2,2,4
" (cmd_code & HCMD_CMD_CODE) != HCMD_TX || cmd_code & HCMD_BUSY, cmd_code ",2,2,4
!(IPI_flags & XPC_IPI_CLOSEREPLY),2,2,4
status != BE_STATUS_PENDING,2,2,4
obj_request->img_request,4,0,4
slabp->inuse == cachep->num,2,2,4
!gic_dist_base || !gic_cpu_base,2,2,4
left <= ip && ip <= right,2,2,4
ep->mpa_skb,4,0,4
dev_p->func_cbs_usb->count != 0,2,2,4
!buffer_dirty(src_buf),2,2,4
!fhp->fh_pre_saved || !fhp->fh_post_saved,2,2,4
pa_list,2,2,4
img_request->obj_request_count > 0,3,1,4
!l2cache_base,2,2,4
pa,2,2,4
mod->mod_open_req != NULL,4,0,4
dir == PCI_DMA_NONE,4,0,4
(lock_flags & ~(XFS_IOLOCK_EXCL|XFS_ILOCK_EXCL)) == 0,2,2,4
"sdp, !list_empty(&ul->ul_list)",2,2,4
mgr == NULL,2,2,4
pShbMemHeader->m_SbhMagicID == SBH_MAGIC_ID,2,2,4
bus->dhd,2,2,4
req->sector == sector,2,2,4
async_event == 1,2,2,4
ABS(BCME_LAST) == (ARRAYSIZE(bcmerrorstrtable) - 1),2,2,4
mcc->processing == 0,2,2,4
msg->msg_rx_committed,4,0,4
sdev->nodesize != sdev->leafsize,2,2,4
i >= sizeof(pfnnid_map) / sizeof(pfnnid_map[0]),2,2,4
clnt->cl_parent != clnt,2,2,4
irq_has_action(dev->irq),2,2,4
clp->cl_cons_state != NFS_CS_READY,2,2,4
id < 0 || id > 3,2,2,4
cnfg->phy_layers != NULL,2,2,4
index >= efx->n_rx_channels,2,2,4
(unsigned long)gdt->gdt & ~PAGE_MASK,2,2,4
tup->uart_clk,2,2,4
data_dir != arq2->is_sync,2,2,4
EXT_FIRST_EXTENT(path[depth].p_hdr) != ex,2,2,4
!list_empty(&xfer_list),2,2,4
!(size <= BFI_TX_MAX_DATA_PER_VECTOR),2,2,4
reg >= ARRAY_SIZE(wm8903_reg_defaults),2,2,4
lsi->lsi_dt_dev,2,2,4
"(p != NULL), ""pm3fb_par* not NULL""",2,2,4
nodes_empty(nodes_parsed),2,2,4
bytenr == 0,2,2,4
pSdoComConHdl_p != NULL,2,2,4
evtchn_to_irq[evtchn] != -1,2,2,4
skb->head,2,2,4
xt != NULL && xt->fref != 0,2,2,4
be32_to_cpu(head->h_magicno) == XLOG_HEADER_MAGIC_NUM,2,2,4
tx->tx_msg.ksm_type == KSOCK_MSG_NOOP,3,1,4
"chip->beep, return -ENXIO",2,2,4
msgByteCnt + ctx->h.bCnt <= SKEIN_256_BLOCK_BYTES,2,2,4
sizeof(struct sxg_config_a) == HW_CFG_SECTION_SIZE_A + SW_CFG_SECTION_SIZE,2,2,4
length % sizeof(struct MCC_CQ_ENTRY_AMAP) == 0,2,2,4
!list_empty(&host->h_reclaim),2,2,4
!crypt_info->ci_size,2,2,4
lprops->lnum == data.lnum,4,0,4
bustype == BUSTYPE(bustype),2,2,4
lsi->lsi_lmd,3,1,4
!ptep || level != PG_LEVEL_4K,4,0,4
inode != next.dentry->d_inode,2,2,4
(buf->len - offset) % crypto_tfm_alg_blocksize(tfm) != 0,2,2,4
dev->state != CLOCK_EVT_STATE_DETACHED,2,2,4
leaf1->hdr.info.magic == cpu_to_be16(XFS_ATTR_LEAF_MAGIC),2,2,4
XFS_DIR_IS_V2(mp),2,2,4
ofdm,2,2,4
efx->type->phys_addr_channels > EFX_MAX_CHANNELS,2,2,4
hsgpg,2,2,4
"bfa_q_is_on_q(&ioim->itnim->pending_q, ioim)",2,2,4
!gic_cpu_base_addr,2,2,4
allocator == NULL,2,2,4
"chip->digital_modes & (1 << mode), return -EINVAL",2,2,4
(bp->b_flags&(XBF_DELWRI|XBF_ASYNC)) == (XBF_DELWRI|XBF_ASYNC),2,2,4
!buffer_locked(tmp),3,1,4
len >= LLOG_MIN_REC_SIZE && (len & 0x7) == 0,2,2,4
(LCNPHY_TX_PWR_CTRL_OFF == mode) || (LCNPHY_TX_PWR_CTRL_SW == mode) || (LCNPHY_TX_PWR_CTRL_HW == mode) || (LCNPHY_TX_PWR_CTRL_TEMPBASED == mode),2,2,4
!rfile,3,1,4
count <= be16_to_cpu(hdr_s->count),2,2,4
S_ISREG(inode->i_mode),4,0,4
i >= COMEDI_NUM_SUBDEVICE_MINORS,2,2,4
priv->pgtable == NULL,2,2,4
size > *bufsize,2,2,4
mod->free_sgpgs <= mod->num_sgpgs,2,2,4
bh_result->b_size != inode->i_sb->s_blocksize,2,2,4
adapter->debugfs_root == NULL,2,2,4
!pbe,2,2,4
rs->rs_size >= rs_size,3,1,4
&sdata->wdev.mtx,3,1,4
BBTOB(nbblks) <= XFS_BUF_SIZE(bp),2,2,4
"!bfa_q_is_on_q(&mod->timer_q, timer)",2,2,4
sizeof(*handle->lgh_hdr) == LLOG_CHUNK_SIZE,2,2,4
current == first_peer_device(device)->connection->worker.task,2,2,4
!ON_HASH(drq),2,2,4
"memblock_reserve(addr, new_size)",2,2,4
cfg->fwcfg.num_cqs <= BFI_IOC_MAX_CQS,2,2,4
message >= SMP_MSG_NR,2,2,4
USED_MAP(page) & ~order->all_used,2,2,4
current != device->tconn->worker.task,2,2,4
&bo->tbo.resv->lock.base,4,0,4
error != EEXIST,2,2,4
" info[0] <= HCF_MAX_LTV + 1, MERGE_2( info[1], info[0] ) ",2,2,4
(unsigned long) page & 0x03,3,1,4
&dlm->ast_lock,4,0,4
src_format->rate != dst_format->rate,4,0,4
ioim->nsges > BFI_SGE_INLINE,2,2,4
"ismrlocked(&(iip->ili_inode->i_lock), MR_UPDATE)",2,2,4
i < LNET_MAX_INTERFACES,3,1,4
current == device->connection->worker.task,2,2,4
q_ctxt,2,2,4
sromrev > 2,2,2,4
(gfp_flags & __GFP_HIGHMEM) && in_interrupt(),2,2,4
pi->nphy_txpwrctrl == PHY_TPC_HW_OFF,2,2,4
cb != 0,2,2,4
tbase_get_base(timer->base) != base,2,2,4
count >= 0,2,2,4
&cgroup_root_mutex,2,2,4
(unsigned long)(ptr) % 16,2,2,4
pdata->ptrs[cpu],2,2,4
"rc == HCF_SUCCESS, ltvp->len",2,2,4
"userdata != NULL, return -1;",4,0,4
!in_atomic(),3,1,4
cnfg->phy_layers[i].id == i,2,2,4
!(SendRingBufferSize & (PAGE_SIZE - 1)),2,2,4
"jh, handle->h_buffer_credits > 0",2,2,4
end < offset,2,2,4
device->name && !name,2,2,4
s->sym,2,2,4
zbuds > 2,2,2,4
"args != NULL, return -EINVAL",2,2,4
!spin_is_locked(&khugepaged_mm_lock),2,2,4
req->r_data.type != CEPH_OSD_DATA_TYPE_PAGES,2,2,4
dt_object_exists(los->los_obj),2,2,4
rsp->reuse_io_tag == 0,2,2,4
xprt->xpt_pool != NULL,2,2,4
!mutex_is_locked(&param_lock),2,2,4
atomic_read(&F2FS_I(inode)->dirty_dents),2,2,4
sbi->active_logs != NR_CURSEG_TYPE,2,2,4
"offsetof(struct sxg_config_a, SwCfg) == SW_CFG_SECTION_START_A",2,2,4
pll_ref_div != OSC_CTRL_PLL_REF_DIV_2,2,2,4
m->offset == i,2,2,4
count > 0xffff,2,2,4
urb,2,2,4
be32_to_cpu(ltp->bestcount) <= (uint)dp->i_d.di_size / mp->m_dirblksize,2,2,4
r->entropy_count > r->poolinfo->POOLBITS,2,2,4
zcache_objnode_cache == NULL,2,2,4
cntxt == CY_RQT_STORAGE_RQT_CONTEXT,2,2,4
c != NULL,3,1,4
ch->local_GP->put < initial_put,2,2,4
atomic_read(&cq_object->ref_count) == 0,2,2,4
!(pkt->prev),2,2,4
be16_to_cpu(leaf->hdr.info.magic) == XFS_DIR2_LEAF1_MAGIC || be16_to_cpu(leaf->hdr.info.magic) == XFS_DIR2_LEAFN_MAGIC,2,2,4
fix_size > IWL_MAX_CMD_SIZE,2,2,4
RB_EMPTY(&dd->sort_list[READ]),2,2,4
dev_p->usb_func_cbs->count != 0,2,2,4
x86_read_percpu(paravirt_lazy_mode) != mode,2,2,4
&rdev->bss_lock,4,0,4
rbno != NULLAGBLOCK || lbno != NULLAGBLOCK,2,2,4
atomic_read(&obd_unstable_pages) >= 0,2,2,4
"((u32*)(dsp->data))[0]==0xFFFFFFFF, return -EINVAL",2,2,4
&sta->plink_lock,2,2,4
"f != NULL, return -EINVAL",2,2,4
engine == NULL,2,2,4
stripe_operations_active(sh),3,1,4
from < cluster_start,2,2,4
ni->blk_addr != NULL_ADDR,2,2,4
" descp, HCF_TRACE_RCV_MSG ",2,2,4
type == CY_FUNCT_CB_MISC_READMCUREGISTER,2,2,4
desc->async_tx.cookie < 0,3,1,4
rc >= n_channels,2,2,4
dev_p->storage_cb_ms != NULL,2,2,4
IS_ERR(parent) || IS_ERR(mp),2,2,4
!sock,2,2,4
asc_dvc_varp != &boardp->dvc_var.asc_dvc_var,2,2,4
((port & 0x3ul) + size) > 4,2,2,4
pfob->mailbox.pa,2,2,4
p->header.nextindex == cpu_to_le16(XTENTRYSTART + 1),4,0,4
adapter->pshmem,2,2,4
 (ddb_in32(DDB_SDRAM1) & 0xf) == 0,2,2,4
ticket->t_curr_res >= ctx->ticket->t_unit_res + len,2,2,4
(vma->vm_flags & VM_PFNMAP) && is_cow_mapping(vma->vm_flags),3,1,4
host->bus_refs,3,1,4
offs < 0x1f0,2,2,4
flags & ~(GFP_DMA | __GFP_ZERO | GFP_LEVEL_MASK),2,2,4
hNodeRes != NULL,2,2,4
"pDM_Odm, false, (""wrong rssi level setting %d !"", *pRATRState)",3,1,4
cid,2,2,4
slice != NULL,4,0,4
(int)cy_as_usb_in_out == (int)cy_as_direction_in_out,2,2,4
off,2,2,4
b != NULL,3,1,4
IS_ERR(ld),2,2,4
EFX_RX_BATCH & 1,2,2,4
"PageCompound(page), page",4,0,4
start >> addr_width,2,2,4
node2 != (struct node_object *)DSP_HGPPNODE,2,2,4
"XFS_AGI_MAGIC == INT_GET( agi->agi_magicnum, ARCH_CONVERT)",2,2,4
ctxt->frmr,2,2,4
i < ARRAY_SIZE(radio->interfstack),2,2,4
commit_transaction->t_iobuf_list == NULL,2,2,4
PAGE_SIZE < IOMMU_PAGE_SIZE,2,2,4
type == CY_FUNCT_CB_MISC_ENTERSTANDBY,2,2,4
ip->i_d.di_version == XFS_DINODE_VERSION_1 || xfs_sb_version_hasnlink(&mp->m_sb),2,2,4
iop_desc_get_next_desc(sw_desc),3,1,4
m->mhdr.msg_class < BFI_MC_MAX,2,2,4
!(msg->flags & XPC_M_SN2_READY),4,0,4
map_length < length,2,2,4
VMALLOC_END > CONSISTENT_BASE,2,2,4
rcu_dereference(set_sig_addr_hook) != NULL,2,2,4
max_payload < 512 - ETHER1394_GASP_OVERHEAD,2,2,4
rs_flags & LC_DIRTY,2,2,4
stats->n_stats != EFX_ETHTOOL_NUM_STATS,2,2,4
page_idx & (order_size - 1),2,2,4
!ops->configure_filter,2,2,4
&mchdev_lock,4,0,4
new_size > ip->i_d.di_size,2,2,4
(sizeof(newareas)*8) != NUM_HIGH_AREAS,2,2,4
pdx->pStagedIrp != NULL,2,2,4
" (ifbp->IFB_CntlOpt & USE_DMA) == 0, 0xDADB ",2,2,4
"object->n_ops, >, 0",3,1,4
XFS_BUF_IODONE_FUNC(bp),2,2,4
"object->cookie, ==, NULL",2,2,4
"channel >= 0 && channel <= 7, return 0",2,2,4
spin_is_locked(cl_object_attr_guard(obj)),2,2,4
priority >= 0 && priority <= MAXPRIO,2,2,4
guestaddr & 3,2,2,4
!node->lowest,2,2,4
HPAGE_SHIFT == 0,2,2,4
delegate && current == device->tconn->worker.task,2,2,4
!rphy,2,2,4
!(sd->s_flags & SYSFS_FLAG_REMOVED),2,2,4
dma_channel_active(hwif->hw.dma),2,2,4
"micentry, AR5K_KEYTABLE_SIZE",2,2,4
sec_is_reverse(sec),2,2,4
"reset_gpio, 0",2,2,4
!sbi,2,2,4
(offset & 0xE000) == 0x0000,2,2,4
gpct_index > 1,2,2,4
type == CY_FUNCT_CB_MISC_HEARTBEATCONTROL,2,2,4
"rvoice != NULL, return -EINVAL",2,2,4
!*buf,2,2,4
!buffer_dirty(t),2,2,4
!(*flp)->fl_lmops->lm_break,2,2,4
err == -EINVAL || err == -ENOENT,2,2,4
ifp->if_u1.if_extents != NULL,2,2,4
VALID_ADDRESS(prev),2,2,4
hw_desc.dma->next_desc,2,2,4
scmnd,2,2,4
ip_data,2,2,4
!work->ops,2,2,4
nr_banks > MAX_GPIO_BANKS,2,2,4
adv_dvc_varp == &boardp->dvc_var.adv_dvc_var,2,2,4
ARRAY_SIZE(keycodes) != ARRAY_SIZE(priv->keycodes),2,2,4
"atomic_read(&page->_count) != 0, page",3,1,4
((u32) rspq->paddr[i] & 0xFFFFF000) == (u32) rspq->paddr[i],2,2,4
"(INT_GET(hdr_s->count, ARCH_CONVERT) > 0) && (INT_GET(hdr_s->count, ARCH_CONVERT) < (XFS_LBSIZE(mp)/8))",2,2,4
count > smd_stream_write_avail(ch),2,2,4
!session->s_num_cap_releases,2,2,4
pc->ref_cnt <= 0,2,2,4
dev_p->func_cbs_res->count != 0,2,2,4
hctx->ccid3hctx_p >= TFRC_SMALLEST_P && hctx->ccid3hctx_x_calc == 0,2,2,4
"""BAD CAST -> NvMemObj, %08x"", nv_hclass(obj)",2,2,4
__alignof__(struct tvec_base) & TIMER_FLAG_MASK,2,2,4
secno >= TOTAL_SECS(sbi),2,2,4
nf_nat_sdp_media_hook != NULL,2,2,4
(sizeof(newareas)*8) != NUM_LOW_AREAS,2,2,4
spref == NULL,2,2,4
class_idx != class->index,2,2,4
error == ENOATTR,2,2,4
obd->obd_debugfs_entry != NULL,2,2,4
atomic_read(&bio->bi_cnt) >= 1,2,2,4
!(offs & 7) && offs < c->leb_size,4,0,4
"(span <= 4) || (INT_GET(entry->hashval, ARCH_CONVERT) == hashval)",2,2,4
start_boundary >= offset,2,2,4
pslic_handle == &adapter->slic_handles[pslic_handle->token. handle_index],2,2,4
"sdp, qd->qd_change_sync",3,1,4
count > ISCSI_SESSION_ATTRS,2,2,4
"FALSE, ""EplPdokProcess(): unhandled event type!\n""",2,2,4
batch->nr > batch->max,2,2,4
in_own_cluster(dest),2,2,4
ecache == NULL,2,2,4
lockres->l_level < LKM_EXMODE,2,2,4
req->rq_reqbuf_len >= wiresize,2,2,4
chunkidx < XFS_INODES_PER_CHUNK,2,2,4
1 << blksz_bits != data->blksz,3,1,4
context->firstu >= sizeof(*context->alist),2,2,4
l->base != 0,2,2,4
sc->beacon.bslot[avp->av_bslot] != NULL,2,2,4
lhpte.v & HPTE_V_VALID,2,2,4
"sdp, sdp->sd_lockstruct.ls_lockspace",2,2,4
cpu >= EXYNOS5420_CPUS_PER_CLUSTER || cluster >= EXYNOS5420_NR_CLUSTERS,3,1,4
pAd->ate.TxInfo.USBDMATxPktLen <= (MAX_FRAME_SIZE - 34),2,2,4
opt == NULL,2,2,4
fabric->lps,2,2,4
0 == (pi->xtalfreq % 1000),2,2,4
nat_get_blkaddr(e) != ni->blk_addr,2,2,4
proto == NULL,2,2,4
!list_empty(&zbudpage->lru),2,2,4
list_empty(&info->persistent_gnts),2,2,4
argspace > MC_ARGS,2,2,4
 (count == 0) || (copyCount == copyFragCount),2,2,4
((csize + cpoff) <= PAGE_SIZE),2,2,4
copyFragCount >= copyCount,2,2,4
dev->irq_enabled && dev_priv->user_irq_refcount <= 0,2,2,4
NULL != qc->ap->ops->tf_read,2,2,4
"sdp, !sdp->sd_log_num_databuf",2,2,4
addr == NULL_ADDR,2,2,4
i == LGUEST_MAX_DMA_SECTIONS,2,2,4
" descp->BUF_SIZE == HCF_DMA_RX_BUF1_SIZE, descp->BUF_SIZE ",2,2,4
zv->client_id != LOCAL_CLIENT,2,2,4
!(IsListEmpty(&(_pAdapt)->FreeRcvBuffers)),2,2,4
msg->b.type != CEPH_MSG_DATA_NONE,2,2,4
list_empty(&mdev->out_of_sequence_requests),2,2,4
"bp, attn.sig[3] & group_mask.sig[3]",2,2,4
start ^ !!rbd_dev->watch_event,2,2,4
transaction->t_log_list == NULL,2,2,4
ip->i_df.if_ext_max == XFS_IFORK_DSIZE(ip) / sizeof(xfs_bmbt_rec_t),2,2,4
(tid == ASC_TID_ALL) || (tid >= 0 && tid <= ADV_MAX_TID),2,2,4
ch->local_GP->get <= initial_get,2,2,4
conntrack,2,2,4
list_empty(&mdev->read_ee),2,2,4
((unsigned long)target & (sizeof(bundle_t) - 1)) != 0,2,2,4
phase >= 0 && phase <= 2,2,2,4
base != NULL,2,2,4
"num_regs > ARRAY_SIZE(chip->saved_regs), return",2,2,4
IS_ERR_OR_NULL(em),2,2,4
list_empty(&ioim->sgpg_q) || (ioim->nsges > BFI_SGE_INLINE),2,2,4
ABS(BCME_LAST) == (ARRAY_SIZE(bcmerrorstrtable) - 1),2,2,4
!worker,2,2,4
!substream->rmidi->private_data,4,0,4
waitqueue_active(li->wq),2,2,4
XFS_BUF_SIZE(bp) >= BBTOB(nbblks + (blk_no & log->l_sectbb_mask)),2,2,4
pObj->MLMEThr_task == NULL,2,2,4
list_empty(&(__itnim)->pending_q),2,2,4
handle->flags & OCFS2_HANDLE_STARTED,2,2,4
active,2,2,4
tab[n_desc].next,3,1,4
par->hooknum == NF_INET_POST_ROUTING,2,2,4
!down_trylock(&tl_inode->i_sem),2,2,4
!cct,2,2,4
"ohri->rst_shift, 0, oh->clkdm->pwrdm.ptr->prcm_offs, oh->prcm.omap4.rstctrl_offs",2,2,4
"sdp, !pull",2,2,4
sizeof(struct sxg_config) == HW_CFG_SECTION_SIZE + SW_CFG_SECTION_SIZE,2,2,4
irq >= NR_IRQ_VECTORS,2,2,4
mp->xflag & COMMIT_PAGE,4,0,4
"radix_tree_tag_get(&root->extent_root->cache_radix, buf->blocknr, CTREE_EXTENT_PENDING)",2,2,4
node->start + node->size > hole_end,2,2,4
"pos + count <= RME9652_CHANNEL_BUFFER_BYTES / 4, return -EINVAL",2,2,4
bits > 32,2,2,4
mp->tx_desc_count >= mp->tx_ring_size,2,2,4
sizeof(*khdr) >= blocksize && sizeof(*khdr) % blocksize == 0,2,2,4
seq_nr == 3 && !challenge,2,2,4
list_empty(&dst_buf->dirty),2,2,4
be32_to_cpu(cmd.header.in.length) > EXTEND_PCR_SIZE,2,2,4
EFX_RXQ_SIZE < 512 || EFX_RXQ_SIZE > 4096 || EFX_RXQ_SIZE & EFX_RXQ_MASK,2,2,4
"substream != NULL, return -EINVAL",2,2,4
cf_sk->layer.dn->ctrlcmd,2,2,4
&local->iflist_mtx,2,2,4
ep->ptd_offset < 0,3,1,4
!memblock_is_memory(pgtable),2,2,4
cache_l2.table.logical_blk_num != MAX_U32_VALUE,2,2,4
pShbMemInst->m_ahEventNewData[IDX_EVENT_TERM_REQU] != NULL,2,2,4
rq != this_rq(),2,2,4
pShbMemInst->m_hThreadJobReady != NULL,2,2,4
i >= 1U << tn->bits,2,2,4
node->type == CYAS_STORAGE_IO_CB,2,2,4
new_level != LKM_NLMODE && new_level != LKM_PRMODE,2,2,4
s->minor >= COMEDI_NUM_MINORS,2,2,4
new_urb,2,2,4
(vma->vm_flags & VM_MIXEDMAP) && pfn_valid(pfn),3,1,4
"""BAD CAST -> NvDevice, 0x%08x 0x%08x"", nv_hclass(object), nv_hclass(device)",2,2,4
"type >= OCFS2_NUM_LOCK_TYPES, ""%d\n"", type",2,2,4
pi->vars != (char *)&pi->vars,2,2,4
pfob->fw_config.nic_ulp_mask,2,2,4
page_nr >= b->bm_number_of_pages,3,1,4
!(flags & XFS_BLF_CANCEL),3,1,4
iip->ili_root_size == ip->i_df.if_broot_bytes,2,2,4
"sdp, buffer_uptodate(bh)",2,2,4
sizeof(skb->queue_mapping) != sizeof(qdisc_skb_cb(skb)->slave_dev_queue_mapping),3,1,4
"port && info, return -EINVAL",2,2,4
0 == (R_REG(&pi->regs->maccontrol) & MCTL_EN_MAC),2,2,4
info->max_indirect_segments && req->nr_phys_segments > info->max_indirect_segments,2,2,4
page_count < 0,2,2,4
EFX_FILTER_INDEX_UC_DEF != 0,2,2,4
pud,2,2,4
!list_empty(&conn->ksnc_tx_queue),3,1,4
!buffer_locked(bh),3,1,4
host->removed,2,2,4
NULL,2,2,4
!d,3,1,4
sizeof(xfs_lsn_t) == 8,3,1,4
t == NULL,4,0,4
"start_s < INT_GET(hdr_s->count, ARCH_CONVERT)",2,2,4
old_size <= new_size,2,2,4
!raw_pci_ops,2,2,4
"ep->base.dead, ""Endpoint is not dead"", return",2,2,4
wsize == 0,2,2,4
nat_get_blkaddr(e) == NULL_ADDR && new_blkaddr == NULL_ADDR,2,2,4
atomic_read(&page->first_page->_count) <= 0,2,2,4
"INT_GET(leaf->ents[i].hashval, ARCH_CONVERT) <= INT_GET(leaf->ents[i + 1].hashval, ARCH_CONVERT)",2,2,4
(new_vblocks >> (sizeof(unsigned short) << 3) || (new_vblocks > sbi->blocks_per_seg)),2,2,4
value & ~mask,2,2,4
ip->i_d.di_version == 1,2,2,4
(void*)task != task->sc->SCp.ptr,2,2,4
licp == &tp->t_items,2,2,4
"INT_GET(hdr_d->count, ARCH_CONVERT) < (XFS_LBSIZE(mp)/8)",2,2,4
info->max_indirect_segments == 0 && req->nr_phys_segments > BLKIF_MAX_SEGMENTS_PER_REQUEST,2,2,4
(iova | paddr) & invalid_mask,2,2,4
" ifbp->IFB_RscInd, 0 ",2,2,4
"be_mcc_wrb_consumed_in_order(mcc, cqe)",2,2,4
omap_plane->apply_done_cb.fxn,2,2,4
mp_ring_num_pending(ring) >= count,2,2,4
mem_type <= SOCRAM_MEMTYPE_DEVRAM,2,2,4
res_index == 10,2,2,4
priv || priv->ae_handle,4,0,4
!d_unhashed(dentry),3,1,4
"device, req->rq_state & RQ_EXP_WRITE_ACK",3,1,4
!root_cpuacct.cpuusage,2,2,4
((u32)(size_t)pfob->mailbox.va & 0xf) == 0,2,2,4
i != SLIC_MAX_PORTS,2,2,4
c->budg_data_growth >= 0,2,2,4
(len & (PAGE_SIZE - 1)) != 0,2,2,4
eq->workpending == FALSE,2,2,4
"input < num_busses_in(chip), return -EINVAL",2,2,4
!channel->enabled,2,2,4
!(mp->iomap_flags & IOMAP_HOLE),2,2,4
lov->lo_type == LLT_EMPTY,2,2,4
res->state & DLM_LOCK_RES_DROPPING_REF,3,1,4
" descp->next_desc_addr->BUF_SIZE >= 12, descp->next_desc_addr->BUF_SIZE ",2,2,4
!block_rsv,2,2,4
i2c_dev->clk,2,2,4
!PMEM_IS_PAGE_ALIGNED(offset),2,2,4
!cpu_has_rixi,2,2,4
!i915_gem_obj_ggtt_bound(obj),2,2,4
dentry->d_sb != sb,2,2,4
fid != NULL,4,0,4
!blk_pc_request(cmd->request),2,2,4
req->cmd_flags & REQ_ON_PLUG,2,2,4
valid == 1,2,2,4
!wr || (flags & XFS_BMAPI_DELAY),2,2,4
!str_param,2,2,4
pShbMemInst->m_ahEventNewData[IDX_EVENT_TERM_RESP] != NULL,2,2,4
list_empty(&lock->l_bl_ast),4,0,4
"sdp, io_gl->gl_object == i_gl",2,2,4
sizeof(type) > sizeof(long),2,2,4
zbudpage->zbud1_size != 0,2,2,4
layr->dn != NULL,4,0,4
end > start,2,2,4
failed_bio->bi_rw & REQ_WRITE,3,1,4
nr_cpus < MAX_NR_CPUS,2,2,4
num_prec > 0 && num_prec <= PKTQ_MAX_PREC,2,2,4
"sdp, !sdp->sd_log_num_jdata",2,2,4
"! in_interrupt(), return -EBUSY",2,2,4
transaction->t_updates == 0,2,2,4
!virt_addr_valid(addr),3,1,4
end < lblk,4,0,4
!PMEM_IS_PAGE_ALIGNED(vma->vm_end),2,2,4
sctx->nodesize != sctx->leafsize,2,2,4
prio >= CFQ_PRIO_LISTS,2,2,4
sc->request_bufflen == 0,2,2,4
!is_power_of_2(PAGE_SIZE / sizeof(struct hlist_head)),2,2,4
!mutex_is_locked(&group->mark_mutex),4,0,4
"sdp, !old_value != !new_value",2,2,4
part->reason == xpcSuccess,2,2,4
orig_sgl[i].offset + orig_sgl[i].length <= PAGE_SIZE,2,2,4
length_in_bytes % object_size == 0,2,2,4
va,2,2,4
"plpar_hcall_norets(H_PROD, intserv[i]) != H_SUCCESS",2,2,4
chnl_mgr_obj->word_size != 0,2,2,4
be16_to_cpu(hdr_d->count) < (XFS_LBSIZE(mp)/8),2,2,4
"(INT_GET(hdr->count, ARCH_CONVERT) > 0) && (INT_GET(hdr->count, ARCH_CONVERT) < (XFS_LBSIZE(mp)/8))",2,2,4
R_REG(&cc->res_state) & rsrcs,2,2,4
!PKTLINK(pkt),2,2,4
timer_is_armed(timer),3,1,4
obj->pages != NULL,2,2,4
"""BAD CAST -> NvEngCtx, %08x"", nv_hclass(obj)",2,2,4
lastp != NULL,2,2,4
flags & ~(GFP_DMA | GFP_LEVEL_MASK),2,2,4
best != NULL,2,2,4
index == be16_to_cpu(leaf->hdr.count) || args->oknoent,2,2,4
type == IEEE80211_STYPE_BEACON || type == IEEE80211_STYPE_PROBE_RESP,2,2,4
!ignore && blkio_blkg_empty(stats),2,2,4
ret != GHASH_BLOCK_SIZE,2,2,4
RB_EMPTY(&dd->sort_list[WRITE]),2,2,4
dev_p->usb_func_cbs->type == CYAS_USB_FUNC_CB,2,2,4
"HYPERVISOR_callback_op(CALLBACKOP_register, &event)",2,2,4
"memcmp(iip->ili_orig_root, ip->i_df.if_broot, iip->ili_root_size) == 0",2,2,4
start_s < be16_to_cpu(hdr_s->count),2,2,4
"bfa_sm_cmp_state(rp, bfa_rport_sm_uninit)",2,2,4
qtrx->qt_blk_res >= qtrx->qt_blk_res_used,2,2,4
fbuf,2,2,4
ldata->ld_leh != NULL,2,2,4
list_empty(&ic->iw_node),3,1,4
!map->cache_ops || !map->cache_ops->sync,2,2,4
!reada,2,2,4
"!test_bit(SK_DEAD, &svsk->sk_flags)",2,2,4
"runtime->dma_bytes> 0 && runtime->dma_bytes <= SNDRV_TRIDENT_MAX_PAGES * SNDRV_TRIDENT_PAGE_SIZE, return NULL",2,2,4
mpic->isus[0] == NULL,2,2,4
pc != lookup_page_cgroup(page),2,2,4
"bfa_q_is_on_q_func(&tskim->itnim->tsk_q, &tskim->qe)",2,2,4
this_device->started_request_count != 0,2,2,4
journal_head_cache != NULL,2,2,4
mp->iomap_bn != HOLESTARTBLOCK,2,2,4
i >= JBD_MAX_SLABS,2,2,4
!qtd,2,2,4
dqp->q_trace,2,2,4
gpio < ah->caps.num_gpio_pins,2,2,4
ascq->q_tidmask & ADV_TID_TO_TIDMASK(tid),2,2,4
" ifbp->IFB_lal >= offset, offset ",2,2,4
!IS_ROOT(dentry) && dentry->d_parent != parent,2,2,4
hw_cpu,3,1,4
bh == NULL,2,2,4
"(read_phy_reg(pi, 0xc0) & 0xc000) == 0",2,2,4
"ip->i_sbd, !create",2,2,4
ctxt_p->req_p != 0,2,2,4
!hlist_unhashed(&ctx->cc_cache),2,2,4
page->mapping,2,2,4
"cfs_time_after(timer->stt_expires, cfs_time_current_sec())",2,2,4
va & ~PAGE_MASK,3,1,4
frame_get >= uf_control->address_table.count,2,2,4
!bdata->node_bootmem_map,2,2,4
"fw != NULL, 0",2,2,4
base != low_mem_start,2,2,4
cbex.ec_len == 0,2,2,4
task->tk_magic != RPC_TASK_MAGIC_ID,2,2,4
cookie != NULL,2,2,4
packet->xmitted_frags < packet->txb->nr_frags,2,2,4
fd > 0,4,0,4
pool_idx >= BIOVEC_NR_POOLS,2,2,4
max_hstate >= HUGE_MAX_HSTATE,2,2,4
rblock->bb_u.l.bb_leftsib == cpu_to_be64(NULLDFSBNO),2,2,4
pnum >= 0,3,1,4
delblksudq || delblksgdq,2,2,4
EFX_FILTER_TABLE_RX_IP != (EFX_FILTER_TCP_FULL >> 2),2,2,4
(int)dentry->d_lockref.count > 0,2,2,4
gpct_index >= NUM_GPCT,2,2,4
!cookie,3,1,4
!img_request_child_test(img_request),2,2,4
cmd->free_head < 0,3,1,4
r != SMD_HEADER_SIZE,2,2,4
tg->nr_queued[rw] && bio != bio_list_peek(&tg->bio_lists[rw]),2,2,4
pInstancePtr != NULL,2,2,4
tmp <= chan->frag_number,2,2,4
offset >= sizeof(*ireq),2,2,4
((out_ptr >> EDMA_RSP_Q_PTR_SHIFT) & MV_MAX_Q_DEPTH_MASK) == pp->rsp_consumer,2,2,4
rpsc2_acc->port_info[0].pid != rport->pid,2,2,4
"bufs != NULL, return -ENXIO",2,2,4
fh->size != NFS2_FHSIZE,2,2,4
condition,2,2,4
nbd->magic != NBD_MAGIC,4,0,4
IS_ERR(root),4,0,4
fill_level > EFX_RXQ_SIZE,2,2,4
!osdmap,2,2,4
scp->scsi_done != NULL,2,2,4
"discovery != NULL, return;",4,0,4
pte_flags(pte) & _PAGE_SPECIAL,2,2,4
!XFS_BUF_GETERROR(fbuf),2,2,4
btrfs_header_owner(eb) != BTRFS_TREE_RELOC_OBJECTID,2,2,4
"!ext4_is_group_locked(sb, e4b->bd_group)",2,2,4
(BUSTYPE(sih->bustype) == SI_BUS) && (priority),2,2,4
ppVarEntry_p != NULL,2,2,4
addr < smmu->regs[i],2,2,4
!spin_is_locked(&client_lock),2,2,4
!wf_chspec_malformed(chanspec),2,2,4
(flags & ~SYNC_WAIT) == 0,2,2,4
!dirty->root,2,2,4
!eb_rewin,2,2,4
req_p != 0,2,2,4
!cachep || in_interrupt(),2,2,4
nf_ct_nat_offset != NULL,2,2,4
lip->li_type != XFS_LI_EFI,3,1,4
((u32) rspq->vaddr[i] & 0xFFFFF000) == (u32) rspq->vaddr[i],2,2,4
"fd, F_SEAL_SHRINK",4,0,4
dev_p->dma_freelist_p != 0,2,2,4
tegra_pcie.pex_clk,2,2,4
"IS_ALIGNED((uintptr) pktdata, sizeof(u16))",2,2,4
pVarParam_p != NULL,2,2,4
type == CY_FUNCT_CB_MISC_GETFIRMWAREVERSION,2,2,4
"ht, new_tbl, new_hash",2,2,4
total > bio->bi_integrity->bip_size,2,2,4
zv_size != size,2,2,4
target_request_nr >= sc->stripes,2,2,4
tx->tx_zc_capable,3,1,4
"EFX_OWORD_FIELD(nic_stat, FRF_AB_STRAP_PINS) != strap_val",2,2,4
"s != NULL, return 0",2,2,4
!list_empty(&bqt->busy_list),2,2,4
"""BAD CAST -> NvEngine, %08x"", nv_hclass(obj)",2,2,4
*shadow_pte == 0,2,2,4
(xm >> (DP_MBITS + 1)) == 0,2,2,4
!conn,2,2,4
ioc_fwstate != BFI_IOC_UNINIT,2,2,4
ld == NULL,2,2,4
zbudpage->zbud0_size != 0,2,2,4
!card->host->claimed,2,2,4
dst->d_itimer != 0,2,2,4
!(qc->tf.flags & ATA_TFLAG_POLLING),2,2,4
dhd->iflist[*ifidx] != NULL,2,2,4
(flags & (FS_PROJ_QUOTA|FS_USER_QUOTA|FS_GROUP_QUOTA)) != 0,2,2,4
"test_bit(segno, free_i->free_segmap)",2,2,4
"INT_GET(hdr_s->firstused, ARCH_CONVERT) >= ((INT_GET(hdr_s->count, ARCH_CONVERT)*sizeof(*entry_s))+sizeof(*hdr_s))",2,2,4
reg >= WM8900_MAXREG,2,2,4
extra == NULL,2,2,4
"be16_to_cpu(block->bb_numrecs) >= XFS_INOBT_BLOCK_MINRECS(level, cur)",2,2,4
atomic_read(&clp->cl_callback.cb_set),2,2,4
resp_len >= length,2,2,4
"num_regs <= ARRAY_SIZE(chip->saved_regs), return",2,2,4
!ioapic,2,2,4
flags & XLOG_COMMIT_TRANS,3,1,4
!pool_entry,2,2,4
"device, !test_bit(BME_LOCKED, &bm_ext->flags)",4,0,4
offs < 0x228,2,2,4
log->l_curr_block >= 0,3,1,4
layr->dn->transmit != NULL,4,0,4
qc->err_mask == 0,2,2,4
atomic_read(&grctx->src_base.sc_refcount) > 0,2,2,4
"!test_bit(bitnum, addr)",3,1,4
"lp->prev_req > DLM_LOCK_NL, ""%x,%llx"", lp->lockname.ln_type, (unsigned long long)lp->lockname.ln_number",2,2,4
atomic_read(&page->_count),2,2,4
"(read_radio_reg(pi, RADIO_2055_CAL_COUNTER_OUT2) & RADIO_2055_RCAL_DONE) == RADIO_2055_RCAL_DONE",2,2,4
rcvbuf,2,2,4
ep < 16,2,2,4
"sbi, offset < 0",3,1,4
"runtime != NULL, return -EINVAL",2,2,4
sizeof(struct lock_class_key) > sizeof(struct lock_class),2,2,4
be32_to_cpu(leaf->ents[i].hashval) <= be32_to_cpu(leaf->ents[i + 1].hashval),2,2,4
"gl, 1",3,1,4
qc->err_mask,2,2,4
gcwq->first_idle,2,2,4
c->budg_dd_growth == 0,2,2,4
atomic_read(&kioctx->users) <= 0,2,2,4
lsi,2,2,4
"midi->dev_id, return",2,2,4
coffset < stats->ls_num,2,2,4
r2 != NULL,2,2,4
ip_nat_decode_session != NULL,2,2,4
"bpos + len <= pcmp->dma_size, return -EIO",2,2,4
opcode != CEPH_OSD_OP_READ && opcode != CEPH_OSD_OP_WRITE,2,2,4
nf_nat_sdp_port_hook != NULL,2,2,4
!drm_modeset_is_locked(&dev->mode_config.connection_mutex),2,2,4
EFX_FILTER_TABLE_RX_IP != (EFX_FILTER_UDP_WILD >> 2),2,2,4
!lockres->l_ex_holders,3,1,4
"timer != NULL && timer->hw.start != NULL && timer->hw.stop != NULL, return -ENXIO",2,2,4
"sdp, !sdp->sd_log_num_gl",2,2,4
nf_nat_seq_adjust_hook != NULL,2,2,4
fcxp != NULL,2,2,4
(rbp->rbp_credits < 0) == !list_empty(&rbp->rbp_msgs),3,1,4
area >= NUM_LOW_AREAS,2,2,4
!p->se.on_rq,2,2,4
mask & ~reg_init[id].mask,2,2,4
atomic_read(&bio->bi_remaining) <= 0,2,2,4
tp->tx_info[entry].mapping == 0,2,2,4
sizeof(x) > MAX_MEMHEX_BYTES,2,2,4
ARRAY_SIZE(iwlagn_default_queue_to_tx_fifo) < IWLAGN_FIRST_AMPDU_QUEUE,2,2,4
VALID_ADDRESS(cmd),2,2,4
!spec->adc_nids,2,2,4
inode1 == NULL && inode2 == NULL,2,2,4
p == current,2,2,4
!ON_RB(&arq->rb_node),2,2,4
!dev->ts_started,2,2,4
request,2,2,4
"!(inb(ch->board->port) & FEPMEM), ""Memory on""",2,2,4
watermark <= CEV_WMARK_240,2,2,4
"gus != NULL, return -EINVAL",2,2,4
pShbCirBuff->m_ulBlocksReadable == 0,2,2,4
current->journal_info == handle,2,2,4
ap->alen % mp->m_sb.sb_rextsize == 0,2,2,4
!phy_sh->phy_head,2,2,4
ARRAY_SIZE(iwlagn_ipan_queue_to_tx_fifo) < IWLAGN_FIRST_AMPDU_QUEUE,2,2,4
(unsigned long)&vcpu->host_fx_image & 0xF,2,2,4
tid == MAX_RT_TEST_THREADS,2,2,4
!is_power_of_2(unmapped),2,2,4
new.b_size == 0,2,2,4
data->type != CEPH_MSG_DATA_PAGES,3,1,4
"codec < 3, return ICH_PCR",2,2,4
rcu_dereference(set_h225_addr_hook) != NULL,2,2,4
save_pfirst == pfirst,2,2,4
ip <= max_ip && ip >= min_ip,2,2,4
!(oi->ip_dyn_features & OCFS2_HAS_REFCOUNT_FL),4,0,4
"sdp, sdp->sd_lockstruct.ls_lvb_size >= GFS2_MIN_LVB_SIZE",2,2,4
"NREV_GE(pi->pubpi.phy_rev, 3)",2,2,4
irq != AUTO_ASSIGN && (unsigned)irq >= NR_IRQ_VECTORS,2,2,4
r2 == NULL,2,2,4
clen > zbud_max_buddy_size(),2,2,4
"!(offset & 3) && !(len & 3), return -EINVAL",2,2,4
!m2m_ops->job_abort,2,2,4
bio_data_dir(bio) != READ,2,2,4
rxf->rxmode_active & BNA_RXMODE_PROMISC,2,2,4
ns->ns_client == LDLM_NAMESPACE_CLIENT || ns->ns_client == LDLM_NAMESPACE_SERVER,2,2,4
"transport->dead, ""Transport is not dead"", return",2,2,4
size > 65536,3,1,4
part->act_state != XPC_P_INACTIVE,2,2,4
"false, (""BE queue, skb_queue:%d,"" "" set qsel = 0x%X\n"", skb_queue, QSLT_BE)",2,2,4
!ctx->tfm,2,2,4
remount,2,2,4
"cell != NULL, return -EINVAL",2,2,4
"!test_bit(NAPI_STATE_SCHED, &n->state)",3,1,4
slic_handle_word.handle_index <= SLIC_CMDQ_MAXCMDS,2,2,4
!cladatum,2,2,4
wq->flush_color != this_flusher.flush_color,2,2,4
cur,2,2,4
c->lst.empty_lebs >= 0 && c->lst.empty_lebs <= c->main_lebs,3,1,4
"ifp->if_broot_bytes <= XFS_IFORK_SIZE(ip, whichfork) + XFS_BROOT_SIZE_ADJ(ip)",2,2,4
type == CY_FUNCT_CB_MISC_ENTERSUSPEND,2,2,4
pShbMemInst->m_hMutexBuffAccess != NULL,2,2,4
!cdev,2,2,4
swsqe->flushed,3,1,4
"device, first_peer_device(device)->connection->agreed_pro_version >= 89",2,2,4
level != 0,3,1,4
PageTransHuge(page),2,2,4
!mutex_is_locked(&dentry->d_inode->i_mutex),2,2,4
inb(pio_start+RxConfig) == readb(ioaddr+RxConfig),2,2,4
hw_desc->next_desc,2,2,4
register_filesystem(&tmpfs_fs_type) != 0,2,2,4
tp->t_ticket != NULL,3,1,4
num_bits > clusters_to_add,3,1,4
trans,4,0,4
"void *failed_assertion, void *file_name, u32 line_number, char *message",2,2,4
vma->anon_vma != next->anon_vma,2,2,4
request->OnIOCompletion != NULL,2,2,4
seq->next_free_slot >= SCTP_MAX_NUM_COMMANDS,2,2,4
gcwq->cpu != smp_processor_id(),2,2,4
pShbMemInst->m_hThreadNewData != NULL,2,2,4
mask,2,2,4
dx_get_limit(entries) == dx_node_limit (dir),2,2,4
"false, (""SetHwReg8185(): invalid aci: %d !\n"", e_aci)",2,2,4
pCbParam_p != NULL,2,2,4
Driver->OnLinkStatusChanged,2,2,4
(sizeof(struct ath_desc) % 4) != 0,2,2,4
ch->remote_msgqueue == NULL,2,2,4
!is_slave(dest),2,2,4
atomic_read(&data->refs) || !cpumask_empty(data->cpumask),2,2,4
!cell,4,0,4
target > max_entries,2,2,4
size > 0,3,1,4
btp == bp->b_target,2,2,4
"INT_GET(dfp->length, ARCH_CONVERT) == INT_GET(newdup->length, ARCH_CONVERT)",2,2,4
PageFsCache(page),4,0,4
len > sb->s_blocksize,2,2,4
!pb->pb_relse,2,2,4
"frames != 0, snd_pcm_stream_unlock_irq(substream); return -EINVAL",2,2,4
!bch_keylist_empty(keylist),2,2,4
list_empty(&t->dirty),2,2,4
" (ifbp->IFB_AssertTrace & 1<<((where)&0xF)) == 0, ifbp->IFB_AssertTrace ",2,2,4
!crypt_key->size,2,2,4
vcpu->vcpu_id > KVM_MAX_VCPUS - 1,2,2,4
!PMEM_IS_PAGE_ALIGNED(vma->vm_start),2,2,4
end < NPHY_PAPD_EPS_TBL_SIZE,2,2,4
(__wqe)->qresume && (__wqe)->cbarg,2,2,4
"qd->qd_gl->gl_sbd, test_bit(QDF_LOCKED, &qd->qd_flags)",2,2,4
ring >= I915_NUM_RINGS,2,2,4
(int)zbudpage->unevictable < 0,2,2,4
clli < llis_bus || clli >= llis_bus + sizeof(struct pl08x_lli) * MAX_NUM_TSFR_LLIS,2,2,4
count == 0,3,1,4
regs != NULL,2,2,4
"time_after(b, a)",2,2,4
!ops->start,2,2,4
bno != NULLAGBLOCK,2,2,4
n && node_parent(n) != tn,2,2,4
offset + size > PAGE_SIZE,3,1,4
licp != NULL,2,2,4
iosapic_intr_info[vector].count,2,2,4
!list_empty(&cont->children),2,2,4
!(lp->flags & LPROPS_INDEX),4,0,4
srpc_data.rpc_state == SRPC_STATE_RUNNING,3,1,4
"page_mapcount(page) < 0, page",3,1,4
!nodes,3,1,4
"pdev, pdata->reset_name",4,0,4
b->argidx >= MC_ARGS,4,0,4
"priv != NULL, return -1;",4,0,4
RequestExt != NULL,2,2,4
sizeof(struct xpc_vars_part) != L1_CACHE_BYTES / 2,2,2,4
hwif->mmio == 1,2,2,4
c->budg_data_growth == 0,2,2,4
mac_address,2,2,4
bio->bi_rw & REQ_DISCARD,2,2,4
len > skb->len,3,1,4
wm2000->anc_mode != ANC_ACTIVE,2,2,4
!(flags & (XBF_DELWRI|XBF_WRITE)),2,2,4
"ACPI_DEBUG_PRINT ((ACPI_DB_EXEC, ""Operand is a Reference, ref_opcode [%s]\n"", (acpi_ps_get_opcode_info (obj_desc-> reference. opcode))-> name))",2,2,4
swidx % 32 == 0 && hwidx % 32 == 0,2,2,4
bf_lastaggr->bf_lastfrm == bf_last,2,2,4
timercb != NULL,2,2,4
lockres->l_level < LKM_PRMODE,2,2,4
sizeof(struct ar9170_rx_tail) != 24,2,2,4
"frames > 0, return -ENXIO",2,2,4
"test_bit(PG_dcache_dirty, &page->flags)",2,2,4
(rate_table->info[rate].valid && !ath_rc_priv->single_stream) || (rate_table->info[rate].valid_single_stream && ath_rc_priv->single_stream),2,2,4
page->index != nid,2,2,4
desc->mark != DESC_IDLE,2,2,4
entity != NULL,2,2,4
ai->unit_size & ~PAGE_MASK,2,2,4
list_empty(&parent->dirty),2,2,4
eq->tpending == TRUE,2,2,4
EFX_FILTER_TABLE_RX_IP != (EFX_FILTER_TCP_WILD >> 2),2,2,4
ELV_ON_HASH(rq),3,1,4
current_image == -1UL,2,2,4
"offsetof(struct batadv_icmp_packet, dst) != 4",2,2,4
!(ch->flags & XPC_C_ROPENREQUEST),3,1,4
queue->tx_devq_used >= packet->xmitted_octets,2,2,4
clk_prepare(clk0) < 0,2,2,4
write_bytes >= PAGE_CACHE_SIZE,2,2,4
new_nid,2,2,4
uptodate < disks,2,2,4
(b & XFS_MASK64HI(64-BMBT_STARTBLOCK_BITLEN)) == 0,2,2,4
slot->slots[i] == NULL,2,2,4
"be16_to_cpu(block->bb_numrecs) >= XFS_BMAP_BLOCK_IMINRECS(level, tcur)",2,2,4
di->txp[new] == NULL,2,2,4
pfob->mailbox.default_context_allocated,2,2,4
NUM_IWL_RXON_CTX != 1,2,2,4
XFS_AGI_MAGIC == be32_to_cpu( agi->agi_magicnum),2,2,4
!drv_priv.dev,2,2,4
inode != dentry->d_inode,2,2,4
hwgroup->handler,2,2,4
(sizeof(struct be_generic_q_ctxt) < sizeof(struct be_queue_driver_context) + sizeof(struct MCC_WRB_AMAP)),2,2,4
!(drv_data->quirks & BUZZ_CONTROLLER),2,2,4
req->r_ops[0].extent.osd_data != &req->r_data_out,2,2,4
"""BAD CAST -> NvNameDB, %08x"", nv_hclass(obj)",2,2,4
(addr >> memnode_shift) >= memnodemapsize,2,2,4
iqcomp_sz,2,2,4
spin_is_locked(&cli->cl_loi_list_lock.lock),2,2,4
&mark->group->mark_lock,2,2,4
tp->rx_opt.sack_ok && (tcp_left_out(tp) > tp->packets_out),2,2,4
req_p->length * 2 + 2 < CY_CTX_GEN_MAX_DATA_SIZE,2,2,4
&bat_priv->tt.commit_lock,4,0,4
"dccp_delta_seqno(seqp->ccid2s_seq, prev->ccid2s_seq ) >= 0",2,2,4
ex.fe_len <= 0,4,0,4
"voice < MAX_OPL3_VOICES, return",2,2,4
tail == 0 || tail->type == CYAS_STORAGE_IO_CB,2,2,4
newid != id,2,2,4
current->lock_depth < 0,2,2,4
"dt != NULL, ""dt is NULL when we want to write record\n""",2,2,4
to > cluster_end,2,2,4
&__efivars->lock,4,0,4
ctx->reqs_active,2,2,4
"INT_GET(hdr_d->firstused, ARCH_CONVERT) >= ((INT_GET(hdr_d->count, ARCH_CONVERT)*sizeof(*entry_d))+sizeof(*hdr_d))",2,2,4
ret < 0 || ret != n,2,2,4
"bfa_q_is_on_q(&mod->fcxp_active_q, fcxp)",2,2,4
ptr,2,2,4
"(read_phy_reg(pi, 0x129) & NPHY_IqestCmd_iqstart) == 0",2,2,4
dto != NULL,2,2,4
sbi->total_valid_block_count < (block_t) count,2,2,4
pte_val(pte) & _PAGE_SPECIAL,2,2,4
e->ec >= 0,3,1,4
" ifbp->IFB_RscInd || descp == NULL, ifbp->IFB_RscInd ",2,2,4
!_omap2_sram_reprogram_sdrc,3,1,4
bio_data_dir(bio) != WRITE,2,2,4
!th,2,2,4
p->block_id == ID_SYNCER,2,2,4
bfa_itnim_hold_io(itnim),2,2,4
!drbd_interval_empty(&e->i),2,2,4
eq_object,2,2,4
pchnl->cio_reqs <= pchnl->chnl_packets,2,2,4
"dev != NULL, return NETDEV_TX_OK;",4,0,4
irq_has_action(entry->irq),2,2,4
regno >= info->cmap.len,2,2,4
"rfatt, bbatt, dev",2,2,4
!spin_is_locked(&event->refs_lock),2,2,4
b->level,2,2,4
pci_get_drvdata (pdev) != NULL,2,2,4
em->start > chunk_offset || em->start + em->len < chunk_offset,2,2,4
msgByteCnt + ctx->h.bCnt <= SKEIN_512_BLOCK_BYTES,2,2,4
!ocfs2_is_rename_lock(lockres),2,2,4
fd > 2,2,2,4
ticket->t_curr_res >= len,2,2,4
atomic_read(&bss->hold),2,2,4
pbe,2,2,4
sbs != &o2cb_subsys,2,2,4
msgInfo != NULL,2,2,4
arg->claim != NFS4_OPEN_CLAIM_NULL,2,2,4
inb(pio_start+Config0) == readb(ioaddr+Config0),2,2,4
res == 0,2,2,4
!list_empty(&data->region_list),2,2,4
(sizeof(areas)*8) != NUM_LOW_AREAS,2,2,4
!list_empty(&worker->scheduled),2,2,4
start_d <= be16_to_cpu(hdr_d->count),2,2,4
PageTransCompound(page),3,1,4
"dt != NULL, ""dt is NULL when we want to read record\n""",2,2,4
!ext4_has_feature_journal(sb),4,0,4
blocksize > 1,2,2,4
xpc_vars->heartbeating_to_mask != 0,2,2,4
bus->dev_count > (NR_IOBUS_DEVS-1),2,2,4
list_empty(&mdev->data.work.q),2,2,4
gdesc->txd.gen == tq->tx_ring.gen,3,1,4
wrb_index < mcc->sq.ring.num,2,2,4
current == device->tconn->worker.task,2,2,4
wc->refs[level - 1] == 0,2,2,4
(unsigned long)&vcpu->arch.host_fx_image & 0xF,2,2,4
!in_vq,2,2,4
"0, ""unknown DLM mode %d"", dlmmode",2,2,4
!(iip->ili_format.ilf_fields & XFS_ILOG_DBROOT),2,2,4
prev_sg_block != NULL,2,2,4
!((*pskb)->nh.iph->frag_off & htons(IP_MF|IP_OFFSET)),2,2,4
!q->ops,2,2,4
(((unsigned long)sbundle) % sizeof(bundle_t)) != 0,2,2,4
length > XDR_MAX_NETOBJ,2,2,4
OCFS2_I(inode)->ip_dyn_features & OCFS2_INLINE_DATA_FL,2,2,4
nsgpg > mod->free_sgpgs,2,2,4
k <= RATE_TABLE_SIZE,2,2,4
"!lock_is_held(&rcu_bh_lock_map) && !lock_is_held(&rcu_lock_map) && !lock_is_held(&rcu_sched_lock_map), ""Illegal synchronize_rcu_bh() in RCU-bh read-side critical section""",2,2,4
zv->size == 0,2,2,4
count < NUM_ISA_INTERRUPTS,2,2,4
wrb_context->copy.va,2,2,4
!chunk_root->node,2,2,4
rbd_dev->rbd_client != NULL,2,2,4
atomic_read(&con->nref) == 0,2,2,4
gpio < ah->ah_caps.num_gpio_pins,2,2,4
seq->type == type,2,2,4
"sci_req, completion_code",2,2,4
be16_to_cpu(hdr_d->firstused) >= tmp,2,2,4
"dx_get_limit(entries) == dx_root_limit(dir, root->info.info_length)",2,2,4
pi->port_id != FW_VI_CMD_PORTID_GET(vi_rpl.portid_pkd),2,2,4
id >= IWM_MACS_OUT_GROUPS,2,2,4
atomic_read(&peer->usage) < 0,2,2,4
"bpos <= pcmp->dma_size, return -EIO",2,2,4
"xfs_dir2_sf_get_inumber(sfp, xfs_dir2_sf_inumberp(sfep)) == args->inumber",2,2,4
a < max,2,2,4
tmp >= 0,2,2,4
dd->total < 0,2,2,4
*O_dqpp,2,2,4
"sdp, tr->tr_t_gh.gh_gl",2,2,4
vaddr + uprobe_opcode_sz > PAGE_SIZE,2,2,4
wd->ap.uapsdQ != NULL,2,2,4
lbp != NULL,2,2,4
XFS_BIG_INUMS || i8count == 0,2,2,4
blocksize <= ke->ke_conf_size,2,2,4
res == sizeof(single_count),2,2,4
offs < 0x284,2,2,4
aio_nr - ctx->max_reqs > aio_nr,2,2,4
vn_count(vp) == 0,2,2,4
"pmd_lockptr(mm, pmdp)",4,0,4
uMICFragLen < cbMIClen,2,2,4
mdev->agreed_pro_version >= 89,2,2,4
!list_empty(&zbudpage->budlist),2,2,4
" ltvp->segment_size, *ltvp->host_addr ",2,2,4
img_offset == bio_list->bi_sector << SECTOR_SHIFT,2,2,4
ctx->h.bCnt == SKEIN_256_BLOCK_BYTES,2,2,4
device->name && !new_device->name,2,2,4
!(flags & SYNC_BDFLUSH),2,2,4
ofs_of_node(dn.node_page) != ofs_of_node(page),2,2,4
dev_priv->overlay->active,2,2,4
inode->i_blocks != 0 && inode->i_blocks != 1,2,2,4
"stream->buffer, return",2,2,4
&t->sighand->siglock,3,1,4
pfob->mcc,2,2,4
&bus->reg_lock,2,2,4
"INT_GET(block->bb_numrecs, ARCH_CONVERT) >= XFS_BMAP_BLOCK_IMINRECS(level, tcur)",2,2,4
channel->channel >= efx->n_channels,2,2,4
!list_empty(&dev_priv->mm.inactive_list),2,2,4
adapter->AllRcvBlockCount == 0,2,2,4
"(read_phy_reg(pi, 0xa4) & status_mask) == 0",2,2,4
fw_len != 0,3,1,4
!list_empty(&lo->layouts),2,2,4
!aalg_desc,4,0,4
tx_queue->write_count > tx_queue->insert_count,2,2,4
id < 0 || id > 2,2,2,4
buf->sent + size > buf->sg.length,2,2,4
mp->m_inodes == (xfs_inode_t *)ipointer,2,2,4
tsd->rst,4,0,4
error >= 0 && error <= 0xffff,2,2,4
current != device->connection->worker.task,2,2,4
((uintptr) bi + dtoh32(bi->length)) <= ((uintptr) list + WLC_IW_ISCAN_MAXLEN),2,2,4
rxf->rxmode_active & BNA_RXMODE_ALLMULTI,2,2,4
card->adapters_allocated,2,2,4
huge_pte_none(pte),3,1,4
skb->len == SLIC_RCVBUF_HEADSIZE,2,2,4
be16_to_cpu(hdr_s->firstused) >= ((be16_to_cpu(hdr_s->count) * sizeof(*entry_s))+sizeof(*hdr_s)),2,2,4
n && NODE_PARENT(n) != tn,2,2,4
failed>2,2,2,4
adapter->port == upr->adapter,2,2,4
le16_to_cpu(curp->p_hdr->eh_entries) > le16_to_cpu(curp->p_hdr->eh_max),2,2,4
!closure_is_unlocked(&b->io.cl),2,2,4
list_empty(&mp->m_quotainfo->qi_dqlist),2,2,4
"jh, jh->b_transaction == transaction || jh->b_transaction == 0",2,2,4
channel < 0 || channel >= HDSPM_MAX_CHANNELS,3,1,4
a <= 0xc0000000 || a >= 0xe0000000,2,2,4
tail == 0 || tail->node_type == CYAS_FUNC_CB,2,2,4
is_pae(vcpu),2,2,4
"src_format->format == dst_format->format, return -ENXIO",2,2,4
dev_p->func_cbs_mtp->type == CYAS_FUNC_CB,2,2,4
bf_lastaggr,2,2,4
cmd->data_length % attr->block_size,2,2,4
b->nsets || b->written,2,2,4
!list_empty(&idev->reqs_in_process),2,2,4
physcard->adapter[adapter->physport] == NULL,2,2,4
i >= 1<<tn->bits,2,2,4
"cap_substream, return -EINVAL",2,2,4
ret != -1,2,2,4
dlip == lip,2,2,4
bfa->iocfc.action == BFA_IOCFC_ACT_DISABLE,2,2,4
los->los_obj,2,2,4
type == CY_FUNCT_CB_MISC_ACQUIRERESOURCE,2,2,4
"sdp, !ret",2,2,4
"sdp, list_empty(head)",2,2,4
ocfs2_user_plugin.sp_proto == NULL,2,2,4
"sdp, ul->ul_count",2,2,4
!hlist_unhashed(&e->collision),2,2,4
!(cnt < BFA_SEM_SPINCNT),2,2,4
dev_p->func_cbs_misc->count != 0,2,2,4
!s->do_cmdtest,2,2,4
pipe_id >= ARRAY_SIZE(mdp4_crtc->planes),2,2,4
atomic_read(&ramster_curr_flnode_count) < 0,2,2,4
sb->s_root != NULL,2,2,4
pi->nphy_deaf_count > 0,2,2,4
(lock_flags & ~XFS_LOCK_MASK) == 0,2,2,4
req->rq_reqbuf->lm_bufcount >= 2,2,2,4
dev_p != 0,2,2,4
get_wq_data(work) != cwq,2,2,4
"pSubIndexEntry_p != NULL, ""EplObdGetObjectDefaultPtr(): pointer to SubEntry not valid!\n""",2,2,4
reg + num_regs > ARRAY_SIZE(wm8400->reg_cache),2,2,4
ABS(BCME_LAST) == (ARRAYSIZE(linuxbcmerrormap) - 1),2,2,4
hcmd->cmd64.hosthandle == hcmd->pslic_handle->token.handle_token,2,2,4
(pShbMemInst->m_ahEventNewData[0] != INVALID_HANDLE_VALUE) && (pShbMemInst->m_ahEventNewData[0] != NULL),2,2,4
pll->refcount == 0,2,2,4
tpp,2,2,4
ul_ext_end > ul_ext_base,2,2,4
first_peer_device(device)->connection->agreed_pro_version >= 89,2,2,4
proto,2,2,4
hs->hs_rehash_bits != 0,4,0,4
next == hctx->ccid2hctx_seqt,2,2,4
!_omap_sram_reprogram_clock,3,1,4
type == CY_FUNCT_CB_NODATA,2,2,4
"ismrlocked(&(ip->i_iolock), MR_UPDATE) != 0",2,2,4
force_context[force_pos] != w[0],2,2,4
tcp_mtask->xmstate != XMSTATE_IDLE,2,2,4
i < ARRAY_SIZE(chan_info_nphy_2055),2,2,4
pad < 0,3,1,4
!(RecvRingBufferSize & (PAGE_SIZE - 1)),2,2,4
!list_empty(&clp->cl_superblocks),2,2,4
list_empty(&ip->i_reclaim),2,2,4
rv == -1,4,0,4
!fallback,2,2,4
mem_cgroup_is_root(memcg),2,2,4
!list_empty(&edmac->active),4,0,4
"sdp, sdp->sd_log_blks_free >= old",2,2,4
&dcss_lock,2,2,4
!uptodate,2,2,4
!(lock_flags & XFS_IOLOCK_SHARED),2,2,4
atomic_read(&ctx->cc_refcount) >= 2,2,2,4
EFX_TXQ_SIZE < 512 || EFX_TXQ_SIZE > 4096 || EFX_TXQ_SIZE & EFX_TXQ_MASK,2,2,4
!mmu_huge_psizes[psize],2,2,4
!atomic_read(&sig->count),2,2,4
arq == NULL,2,2,4
Packet->PageBuffers[0].Length > RNDIS_MESSAGE_SIZE(struct rndis_packet),2,2,4
&sta->mesh->plink_lock,3,1,4
index >= SCRUB_MAX_PAGES_PER_BLOCK,3,1,4
(unsigned long)__uptr & __mask,2,2,4
(rtc_base & 0xe0000000) == KSEG1,2,2,4
radix_tree_is_direct_ptr(item),2,2,4
qdbm != NULL,2,2,4
size & 3,3,1,4
sizeof(dev->keycode) < sizeof(keycode_rk3),2,2,4
!hlist_empty(&vlan_group_hash[i]),2,2,4
channel_id == servl->id,2,2,4
ring_req->nr_segments == BLKIF_MAX_SEGMENTS_PER_REQUEST,2,2,4
limit > (u64)UINT_MAX,2,2,4
"false, ""ERR rxdesc :%d not processed\n"", desc_name",2,2,4
set > ILSEL_KEY,2,2,4
"XFS_DQ_IS_ADDEDTO_TRX(tp, dqp)",2,2,4
cy_as_device_is_ack_delayed(dev_p),2,2,4
"dlm, res->lockname.name, res->lockname.len, iter.node_map, DLM_ASSERT_MASTER_FINISH_MIGRATION",2,2,4
"!virtio_has_feature(vi->vdev, VIRTIO_NET_F_CTRL_VQ) || (out + in > VIRTNET_SEND_COMMAND_SG_MAX)",2,2,4
"test_bit(NFS_LSEG_VALID, &lseg->pls_flags)",2,2,4
freezer->state == CGROUP_FROZEN,2,2,4
PHYSADDRLO(di->txdpa) >= PHYSADDRLO(di->txdpaorig),2,2,4
fn > 7,3,1,4
inode->i_blocks,2,2,4
!entry->hole_follows,2,2,4
!RB_EMPTY_NODE(&cfqg->rb_node),3,1,4
slic_global.num_slic_cards,2,2,4
s->auth_tok->token_type != ECRYPTFS_PASSWORD,2,2,4
datacnt >= 0,2,2,4
extent_locked,2,2,4
disc < N_TTY || disc >= NR_LDISCS,2,2,4
p_proc_object-> intf_fxns->pfn_deh_register_notify,2,2,4
!ops->config,2,2,4
ret & PTE_PFN_MASK,2,2,4
db->ready,2,2,4
tail == 0 || tail->type == CYAS_USB_IO_CB,2,2,4
size > size_r,2,2,4
!child_dev->is_pcie,2,2,4
!cfqq->on_rr,2,2,4
!list_empty(table->mask_list),2,2,4
"sdp, list_empty(&gl->gl_reclaim)",2,2,4
item >= 0 || (-1-item) >= map->max_buckets,2,2,4
"rgd->rd_sbd, rgd->rd_bh_count",2,2,4
txo->sent_skb_list[start],2,2,4
c->budg_dd_growth >= 0,2,2,4
count > (ssize_t)PAGE_SIZE,2,2,4
"!PageSwapCache(page), page",4,0,4
bytes != PAGE_SIZE,2,2,4
"c, ""suspicious rcu_dereference_check() usage""",2,2,4
pInstance != NULL,2,2,4
*p + sizeof(ino) + sizeof(len) + len > end,2,2,4
ifp,2,2,4
start < vma->vm_start,2,2,4
"false, ""ERR txdesc :%d not processed\n"", desc_name",2,2,4
vaddr != KMAP_FIX_BEGIN + idx * PAGE_SIZE,2,2,4
dev_p->func_cbs_usb->type == CYAS_FUNC_CB,2,2,4
ins->offset != 1,2,2,4
!(cachep->gfpflags & GFP_DMA),2,2,4
!((zbudpage->zbud0_size == 0) ^ (zbudpage->zbud1_size == 0)),2,2,4
!efx->loopback_selftest,2,2,4
io->flag & EXT4_IO_END_UNWRITTEN,2,2,4
type == NVKM_MM_TYPE_NONE,2,2,4
!bdi->wb_cnt,2,2,4
gctx->gc_mechctx,2,2,4
PageSlab(page_head),2,2,4
&rdev->devlist_mtx,2,2,4
nr > 28,2,2,4
!llport_can_be_up(llport),2,2,4
&swap_lock,4,0,4
lpar_rc != 0 && lpar_rc != 0xfffffff7,2,2,4
index <= LCNPHY_MAX_TX_POWER_INDEX,2,2,4
omap_dma_in_1510_mode(),2,2,4
"(((unsigned)(offsetof(struct net_device_stats, f)) / sizeof(unsigned long)) >= (1<<6))",2,2,4
node->type == CYAS_USB_FUNC_CB,2,2,4
msg->front.iov_len + sizeof(*item) > PAGE_CACHE_SIZE,2,2,4
hpriv->hp_flags & MV_HP_ERRATA_60X1B0,2,2,4
" DO_ASSERT, MERGE_2( IPW( HREG_PARAM_0 ), ifbp->IFB_Cmd ) ",2,2,4
"core_id, false",2,2,4
"sdp, !qd->qd_bh_count",3,1,4
(x > (1 << 11)) || (y > (1 << 11)),2,2,4
inode->i_ino < LOGFS_RESERVED_INOS,2,2,4
ctinfo == IP_CT_ESTABLISHED || ctinfo == (IP_CT_ESTABLISHED+IP_CT_IS_REPLY),2,2,4
"bh, buffer_locked(bh)",3,1,4
mm->pmd_huge_pte,2,2,4
"offsetof(struct thread_struct, fpscr) != offsetof(struct thread_struct, fpr[32])",2,2,4
list_empty(&ns->ns_list_chain),3,1,4
conn->ksnc_proto->pro_queue_tx_zcack != NULL,3,1,4
!list_empty(&cell->sv_graveyard),2,2,4
ihost->smu_registers == NULL,2,2,4
PHYSADDRLO(di->rxdpa) >= PHYSADDRLO(di->rxdpaorig),2,2,4
b->sg_cnt == NO_OF_SG_PER_BLOCK,2,2,4
sb_desc_data != NULL,2,2,4
qflip->qql_format.qf_type == XFS_LI_QUOTAOFF,2,2,4
msg_pos->data_pos >= data_len,2,2,4
RB_EMPTY(&ad->sort_list[REQ_ASYNC]),2,2,4
skb->nfct == NULL,3,1,4
(startoff & XFS_MASK64HI(64-BMBT_STARTOFF_BITLEN)) == 0,2,2,4
mp->iomap_bn != DELAYSTARTBLOCK,2,2,4
slabp->active,2,2,4
ip,2,2,4
total,2,2,4
opcode != CEPH_OSD_OP_READ && opcode != CEPH_OSD_OP_WRITE && opcode != CEPH_OSD_OP_DELETE && opcode != CEPH_OSD_OP_ZERO && opcode != CEPH_OSD_OP_TRUNCATE,2,2,4
vp->v_fbhv == NULL,2,2,4
S_ISDIR(inode->i_mode) && !list_is_singular(&inode->i_dentry),2,2,4
pShbCirBuff->m_ShbCirMagicID == SBC_MAGIC_ID,2,2,4
(su & ~PAGE_MASK) != 0,2,2,4
(width == 8) || (width == 16) || (width == 32),2,2,4
KMALLOC_MIN_SIZE > 16 || SLUB_PAGE_SHIFT < 10,2,2,4
type >= KFD_MQD_TYPE_MAX,3,1,4
dev->parent,2,2,4
ex_parameters,2,2,4
mdev->state.disk == D_UP_TO_DATE,2,2,4
"sdp, fp",2,2,4
&card->dapm_mutex,4,0,4
(ios->layout->group_width > 1) && (si.unit_off + ios->length > ios->layout->stripe_unit),2,2,4
" word_len <= len, MERGE2( word_len, len ) ",2,2,4
transaction->t_iobuf_list == NULL,2,2,4
dn->ch.sqnum > ubifs_inode(inode)->creat_sqnum,2,2,4
((u32) buf & 0xFFFFFFE0) == (u32) buf,2,2,4
"rc == HCF_SUCCESS, ltvp->typ",2,2,4
bufStart <= db->fragTotalSize,2,2,4
" ifbp->IFB_MBSize, 0 ",2,2,4
n_desc >= (is_tx ? TX_DESCS : RX_DESCS),3,1,4
MC_CMD_MAC_STATS_OUT_LEN != 0,2,2,4
start & ~PAGE_MASK || end & ~PAGE_MASK,2,2,4
!caifdevs,2,2,4
0 < len,3,1,4
EFX_TX_QUEUE_COUNT >= 128,2,2,4
!dma->ops || !dma->ops->enable_dma,4,0,4
ret <= 0,3,1,4
skb_headlen(skb) < nhoff + sizeof(struct vlan_hdr),2,2,4
!(dev->offload_config && dev->offload_enabled),2,2,4
target != (cmd->device->id & 0xf),2,2,4
ath_rc_priv->rate_table_size > RATE_TABLE_SIZE,2,2,4
ma->ma_lmm_size > 0,2,2,4
pShbMemInst->m_SbiMagicID == SBI_MAGIC_ID,2,2,4
RequestExt->Request != NULL,2,2,4
"sdp, sdp->sd_log_num_buf",2,2,4
((ulong32) pageaddr & 0xFFFFF000) == (ulong32) pageaddr,2,2,4
(o & XFS_MASK64HI(64-BMBT_STARTOFF_BITLEN)) == 0,2,2,4
(s->br_startblock & XFS_MASK64HI(12)) == 0,2,2,4
" DO_ASSERT, ltvp->mode ",2,2,4
index >= 0 && index < BCM43xx_NR_LEDS,2,2,4
!name->name,2,2,4
"sdp, sdp->sd_log_flush_head == sdp->sd_log_head",2,2,4
iolen,2,2,4
mpic->cpuregs[i] == NULL,2,2,4
flags & GFP_SLAB_BUG_MASK,2,2,4
(xm >> (SP_MBITS + 1)) == 0,2,2,4
cpa->numpages > numpages,2,2,4
bus->drvr,2,2,4
!parent->d_count,2,2,4
!buffer_dirty(parent),2,2,4
server != NULL,4,0,4
"!PageHead(page_head), page_head",3,1,4
end_boundary <= offset + len,2,2,4
ret && saw_unset_tag,2,2,4
!dentry->d_count,2,2,4
fcxp->use_ireqbuf == 1,2,2,4
"!(TxCtrlEPList[epid].command & IO_MASK(USB_EP_command, enable))",2,2,4
"i.r != end(t->data) && bkey_cmp(i.r, search) <= 0",2,2,4
!efx_dev_registered(efx),2,2,4
type == CY_FUNCT_CB_MISC_SETSDPOLARITY,2,2,4
ntxd <= D64MAXDD,2,2,4
"dqp->q_res_rtbcount >= INT_GET(dqp->q_core.d_rtbcount, ARCH_CONVERT)",2,2,4
!ioc,2,2,4
"memcmp(xen_start_info->magic, ""xen-3.0"", 7) != 0",2,2,4
outlen != PAGE_SIZE,2,2,4
pShbMemInst->m_ahEventNewData[IDX_EVENT_NEW_DATA] != INVALID_HANDLE_VALUE,2,2,4
IEEE80211_TX_MAX_RATES != 5,2,2,4
e->block_id != ID_VACANT,2,2,4
this_device->working_request == NULL,2,2,4
wlc_eventq_avail(eq) == FALSE,2,2,4
!drive->sense_rq_armed,2,2,4
!(ioc->ioc_mc == BFI_MC_LL),2,2,4
!dnext,2,2,4
!m2m_ops->device_run,2,2,4
skb->ip_summed == CHECKSUM_PARTIAL,4,0,4
!ep->com.qp,3,1,4
v_cluster < le32_to_cpu(rec->e_cpos),3,1,4
resp_p != 0,2,2,4
"test_bit(CSS_ROOT, &mem->css.flags)",2,2,4
!_omap2_set_prcm,3,1,4
napi_is_scheduled(dev),2,2,4
EFX_FILTER_TABLE_RX_IP != (EFX_FILTER_UDP_FULL >> 2),2,2,4
!q->ops->queue_setup,2,2,4
reqlen <= sizeof(buf),2,2,4
!atomic_read(&bio->bi_cnt),2,2,4
!tn,2,2,4
(char *)dup - (char *)d == be16_to_cpu(*XFS_DIR2_DATA_UNUSED_TAG_P(dup)),2,2,4
(R_REG(&pi->regs->maccontrol) & MCTL_EN_MAC) == 0,2,2,4
lnet_peer_aliveness_enabled(lp),3,1,4
"__bind_irq_vector(irq, vector)",2,2,4
spi->chip_select >= MAX_CHIP_SELECT,2,2,4
(XFS_IS_GQUOTA_ON(mp) ? ip->i_d.di_gid : xfs_get_projid(ip)) == be32_to_cpu(gdqp->q_core.d_id),2,2,4
rd != cfg80211_regdomain,2,2,4
iser_conn->device == NULL,2,2,4
xfs_Gqm,2,2,4
ichdr.count < XFS_LBSIZE(args->dp->i_mount) / 8,2,2,4
"""BAD CAST -> NvSubDev, %08x"", nv_hclass(obj)",2,2,4
"dma->ops->enable_transfer && dma->ops->flush_dma, return -EINVAL",2,2,4
omapfb_config.mem_desc.region[i].size,2,2,4
!dev->dev.platform_data,2,2,4
dev->isoc_ctl.buf,2,2,4
"bc != NULL, ""bc out of range""",2,2,4
!in_stable_tree(tree_rmap_item),2,2,4
q->u.out.sbal_state == NULL,2,2,4
as->current_transfer,2,2,4
cq->va,2,2,4
!(flags & SDIO_REQ_ASYNC),2,2,4
numfn <= SDIOD_MAX_IOFUNCS,2,2,4
hooknum == NF_IP_PRE_ROUTING || hooknum == NF_IP_POST_ROUTING || hooknum == NF_IP_LOCAL_IN || hooknum == NF_IP_LOCAL_OUT,2,2,4
TASK_SIZE > MODULES_VADDR,4,0,4
__req_format_is_sane(fmt),4,0,4
"sdp, !sdp->sd_log_num_buf",2,2,4
sizeof(dev->keycode) < sizeof(keycode_ak1),2,2,4
!(range_base & (xfs_off_t)btp->bt_smask),2,2,4
pi != NULL,2,2,4
pages == NULL,2,2,4
length <= max_length,2,2,4
"walk_page_buffers(NULL, page_buffers(page), 0, len, NULL, ext4_bh_delay_or_unwritten)",2,2,4
cinfo->size > 0,2,2,4
" ((hcf_32)(void*)ifbp & (HCF_ALIGN-1) ) == 0, (hcf_32)(void*)ifbp ",2,2,4
list_empty(&mod->fcxp_free_q),2,2,4
register_index >= NITIO_Num_Registers,2,2,4
dma_addr & (PAGE_SIZE - 1u),2,2,4
disk_num_bytes > btrfs_super_total_bytes(&root->fs_info->super_copy),2,2,4
!plane->crtc,2,2,4
count <= 32 * 1024,2,2,4
status > (sizeof(status_map) / sizeof(status_map[0])),2,2,4
dma_channel_active(state->dev->dma),2,2,4
nsegs != 1,2,2,4
"dqp->q_res_icount >= INT_GET(dqp->q_core.d_icount, ARCH_CONVERT)",2,2,4
vpp_counter < 0,2,2,4
"(char *)dup - (char *)d == INT_GET(*XFS_DIR2_DATA_UNUSED_TAG_P(dup), ARCH_CONVERT)",2,2,4
!hlist_unhashed(&e->colision),2,2,4
call_status != SCI_SUCCESS,2,2,4
!drq,2,2,4
open_flags & O_CREAT,2,2,4
mp->tx_ring_skbs > mp->tx_ring_size,2,2,4
"pObdEntry_p != NULL, ""EplObdGetSubindexIntern(): pointer to index is NULL!\n""",2,2,4
ring->itemSize > 0,2,2,4
ad->antic_status != ANTIC_OFF && ad->antic_status != ANTIC_WAIT_REQ,2,2,4
"!lock_is_held(&rcu_lock_map), ""Illegal idle entry in RCU read-side critical section.""",2,2,4
!atomic_read(&arq->io_context->aic->nr_queued),2,2,4
obj_priv->pages != NULL,2,2,4
temp == db->fragTotalSize,2,2,4
(probe >= 0) && (!leaf->hdr.count || (probe < be16_to_cpu(leaf->hdr.count))),2,2,4
addr1 == NULL,2,2,4
nid < 0 || nid >= MAX_NUMNODES || !node_online(nid),2,2,4
x != stripe,2,2,4
xs->xattr_bh != xs->inode_bh,2,2,4
ahp->icv_trunc_len > MAX_AH_AUTH_LEN,2,2,4
fcxp->nreq_sgles == 1,2,2,4
zero_page == NULL,3,1,4
coherent && (gfp_mask & __GFP_HIGHMEM),3,1,4
cachep->gfpflags & GFP_DMA,2,2,4
pBssInfo,2,2,4
sizeof(dev->keycode) < sizeof(keycode_rk2),2,2,4
rq->cpu != task_cpu(p),3,1,4
delta <= 0,2,2,4
vmxferpagePacket->Ranges[i].ByteOffset + vmxferpagePacket->Ranges[i].ByteCount < netDevice->ReceiveBufferSize,2,2,4
((__reqq) < BFI_IOC_MAX_CQS),2,2,4
device->connection->agreed_pro_version >= 89,2,2,4
level >= 1,2,2,4
"task != NULL && name != NULL && size >= 2, return -EINVAL",2,2,4
index < ring->num,2,2,4
(((unsigned long)ebundle) % sizeof(bundle_t)) != 0,2,2,4
rtas_args->token == RTAS_UNKNOWN_SERVICE,2,2,4
item_size != sizeof(*ei0),3,1,4
req->rq_repbuf,4,0,4
irq < 0 || irq >= MC13783_NUM_IRQ,2,2,4
"bfa_sm_cmp_state(ioim, bfa_ioim_sm_uninit)",2,2,4
(pShbMemInst->m_hEventJobReady != INVALID_HANDLE_VALUE) && (pShbMemInst->m_hEventJobReady != NULL),2,2,4
!wrb,2,2,4
"lu_fid_eq(capa_fid(&ocapa->c_capa), ll_inode2fid(inode))",2,2,4
"priv->magic == IRTTY_MAGIC, return -1;",4,0,4
segnum >= nilfs_sufile_get_nsegments(sufile),2,2,4
"time_before(jiffies, part->disengage_request_timeout)",2,2,4
"sdp, !buffer_dirty(bh)",2,2,4
!(c->vfs_sb->s_flags & MS_RDONLY),2,2,4
pAd->ate.TxLength <= (MAX_FRAME_SIZE - 34),2,2,4
sizeof(struct xhci_cap_regs) != 7*32/8,2,2,4
req->rq_phase == RQ_PHASE_NEW,3,1,4
nat_get_blkaddr(e) != NEW_ADDR && nat_get_blkaddr(e) != NULL_ADDR && new_blkaddr == NEW_ADDR,2,2,4
card->pdev != NULL,2,2,4
b.size >= 1,2,2,4
PageCompound(page) && page_private(page) != (unsigned long)page,2,2,4
fill_level > rx_queue->efx->type->rxd_ring_mask + 1,2,2,4
nr_irqs != 1,4,0,4
pdn==NULL,2,2,4
l2irq != 0,2,2,4
length > NLM_MAXSTRLEN,2,2,4
atomic_read(&trans->usage) <= 0,2,2,4
val >= 0 && val <= 3,2,2,4
!rq->bio || rq->bio != rq->biotail,2,2,4
x86_read_percpu(paravirt_lazy_mode) != PARAVIRT_LAZY_NONE,2,2,4
(new_size == 0) || (new_size <= ip->i_d.di_size),2,2,4
((u32) rspq->rspbuf & 0xFFFFF000) == (u32) rspq->rspbuf,2,2,4
tracer->context->owner[qual] != tracer,2,2,4
"ip->i_sbd, (ip->i_di.di_mode & S_IFMT) == (er->er_mode & S_IFMT)",2,2,4
dst->d_btimer != 0,2,2,4
!ON_RB(&last->rb_node),2,2,4
local->reg_state != IEEE80211_DEV_REGISTERED,2,2,4
(start ^ end) & ~(PAGE_SIZE - 1),2,2,4
!drbd_interval_empty(&peer_req->i),2,2,4
!(bp->b_flags & XBF_READ_AHEAD),2,2,4
!kobj || !kobj->sd || !attr,3,1,4
mp->m_log,2,2,4
ovl == NULL,2,2,4
xpc_vars_sn2 == NULL,4,0,4
list_empty(&unbud[chunks].list),2,2,4
S2MPS_REGULATOR_MAX < s2mps11->rdev_num,4,0,4
sp->parent_pte != parent_pte,2,2,4
"""BAD CAST -> NvParent, %08x"", nv_hclass(obj)",2,2,4
bufnr > QDIO_MAX_BUFFERS_MASK,2,2,4
atomic_long_read(&c->dirty_pg_cnt) == 0,2,2,4
lencopy <= 0,2,2,4
con->in_msg->con != con,4,0,4
data->num_booleans >= data->max_booleans,2,2,4
old_blkaddr == NULL_ADDR,2,2,4
err != 1,2,2,4
pipe != hctx->ccid2hctx_pipe,2,2,4
sizeof(struct zbudpage) > sizeof(struct page),2,2,4
"bp, attn.sig[2] & group_mask.sig[2]",2,2,4
"inb(ch->board->port) & FEPMEM, ""Global memory off""",2,2,4
list_empty(&console_session.ses_ndl_hash[i]),3,1,4
"!lock_is_held(&sp->dep_map) && !lock_is_held(&rcu_bh_lock_map) && !lock_is_held(&rcu_lock_map) && !lock_is_held(&rcu_sched_lock_map), ""Illegal synchronize_srcu() in same-type SRCU (or RCU) read-side critical section""",2,2,4
ke->ke_conf_size <= GSS_MAX_CIPHER_BLOCK,2,2,4
!priv->tune,2,2,4
!phys_addr_valid(x),2,2,4
"sdp, list_empty(&gl->gl_waiters3)",2,2,4
!(dma_reason[2] & BCM43xx_DMAIRQ_RX_DONE),2,2,4
ch_number < 0 || ch_number >= XPC_MAX_NCHANNELS,4,0,4
!vma->anon_vma,2,2,4
"min(internal_csi_format_idx, csi_format_idx) < 0",2,2,4
txq_id != txq->swq_id,2,2,4
node->node_type == CYAS_FUNC_CB,2,2,4
queue_p->count >= 0,2,2,4
!phy_dev,2,2,4
r2t->sg == NULL,2,2,4
"rtc != NULL, return -EINVAL",2,2,4
&group->mark_lock,2,2,4
!bvec->bv_len,2,2,4
root != NULL,2,2,4
bytesRemain == 0,2,2,4
!parent_pte,2,2,4
iip->ili_flags == 0,2,2,4
job->reply_len < sizeof(uint32_t),4,0,4
"card != NULL && _ak4531 != NULL, return -EINVAL",2,2,4
reg >= NITIO_Num_Registers,2,2,4
!ac->ops,2,2,4
limit > FIXADDR_TOP,2,2,4
tx_obj->sent_skb_list[start],2,2,4
!pg,2,2,4
&conf->device_lock,2,2,4
!root->ref_tree,2,2,4
(buf->status & 0xFFFFFFE0) == 0,2,2,4
be16_to_cpu(entry_d->nameidx) + tmp <= XFS_LBSIZE(mp),2,2,4
"start_d <= INT_GET(hdr_d->count, ARCH_CONVERT)",2,2,4
" ifbp->IFB_RxLen, HCF_TRACE_RCV_MSG ",2,2,4
!right_buffer,2,2,4
mapped < 0,3,1,4
from > osb->s_clustersize,2,2,4
(locktype == VRWLOCK_READ) || (locktype == VRWLOCK_WRITE_DIRECT),2,2,4
sg_is_chain(sg),4,0,4
(char *)de >= sb->s_blocksize + insert_bh->b_data,2,2,4
!page_bufs,2,2,4
(_pAdapt)->AllSglBufferCount >= (_pAdapt)->FreeSglBufferCount,2,2,4
"strncmp(lvl, KERN_EMERG, strlen(KERN_EMERG)) == 0",2,2,4
pRDInfo->skb,2,2,4
(width > (1 << 11)) || (height > (1 << 11)),2,2,4
(pShbMemInst->m_ahEventNewData[1] != INVALID_HANDLE_VALUE) && (pShbMemInst->m_ahEventNewData[1] != NULL),2,2,4
*n == 0,4,0,4
rxp,2,2,4
reg > WM8523_MAX_REGISTER,2,2,4
scsi_sg_count(scsicmd) == 0,2,2,4
atomic_read(&mdev->local_cnt) > 0,2,2,4
vnode_refed == B_FALSE,2,2,4
bit < 0,2,2,4
end > BITS_PER_BITMAP,2,2,4
clk_enable(clk0) < 0,2,2,4
kbc->clk,2,2,4
"INT_GET(leaf->hdr.stale, ARCH_CONVERT) == stale",2,2,4
r == 0xff,2,2,4
td->cpu != smp_processor_id(),3,1,4
"ht, tbl, hash",2,2,4
codec_index != CS46XX_PRIMARY_CODEC_INDEX && codec_index != CS46XX_SECONDARY_CODEC_INDEX,4,0,4
cbdata_ms.length <= sizeof(def_inq_data),2,2,4
!uctx,2,2,4
tail == 0 || tail->type == CYAS_USB_FUNC_CB,2,2,4
state.nc != 1,2,2,4
nf_nat_sdp_addr_hook != NULL,2,2,4
"bfa_q_is_on_q(&mod->rp_active_q, rport)",2,2,4
"!chip->pipe_alloc_mask, return -EAGAIN",2,2,4
!nb,2,2,4
rate_ctrl->rate_table_size <= MAX_TX_RATE_TBL,2,2,4
!nr_pages,4,0,4
(_Hdr)->State == SXG_BUFFER_FREE,2,2,4
xfs_Gqm->qm_nrefs > 0,2,2,4
vcn < 0,4,0,4
(s->br_state == XFS_EXT_NORM) || (s->br_state == XFS_EXT_UNWRITTEN),2,2,4
dma_addr < BLK_BOUNCE_ISA,2,2,4
numsects <= 3,2,2,4
fi < 0,2,2,4
info,2,2,4
!pm,4,0,4
dentry != NULL,2,2,4
nd->inode != dir,2,2,4
buffer->state != BUF_STATE_READY,2,2,4
ep_p->maxhaldata == CY_AS_DMA_MAX_SIZE_HW_SIZE || ep_p->maxhaldata >= ep_p->maxhwdata,2,2,4
!(mp->iomap_flags & IOMAP_DELAY),2,2,4
be32_to_cpu(free->hdr.firstdb) <= curdb,2,2,4
((unsigned long)bi + le32_to_cpu(bi->length)) <= ((unsigned long)list + WLC_IW_ISCAN_MAXLEN),2,2,4
type >= KOBJ_NS_TYPES,2,2,4
!dev->d_region->bus_addr,2,2,4
lock->cll_state == CLS_INTRANSIT,4,0,4
d->dd_ops->dt_trans_start,2,2,4
!used_math(),3,1,4
nm_i->fcnt,2,2,4
ret == -EIOCBQUEUED && !(filp->f_flags & O_DIRECT),2,2,4
0<=retry && retry<=retries->count,2,2,4
req_p->length * 2 + 2 < CY_CTX_STR_MAX_DATA_SIZE,2,2,4
cpu >= 4 || cluster >= 2,2,2,4
osd_data->length > (u64) SIZE_MAX,2,2,4
!arq->on_hash,2,2,4
!NFS_WBACK_BUSY(req),2,2,4
"!lock_is_held(&rcu_bh_lock_map), ""Illegal idle entry in RCU-bh read-side critical section.""",2,2,4
budnum > 1,2,2,4
hlist_unhashed(&object->cookie_link),2,2,4
rcu_dereference(nat_t120_hook) != NULL,2,2,4
page_count(page) != 0,2,2,4
mp->tx_desc_count > mp->tx_ring_size,2,2,4
next_sb_desc != NULL,2,2,4
"count <= INT_GET(hdr_s->count, ARCH_CONVERT)",2,2,4
req_size < sizeof(ADV_SCSI_REQ_Q),2,2,4
(__fix_to_virt(FIX_BTMAP_BEGIN) >> PMD_SHIFT) != (__fix_to_virt(FIX_BTMAP_END) >> PMD_SHIFT),3,1,4
type == CY_FUNCT_CB_MISC_WRITEMCUREGISTER,2,2,4
NULL == usbvision->i2c_adap.algo_data,2,2,4
charge,2,2,4
commit_transaction->t_log_list == NULL,2,2,4
" ifbp->IFB_CntlOpt & USE_DMA, ifbp->IFB_CntlOpt",2,2,4
ac_data(malloc_sizes[INDEX_AC].cs_cachep) != &initarray_generic.cache,2,2,4
!req->rq_pack_bulk || (req->rq_bulk_read || req->rq_bulk_write),2,2,4
cipher->len == blocksize + sizeof(*khdr),2,2,4
count > QDIO_MAX_BUFFERS_PER_Q,2,2,4
overlay->virt_addr,2,2,4
"minor >= 0 && minor < SNDRV_OS_MINORS, return -EINVAL",2,2,4
!ocfs2_is_cluster_bitmap(inode),4,0,4
xfs_inode_zone != NULL,2,2,4
pObdEnty_p != NULL,2,2,4
ni->blk_addr == NEW_ADDR,2,2,4
ret >= ASC_PRTLINE_SIZE,2,2,4
op->type != BTREE_INSERT,2,2,4
buf_flags & XFS_BUF_TRYLOCK,2,2,4
i->state == NID_ALLOC,2,2,4
pchnl->cio_reqs >= 0,2,2,4
"dev->priv && ""forgot to free""",2,2,4
leaf2->hdr.info.magic == cpu_to_be16(XFS_ATTR_LEAF_MAGIC),2,2,4
guestaddr & 1,2,2,4
!PageLocked(oldpage),2,2,4
iops != NULL,2,2,4
commit_transaction->t_nr_buffers <= commit_transaction->t_outstanding_credits,2,2,4
css_is_removed(&mem->css),2,2,4
IS_ERR(buf),2,2,4
sge_count == 1,2,2,4
RX_BUF_COUNT > 192 || TX_BUF_COUNT > 192,2,2,4
vop->dclk_rst,4,0,4
svsk->sk_xprt.xpt_pool != pool,2,2,4
"!new.frozen, &new",2,2,4
pTask,2,2,4
item >= map->max_devices,2,2,4
sym_table_count <= MAX_SYMS,2,2,4
left <= middle && middle <= right,2,2,4
timer_delay <= 250,2,2,4
list_empty(&src_buf->dirty),2,2,4
reg != NULL,2,2,4
"xfs_dir2_byte_to_db(mp, curoff) == map_info->curdb",2,2,4
!c,2,2,4
cookie->len > NLM_MAXCOOKIELEN,2,2,4
type == CY_FUNCT_CB_MISC_SETSDFREQ,2,2,4
(be32_to_cpu(free->hdr.firstdb) % XFS_DIR2_MAX_FREE_BESTS(mp)) == 0,2,2,4
"jh, jh->b_transaction == commit_transaction || jh->b_transaction == journal->j_running_transaction",2,2,4
curdb < be32_to_cpu(free->hdr.firstdb) + be32_to_cpu(free->hdr.nvalid),2,2,4
(sizeof(struct tmem_handle) * 2 > CHUNK_SIZE),2,2,4
(n >> 32) == 0,2,2,4
hdm_ch == 0,2,2,4
sizeof(struct blkvsc_request_group) <= sizeof(struct blkvsc_request),2,2,4
ARRAY_SIZE(iwlagn_default_queue_to_tx_fifo) != 10,2,2,4
z2 >= 0,2,2,4
rport->itnim != NULL,2,2,4
MV_MAX_Q_DEPTH > qc->tag,2,2,4
"false, (""Unable to obtain 32bit DMA "" ""for consistent allocations\n"")",2,2,4
frame->data != NULL,2,2,4
"!closure_wait(&w->wait, cl)",2,2,4
ip->i_ino != mp->m_sb.sb_gquotino,2,2,4
(R_REG(&wlc_hw->regs->maccontrol) & MCTL_EN_MAC) == 0,2,2,4
*curp == cur || *curp == NULL,2,2,4
be32_to_cpup((__be32 *)p) != OF_DT_BEGIN_NODE,2,2,4
sops->sem_num != semnum,2,2,4
(gpio_bitmask) && !((gpio_bitmask) & (gpio_bitmask - 1)),2,2,4
unlikely(len > PPC440SPE_ADMA_XOR_MAX_BYTE_COUNT),2,2,4
be16_to_cpu(leaf2->hdr.info.magic) == XFS_ATTR_LEAF_MAGIC,2,2,4
(_ring)->Tail != (_ring)->Head,2,2,4
"!list_empty(&sh->lru) && !test_bit(STRIPE_EXPANDING, &sh->state) && !test_bit(STRIPE_ON_UNPLUG_LIST, &sh->state) ",2,2,4
req->rq_pool,3,1,4
list_empty(&device->sync_ee),2,2,4
(int)nr_cpus >= 0,2,2,4
(pchnl->dw_state & CHNL_STATECANCEL),2,2,4
xe == ye,4,0,4
skb_headroom(skb) >= sizeof(struct bcm43xx_txhdr),2,2,4
gptimer == NULL,2,2,4
rspi->rsp_maxlen <= BFA_FCXP_MAX_LBUF_SZ,2,2,4
!(nb % fragsize),2,2,4
vp == VFS_I(ip),2,2,4
"bus != NULL, return -EINVAL",2,2,4
nb % fragsize == 0,2,2,4
len > ((u8 *)token)[1],2,2,4
ring->pidx != ring->cidx,2,2,4
!OCFS2_IS_VALID_DINODE(di),4,0,4
obj->madv == __I915_MADV_PURGED,3,1,4
ip->i_ino != mp->m_sb.sb_uquotino,2,2,4
&sec->ps_refcount,4,0,4
"(pSubEntry != NULL) && (nSubIndexCount > 0), ""ObdGetSubindexIntern(): invalid subindex table within index table!\n""",2,2,4
wlp->start_queue == NULL,2,2,4
eth_sq,2,2,4
__AR9170_NUM_BW != 3,2,2,4
(flags & XFS_ALL_QUOTA_ACCT) == 0,2,2,4
rc == 3,2,2,4
"uuid_equal(&rblock->bb_u.l.bb_uuid, &mp->m_sb.sb_uuid)",2,2,4
(blockcount & XFS_MASK64HI(64-BMBT_BLOCKCOUNT_BITLEN)) == 0,2,2,4
host->cmd == NULL,3,1,4
"! get_property(node, ""linux,phandle"")",2,2,4
PPC_MSG_CALL_FUNC_SINGLE != 2,2,2,4
"INT_GET(hdr_d->firstused, ARCH_CONVERT) >= tmp",2,2,4
mp_ring_num_empty(&mcc->sq.ring) > 0,2,2,4
!evt_struct,4,0,4
inb(pio_start+Config1) == readb(ioaddr+Config1),2,2,4
!q->io_modes,2,2,4
nvecs == lip->li_desc->lid_size,2,2,4
version == the_lnet.ln_routers_version,2,2,4
" ifbp->IFB_LastDesc[tx_rx_flag] == NULL, (hcf_32)ifbp->IFB_LastDesc[tx_rx_flag]",2,2,4
"FALSE, ""EplDllkProcess(): unhandled event type!\n""",2,2,4
XEN_PAGE_SIZE != PAGE_SIZE,4,0,4
unlikely(!iolen),2,2,4
dev_p->func_cbs_misc->type == CYAS_FUNC_CB,2,2,4
"sdp, test_bit(HIF_RECURSE, &tmp_gh->gh_iflags)",2,2,4
"sdp, tr->tr_num_revoke <= tr->tr_revokes",2,2,4
skb_is_nonlinear(nskb),2,2,4
ARRAY_SIZE(soc_process_speedos) != THRESHOLD_INDEX_COUNT,4,0,4
ar->arWmiReady == TRUE,2,2,4
is_gc,4,0,4
count > ISCSI_HOST_ATTRS,2,2,4
!ops->add_interface,2,2,4
IS_ERR(gpmc_l3_clk),2,2,4
prio < 4 || prio >= NR_PRIORITY_IRQS,2,2,4
!sta->sdata->bss,2,2,4
!(desc_ctrl.tx_complete && desc_ctrl.zero_result_en),2,2,4
node == -1,2,2,4
!kms,4,0,4
list_empty(&mod->sgpg_wait_q),2,2,4
"INT_GET(head->h_magicno, ARCH_CONVERT) == XLOG_HEADER_MAGIC_NUM",2,2,4
leaf_free_space(leaf) < 0,2,2,4
!sent_skb,2,2,4
!bio_list_empty(&cell->bios),2,2,4
spec->type == EFX_FILTER_UNSPEC,2,2,4
!asc_dvc->carrier_buf,2,2,4
zbudpage->unevictable != 0,2,2,4
pSubindexEntry_p != NULL,2,2,4
PageCgroupUsed(pc),2,2,4
i2c_dev->div_clk,2,2,4
!virt_addr_valid(start) || !virt_addr_valid(end - 1),2,2,4
"ismrlocked(&(ip->i_lock), MR_UPDATE) != 0",2,2,4
cb == 0,2,2,4
type == CY_FUNCT_CB_MISC_GETGPIOVALUE,2,2,4
usecnt > 0,2,2,4
"sdp, !tr->tr_num_buf",2,2,4
(offset & 0xF000) == 0x0000,2,2,4
!(SXG_RING_EMPTY(_ringinfo)),2,2,4
result != -ENOSYS,4,0,4
lock_flags & (XFS_IOLOCK_EXCL|XFS_ILOCK_EXCL),2,2,4
dev->active,2,2,4
ARRAYSIZE(addr) == MHFMAX,2,2,4
xdr_sge_no > vec->count,2,2,4
mode == CLOCK_EVT_MODE_ONESHOT,2,2,4
iova & invalid_mask,2,2,4
ppgtt->num_pd_pages > GEN8_LEGACY_PDPS,2,2,4
entry < 0 || entry >= HPSA_MAX_SCSI_DEVS_PER_HBA,2,2,4
*logical < le32_to_cpu(ex->ee_block) + le16_to_cpu(ex->ee_len),2,2,4
em->end < cur,2,2,4
type >= BTRFS_KEY_TYPE_MAX,2,2,4
"sdp, tr->tr_num_buf <= tr->tr_blocks",2,2,4
(atomic_read(&pAd->BulkOutRemained) >= 0),2,2,4
!ordered_extent,2,2,4
list_empty(&right_buf->dirty),2,2,4
"spec->channel_modes, return -EINVAL",2,2,4
framerate >= 4000 && framerate <= 49000,2,2,4
ld->refcount == 0,2,2,4
MAX_SWAPFILES_SHIFT > SWP_TYPE_BITS,4,0,4
q_ctxt->context.cb,2,2,4
pampd_to_use == NULL,2,2,4
dev_p->func_cbs_stor->type == CYAS_FUNC_CB,2,2,4
!clip_rects || !num_of_clip_rects,2,2,4
!this,2,2,4
pShbLinBuff->m_ShbLinMagicID == SBL_MAGIC_ID,2,2,4
channel >= MAX_DMA_CHANNELS || dma_ch[channel].chan_status == DMA_CHANNEL_FREE,2,2,4
!list_empty(&cell->vl_graveyard),2,2,4
!buffer_dirty(ent->bh_su),2,2,4
ring_req->nr_segments > BLKIF_MAX_SEGMENTS_PER_REQUEST,2,2,4
*pos < start_pos,4,0,4
byDmaLength < 4,2,2,4
!remain,2,2,4
nb > 0,2,2,4
&head->lock,3,1,4
!inode_info->lower_file,2,2,4
rcu_dereference(set_h245_addr_hook) != NULL,2,2,4
parent == &mnt->mnt,2,2,4
loc == RCL_SERVER || loc == RCL_CLIENT,4,0,4
mdev->ee_hash == NULL,2,2,4
to > osb->s_clustersize,2,2,4
"strcmp(help->helper->name, ""pptp"")",2,2,4
"page_mapcount(page) != 0, page",2,2,4
&client_lock,2,2,4
(lend & (PAGE_CACHE_SIZE - 1)) != (PAGE_CACHE_SIZE - 1),2,2,4
ep_p->queue_p->size >= mtp_datalen,2,2,4
next->d_inode,2,2,4
"hdr != NULL, return -EINVAL",2,2,4
sched_group_nodes_bycpu == NULL,2,2,4
"INT_GET(block->bb_numrecs, ARCH_CONVERT) >= XFS_ALLOC_BLOCK_MINRECS(level, cur)",2,2,4
part->disengage_request_timeout != 0,2,2,4
cli->cl_mgc_vfsmnt == NULL,2,2,4
req->rq_export != NULL,3,1,4
right_path->p_tree_depth == 0,3,1,4
objp != slabp->s_mem + objnr * cachep->objsize,2,2,4
*pskb,2,2,4
XFS_BUF_ISDELAYWRITE(bp),2,2,4
" 1 < ltvp->len && ltvp->len <= HCF_MAX_LTV + 1, MERGE_2( ltvp->typ, ltvp->len ) ",2,2,4
zbudpage_is_zombie(zbudpage),2,2,4
!(ip_hdr(*pskb)->frag_off & htons(IP_MF | IP_OFFSET)),2,2,4
(!is_long_mode(vcpu) && is_pae(vcpu)) || (vcpu->cr3 & CR3_NONPAE_RESERVED_BITS) == 0,2,2,4
"chan0 <= &digi_channels[nbdevs - 1], ""ch out of range""",2,2,4
ctrl->handler->lock,4,0,4
!fhp->fh_dentry,2,2,4
le64_to_cpu(dn->ch.sqnum) > ubifs_inode(inode)->creat_sqnum,3,1,4
card->adapter[adapter->port] == NULL,2,2,4
op_data != NULL,4,0,4
atomic_read(&page_head->_count) <= 0,2,2,4
mdev->state.disk == D_FAILED,2,2,4
!IS_ERR(loghandle),2,2,4
!bus,4,0,4
z > 0,2,2,4
xqm->qm_usr_dqhtable != NULL,2,2,4
!(kn->flags & KERNFS_REMOVED),2,2,4
unlikely(len > IOP_ADMA_MAX_BYTE_COUNT),2,2,4
ctxt_p->queue_index * sizeof(uint16_t) + sizeof(data) <= sizeof(ctxt_p->data_queue),2,2,4
!q->irq_ptr->sch_token,2,2,4
x86_read_percpu(xen_lazy_mode) != PARAVIRT_LAZY_NONE,2,2,4
"!lock_is_held(&rcu_bh_lock_map) && !lock_is_held(&rcu_lock_map) && !lock_is_held(&rcu_sched_lock_map), ""Illegal synchronize_sched() in RCU read-side critical section""",2,2,4
beatic_host == NULL,2,2,4
current == mdev->worker.task,2,2,4
objchange == 0,2,2,4
"state, STBY",4,0,4
device < 16,2,2,4
!ON_RB(&drq->rb_node),2,2,4
"dmab != NULL, return -ENXIO",2,2,4
(new_size == 0) || (new_size <= ip->i_size),2,2,4
tdma->dma_clk,2,2,4
pmgr_obj,2,2,4
ctx->h.bCnt == SKEIN1024_BLOCK_BYTES,2,2,4
be16_to_cpu(leaf->hdr.count) <= xfs_dir2_max_leaf_ents(mp),2,2,4
" ifbp->IFB_FirstDesc[tx_rx_flag], (hcf_32)descp ",2,2,4
!ti,2,2,4
reg > ARRAY_SIZE(wm8728_reg_defaults),2,2,4
"offsetof(struct thread_struct, fpscr) != offsetof(struct thread_struct, TS_FPR(32))",2,2,4
atomic_read(&cm_node->listener->pend_accepts_cnt) < 0,3,1,4
byLoopbackMode < 3,2,2,4
"bad_range(zone, &page[size])",2,2,4
rcu_dereference(set_ras_addr_hook) != NULL,2,2,4
step >= 0,2,2,4
"rate == SB8_RATE(11025) || rate == SB8_RATE(22050), return -EINVAL",2,2,4
ad->antic_status == ANTIC_FINISHED,2,2,4
ctask->total_length == 0,2,2,4
handle->lgh_obj,2,2,4
(obj->write_domain & ~I915_GEM_DOMAIN_CPU) != 0,2,2,4
!list_empty(&dev->list),2,2,4
RB_EMPTY(&ad->sort_list[REQ_SYNC]),2,2,4
atomic_read(&conn->ksnc_sock_refcount) > 0,3,1,4
"(offset % PAGE_SIZE) == 0, return NOPAGE_SIGBUS",2,2,4
IS_ROOT(dentry),2,2,4
pi->nphy_perical != PHY_PERICAL_DISABLE,2,2,4
dmem == NULL,2,2,4
sizeof(format) != 6,4,0,4
pmu_res_depend_table != NULL,2,2,4
(_Event)->Length <= (_RcvDataBufferHdr)->Size,2,2,4
"false, (""QSLT_BE queue, skb_queue:%d\n"", mac80211_queue_index)",2,2,4
!wr || delay,2,2,4
"""BAD CAST -> NvObject, invalid magic""",2,2,4
"setup_irq(ce->irq, &sirfsoc_timer1_irq)",2,2,4
VALID_PAGE(table_addr),2,2,4
token->len >= sizeof(*khdr) + cipher.len + ke->ke_hash_size,2,2,4
"ins->spdif_in_src != NULL,return -EINVAL",2,2,4
skb_shinfo(skb)->nr_frags != 1,2,2,4
lop,2,2,4
pCbStoreParam_p != NULL,2,2,4
list_empty(&rs->rs_list),3,1,4
atomic_read(&eq_object->ref_count) == 0,2,2,4
openMsg->RingBufferGpadlHandle,2,2,4
current_ext != NULL,2,2,4
slot->slots[j] == NULL,2,2,4
HYPERVISOR_shared_info == &xen_dummy_shared_info,3,1,4
hcmd->pslic_handle,2,2,4
list_empty(&cmd->t_mem_list),2,2,4
nr_irqs > 1,2,2,4
pShbMemInst->m_hEventJobReady != NULL,2,2,4
IS_SERVER(lsi),2,2,4
atomic_read(&dev->refcnt),2,2,4
!pdd,2,2,4
net_device->wait_condition == 0,2,2,4
atomic_read(&mdev->ap_bio_cnt) == 0,2,2,4
"GFS2_SB(&ip->i_inode), !inode->i_mapping->nrpages",2,2,4
EFX_EVQ_SIZE < 512 || EFX_EVQ_SIZE > 32768 || EFX_EVQ_SIZE & EFX_EVQ_MASK,2,2,4
nid >= MAX_VOL_NIDS,2,2,4
sizeof(dev->keycode) < sizeof(keycode_kore),2,2,4
"dev_priv, to_intel_crtc(crtc)->pch_pll, to_intel_crtc(crtc)",2,2,4
qc->__sg != NULL,2,2,4
group < BFIN_TIMER_NUM_GROUP,4,0,4
n_groups != 1,4,0,4
count > cmd->use_sg,2,2,4
hNode2 != (struct node_object *)DSP_HGPPNODE,2,2,4
i915_gem_obj_ggtt_bound(obj),2,2,4
end != start + size,2,2,4
next == &data->trace_pages,2,2,4
"sdp, gfs2_glock_is_held_excl(gl)",2,2,4
*linkp == NULL,2,2,4
((u32)(size_t)pfob->mailbox.pa & 0xf) == 0,2,2,4
"cpcm->pcm_channel,return -ENXIO",2,2,4
le->link >= 2,2,2,4
qtd->payload_addr,2,2,4
ARRAY_SIZE(core_process_speedos) != SPEEDO_ID_COUNT,2,2,4
"sdp, test_bit(SDF_JOURNAL_LIVE, &sdp->sd_flags)",2,2,4
num <= ARRAY_SIZE(fwcmd->params.request.mac),2,2,4
!ocfs2_is_super_lock(lockres),2,2,4
ip->i_d.di_size > XFS_IFORK_DSIZE(ip),2,2,4
" DO_ASSERT, MERGE_2( fid, offset ) ",2,2,4
"INT_GET(tmp_info->magic, ARCH_CONVERT) == INT_GET(save_info->magic, ARCH_CONVERT)",2,2,4
"c, ""suspicious rcu_dereference_protected() usage""",2,2,4
psize != MMU_PAGE_4K,2,2,4
ip->i_d.di_nextents > 0,2,2,4
curr_card,2,2,4
role <= BFA_PORT_ROLE_FCP_MAX,2,2,4
orig_request->img_request,3,1,4
subdir->d_inode,2,2,4
be16_to_cpu(leaf->hdr.count) <= XFS_DIR2_MAX_LEAF_ENTS(mp),2,2,4
rsp->reuse_io_tag,2,2,4
"new_jh, new_jh->b_modified == 1 || new_jh->b_modified == 0",2,2,4
"be16_to_cpu(dfp->length) == INT_GET(newdup->length, ARCH_CONVERT)",2,2,4
ext3_journal_current_handle() == 0,2,2,4
start ^ !!rbd_dev->watch_request,2,2,4
atomic_read(&page->_count) < 0,2,2,4
MAX_RCU_LVLS > ARRAY_SIZE(buf),2,2,4
!cpcm->pcm_channel,4,0,4
"INT_GET(entry_s->nameidx, ARCH_CONVERT) + tmp <= XFS_LBSIZE(mp)",2,2,4
gcwq->pool.first_idle,2,2,4
"memcmp(hdr->e_ident, ELFMAG, SELFMAG) != 0",2,2,4
card->adapter[adapter->cardindex] == adapter,2,2,4
sc->bslot[avf->bslot] != NULL,2,2,4
"ins->asynch_tx_scb != NULL, return -EINVAL",2,2,4
!cgrp->pids_use_count,2,2,4
!(journal->j_flags & JFS_LOADED),2,2,4
&ctx->lock,4,0,4
!list_empty(&lock->ast_list),3,1,4
fbp != NULL,2,2,4
utl_base == NULL,2,2,4
priv->inflight != NULL,2,2,4
hlen >= IGB_MAX_DATA_PER_TXD,2,2,4
link_status,2,2,4
"INT_GET(leaf->ents[lowstale].address, ARCH_CONVERT) == XFS_DIR2_NULL_DATAPTR",2,2,4
(char *)dup - (char *)d == be16_to_cpu(*xfs_dir2_data_unused_tag_p(dup)),2,2,4
inb(pio_start+TxConfig) == readb(ioaddr+TxConfig),2,2,4
hdr_size + byte_cnt <= BBTOB(bp->b_length),2,2,4
PageNosave(page),2,2,4
list_empty(&fi->write_files),2,2,4
wacom_wac->features->pktlen > 10,2,2,4
tid->paused <= 0,2,2,4
!lower_dentry->d_count,2,2,4
"err >= 0, ",2,2,4
"PAGES_SPANNED(rd->va, rd->length) >= fwcmd->params.request.num_pages",2,2,4
!mnt,2,2,4
tmp->base != base,2,2,4
"emu->ops.terminate != NULL, return",2,2,4
mask_width(srv->mask),2,2,4
be16_to_cpu(entry_s->nameidx) + tmp <= XFS_LBSIZE(mp),2,2,4
ap->flags & ATA_FLAG_ACPI_SATA,2,2,4
intsize != 2,2,2,4
overlay->hw_wedged != NEEDS_WAIT_FOR_FLIP,2,2,4
(compl->flags & CQE_FLAGS_VALID_MASK) == 0,2,2,4
dma_channel_active(ECARD_DEV(state->dev)->dma),2,2,4
bug_on_recovery,2,2,4
!list_empty(&osd->o_requests),2,2,4
eth_rq,2,2,4
unresudq || unresgdq,2,2,4
nf_nat_sip_hook != NULL,2,2,4
"pool != NULL, return -EINVAL",2,2,4
offset > (VGIC_NR_IRQS / 4),2,2,4
left_start >= TOTAL_SECS(sbi),2,2,4
EFX_FILTER_TABLE_RX_MAC != (EFX_FILTER_MAC_FULL >> 2),2,2,4
ix != EXT_FIRST_INDEX(path[depth].p_hdr),2,2,4
status != 0,2,2,4
"GFS2_SB(inode), !error",2,2,4
rcu_dereference(nat_rtp_rtcp_hook) != NULL,2,2,4
!tx_queue->tso_headers_free,2,2,4
"INT_GET(entry_s->nameidx, ARCH_CONVERT) >= be16_to_cpu(hdr_s->firstused)",2,2,4
"sdp, list_empty(&gl->gl_waiters1)",2,2,4
idx >= MIXART_PLAYBACK_STREAMS,4,0,4
IN_ISDIR != FS_IN_ISDIR,2,2,4
sizeof(ha_t) != HA_SIZE,2,2,4
"event >= SNDRV_TIMER_EVENT_START && event <= SNDRV_TIMER_EVENT_PAUSE, return",2,2,4
which >= img_request->next_completion,2,2,4
" (p->BUF_SIZE & ~DESC_CNT_MASK) == 0, p->BUF_SIZE ",2,2,4
data->num_sensors >= data->max_sensors,2,2,4
asc_dvc->drv_ptr != NULL,2,2,4
guestaddr & 7,2,2,4
IS_ERR(mck),2,2,4
"rcu_read_lock_held() || lockdep_is_held(&cgroup_mutex), ""cgroup_mutex or RCU read lock required""",2,2,4
fh->size > NFS3_FHSIZE,2,2,4
irq != info->i2c_dev->irq,2,2,4
"rmidi != NULL, return -ENXIO",2,2,4
" ( descp != NULL ) ^ ( tx_cntl & HFS_TX_CNTL_TX_DELAY ), tx_cntl ",2,2,4
"!list_empty(&lp->all_list), ""%x,%llx"", lp->lockname.ln_type, (unsigned long long)lp->lockname.ln_number",2,2,4
!obj || !area,2,2,4
ni.ino != ino_of_node(page),2,2,4
" ( ifbp->IFB_CntlOpt & (USE_DMA|DMA_ENABLED) ) == (USE_DMA|DMA_ENABLED), ifbp->IFB_CntlOpt",2,2,4
sbi->total_valid_node_count < count,2,2,4
"si_core_sflags(pi->sh->sih, 0, 0) & SISF_FCLKA",2,2,4
outlen & 3 || outlen >= 0x100,2,2,4
((char *)entry_s + tmp) <= ((char *)leaf_s + XFS_LBSIZE(mp)),2,2,4
(alignment) == 0 || ((alignment) & ((alignment) - 1)),2,2,4
pInstance != CCM_ILLINSTANCE,2,2,4
hwgroup->drive != drive,2,2,4
(pr->id >= nr_cpu_ids) || (pr->id < 0),2,2,4
mdev->tl_hash == NULL,2,2,4
count < 1,3,1,4
"""BAD CAST -> NvGpuObj, %08x"", nv_hclass(obj)",2,2,4
node_resource != NULL,2,2,4
"ismrlocked(&(ip->i_lock), MR_ACCESS)",2,2,4
ti->preempt_count || !irqs_disabled(),2,2,4
!phy_dev->bus,2,2,4
atomic_read(&device->local_cnt) > 0,2,2,4
!list_empty(&peer->conn_active),2,2,4
req->rq_import,4,0,4
reason,2,2,4
sa >= BIT(5),2,2,4
"INT_GET(entry_d->nameidx, ARCH_CONVERT) + tmp <= XFS_LBSIZE(mp)",2,2,4
asc_dvc_varp == &boardp->dvc_var.asc_dvc_var,2,2,4
"test_bit(PTLRPC_CTX_CACHED_BIT, &ctx->cc_flags)",2,2,4
cq_object,2,2,4
th->t_refcount > 1,3,1,4
msq == NULL,2,2,4
"state, RST",4,0,4
ARRAY_SIZE(iwlagn_ipan_queue_to_tx_fifo) != 10,2,2,4
p->state != TASK_RUNNING,2,2,4
datasize > PAGE_SIZE || (cplength*sizeof(struct ccw1)) > PAGE_SIZE,3,1,4
"__builtin_types_compatible_p(typeof(a), typeof(&a[0]))",2,2,4
(s64) (s32) newdisp != newdisp,2,2,4
RB > AR9170_MAX_CMD_LEN - 4,2,2,4
"!old.frozen, &old",2,2,4
w < 64 * 256,2,2,4
"!(TxCtrlEPList[urb_priv->epid].command & IO_MASK(USB_EP_command, enable))",2,2,4
!list_empty(&tables),2,2,4
ip->i_ino != ip->i_mount->m_sb.sb_gquotino,2,2,4
!spec->gen.am_entry[1].pin || !spec->gen.autocfg.hp_pins[0],2,2,4
processed == 0,2,2,4
ext_flags & OCFS2_EXT_REFCOUNTED,3,1,4
flock->blocking_export != NULL,2,2,4
old->lv_buf && old->lv_buf_len && old->lv_niovecs,2,2,4
btree_node_dirty(b) && !b->sets[0].data,2,2,4
i < nldr_obj->ovly_nodes,2,2,4
reg >= 0xC0000000 || reg < ALL_BASE_ADDR,4,0,4
!mutex_is_locked(&dcss_lock),3,1,4
!item,3,1,4
(reg) != 0x400 && (reg) != 0x83c && (reg) != 0xa1c,2,2,4
nsgpg > 0,2,2,4
card->card_size <= SLIC_NBR_MACS,2,2,4
flag == ASC_FRONT || flag == ASC_BACK,2,2,4
list_empty(&pc.pc_pages),4,0,4
extsz,2,2,4
!e || !e->in_cache,2,2,4
size >= 0,3,1,4
XFS_DQ_IS_FLUSH_LOCKED(dqp),2,2,4
conn->ksnc_proto == &ksocknal_protocol_v3x,3,1,4
c->min_idx_lebs == ubifs_calc_min_idx_lebs(c),2,2,4
"pvoice != NULL, return -EINVAL",2,2,4
pMpTcb->Next == NULL,2,2,4
!root->ref_cows,2,2,4
!group && inode,2,2,4
be16_to_cpu(entry_s->nameidx) >= be16_to_cpu(hdr_s->firstused),2,2,4
"(const char *)""Unknown radio"" == NULL",2,2,4
pfob->mailbox.va,2,2,4
!mutex_is_locked(&dev_priv->dev->struct_mutex),2,2,4
list_empty(&ct->tuplehash[IP_CT_DIR_ORIGINAL].list),2,2,4
zero_page_address == NULL,2,2,4
!list_empty(&ad->fifo_list[REQ_ASYNC]),2,2,4
&mmu->dev->struct_mutex,2,2,4
reg > ARRAY_SIZE(wm8580_reg),2,2,4
clp == NULL,2,2,4
obd->obd_type->typ_name != NULL,2,2,4
&this_rq->lock,2,2,4
i < ARRAY_SIZE(chan_info_all),2,2,4
!ops->stop,2,2,4
ruleno >= map->max_rules,2,2,4
dmac != S6_REG_DPDMA,2,2,4
pin_idx < 0,3,1,4
!lockres->l_ro_holders,3,1,4
RNDIS_MESSAGE_SIZE(struct rndis_set_request) + sizeof(u32) <= sizeof(struct rndis_message),2,2,4
sd->s_sibling,2,2,4
"time_before(seqp->ccid2s_sent, prev->ccid2s_sent)",2,2,4
tx->tx_pool->tpo_pool.po_owner != NULL,2,2,4
rval == ENOSPC,2,2,4
nextents > 0,4,0,4
!((unsigned long)h->first & LIST_BL_LOCKMASK),2,2,4
((struct vxge_hw_ring_rxd_1 *)rxdp)->host_control != 0,2,2,4
"!(ifbp->IFB_CntlOpt & USE_DMA), ifbp->IFB_CntlOpt",2,2,4
mpic->gregs == NULL,2,2,4
grp->family != family,2,2,4
!substream || !substream->rmidi,4,0,4
src_format->channels != dst_format->channels,4,0,4
i != STA_STATS_LEN,2,2,4
radix_tree_is_indirect_ptr(item),3,1,4
NR_IRQS >= 256,2,2,4
n_ev != 2,3,1,4
 pcm == chip->pcm_dig ,2,2,4
"!test_bit(OBSOLETE_ZNODE, &znode->flags)",2,2,4
index < mb_cache_indexes(cache),2,2,4
!doneleft || !doneright,2,2,4
!keventd_wq,2,2,4
mode >= ATH9K_MODE_MAX,2,2,4
leaf->hdr.info.magic == cpu_to_be16(XFS_DIR2_LEAF1_MAGIC) || leaf->hdr.info.magic == cpu_to_be16(XFS_DIR2_LEAFN_MAGIC),2,2,4
list_empty(&filp->f_u.fu_list),2,2,4
be16_to_cpu(leaf->hdr.count) > 0,2,2,4
x86_read_percpu(xen_lazy_mode) == PARAVIRT_LAZY_NONE,2,2,4
atomic_read(&entry->refcnt) < 2,2,2,4
"data != NULL, return -ENXIO",2,2,4
cell->holder != bio,2,2,4
osb->node_num == node_num,3,1,4
flags & (SLAB_RED_ZONE | SLAB_POISON | SLAB_STORE_USER | SLAB_DESTROY_BY_RCU),2,2,4
!map->bus,2,2,4
be32_to_cpu(data->hdr.magic) == XFS_DIR2_DATA_MAGIC,2,2,4
"o2net_handler_tree_lookup(msg_type, key, &p, &parent) == NULL, ""couldn't find handler we *just* registerd "" ""for type %u key %08x\n"", msg_type, key",2,2,4
svsk->sk_pool != pool,2,2,4
offs < 0x10,2,2,4
SLIC_CMDQ_MAXCMDS <= 0xFFFF,2,2,4
"bfa_q_is_on_q(&(__itnim)->fcpim->itnim_q, __itnim)",2,2,4
!work->seen,2,2,4
sd != NULL,2,2,4
encoding < 16,2,2,4
!q->type,2,2,4
dev->driver != NULL,2,2,4
opp->mmio_mapped,2,2,4
list_empty(&parent_buf->dirty),2,2,4
"INT_GET(dfp->offset, ARCH_CONVERT) == (char *)newdup - (char *)d",2,2,4
ecc > USHORT_MAX,2,2,4
!list_empty(&rocker_port->trans_mem),2,2,4
lgi,2,2,4
list_empty(&cpu_buffer->pages),2,2,4
"ifp->if_broot_bytes <= XFS_IFORK_SIZE(ip, whichfork) + XFS_BROOT_SIZE_ADJ",2,2,4
bno == 0 || bno == imap.im_blkno,2,2,4
"dma_set_max_seg_size(device->card->device, SBP2_MAX_SEG_SIZE)",2,2,4
!(vma->vm_flags & VM_PFNMAP),2,2,4
list_empty(&qi->qi_dqlist),2,2,4
atomic_read(&dev->vblank_refcount[crtc]) == 0,2,2,4
VALID_PHYTYPE(pi->pubpi.phy_type),2,2,4
sparc_cpu_model != sun4m,2,2,4
"bitmap_bh, bh2jh(bitmap_bh)->b_committed_data != NULL",2,2,4
p->prev == NULL,2,2,4
ss != NULL,2,2,4
__kfifo_len(tcp_task->r2tqueue),2,2,4
domain->flags & DOMAIN_FLAG_VIRTUAL_MACHINE,2,2,4
log_vector,2,2,4
back,2,2,4
"count % 4 == 0, return",2,2,4
idx > KM_TYPE_NR,2,2,4
&ctx->cc_refcount,4,0,4
hooknum == NF_IP_PRE_ROUTING || hooknum == NF_IP_POST_ROUTING || hooknum == NF_IP_LOCAL_OUT,2,2,4
list_empty(&device->active_ee),2,2,4
bp->b_fspriv != NULL,3,1,4
reg + num_regs - 1 > ARRAY_SIZE(wm8400->reg_cache),2,2,4
cbdata.length <= sizeof(def_inq_data),2,2,4
"INT_GET(block->bb_numrecs, ARCH_CONVERT) >= XFS_INOBT_BLOCK_MINRECS(level, cur)",2,2,4
sizeof(*(ptr)) != 4,2,2,4
(unsigned long)(&pcp2) != (unsigned long)(&pcp1) + sizeof(pcp1),2,2,4
&pool->assoc_mutex,2,2,4
ret != sizeof(int),4,0,4
"__xfs_iflags_test(ip, XFS_IRECLAIMABLE)",2,2,4
io_tag == SCI_CONTROLLER_INVALID_IO_TAG,2,2,4
!xlog_debug || tp->t_ticket != NULL,2,2,4
count != 1 && count != -1,2,2,4
frag_size >= 128 && frag_size <= 16 * 1024,2,2,4
!(flags & XFS_BUF_TRYLOCK),2,2,4
req->rq_repdata,3,1,4
netif_queue_stopped(dev),2,2,4
list_empty(&device->read_ee),2,2,4
"lockres->l_requested == LKM_IVMODE, ""Lockres %.*s, requested ivmode. flags 0x%x\n"", lockres->l_namelen, lockres->l_name, lockres->l_flags",2,2,4
XFS_DQ_IS_LOCKED(*O_dqpp),2,2,4
__address & ~HPAGE_PMD_MASK,2,2,4
i != swsusp_info.pagedir_pages,2,2,4
skb_headroom(skb) < (sizeof(*local_tx_pd) + INTF_HEADER_LEN + pad),2,2,4
rec_p->length >= data[1],2,2,4
"fd, F_SEAL_SHRINK | F_SEAL_WRITE",4,0,4
stat == CY_AS_ERROR_SUCCESS,2,2,4
xqm != NULL,2,2,4
"oh, oh->rst_lines[i].name",3,1,4
dp->i_d.di_anextents == 0,2,2,4
!list_empty(&cgrp->sibling),2,2,4
nm_i->nat_cnt,2,2,4
resbuf->tail[0].iov_len,2,2,4
x >= KERNEL_IMAGE_SIZE,2,2,4
mac_table,2,2,4
transaction->t_sync_datalist == NULL,2,2,4
pgd_page(*pgd) != pgd_page(*pgd_ref),2,2,4
hash < gsec_pf->gsp_chash_size,2,2,4
"entry != NULL, return -ENXIO",2,2,4
"sdp, !bd->bd_ail",2,2,4
!(skb_shinfo(skb)->gso_type == SKB_GSO_TCPV4 || skb_shinfo(skb)->gso_type == SKB_GSO_TCPV6),2,2,4
dma_pte_addr(pte),2,2,4
(sizeof(areas)*8) != NUM_HIGH_AREAS,2,2,4
rcu_dereference(nat_callforwarding_hook) != NULL,2,2,4
n > ni_m_series_max_rtsi_channel,2,2,4
index < 0 || index >= ics->count,2,2,4
"INT_GET(dqp->q_core.d_id, ARCH_CONVERT) == id",2,2,4
(lock_mode & (XFS_ILOCK_SHARED|XFS_ILOCK_EXCL)) == 0,2,2,4
list_empty(&osb->blocked_lock_list),2,2,4
xfs_dir2_sf_lookup(args) == ENOENT,2,2,4
area >= NUM_HIGH_AREAS,2,2,4
"INT_GET(leaf1->hdr.info.magic, ARCH_CONVERT) == XFS_ATTR_LEAF_MAGIC",2,2,4
((readl(port_mmio + EDMA_RSP_Q_IN_PTR_OFS) >> EDMA_RSP_Q_PTR_SHIFT) & MV_MAX_Q_DEPTH_MASK) == pp->rsp_consumer,2,2,4
!arq,2,2,4
!phys,3,1,4
txq_index >= MAX_ETH_TXQ_IDX(bp) + FCOE_PRESENT,2,2,4
copy_off > MAX_BUFFER_OFFSET,2,2,4
atomic_read(&mark->refcnt) < 2,2,2,4
!cachep->nodelists[node],2,2,4
pShbMemInst->m_ahEventNewData[IDX_EVENT_NEW_DATA] != NULL,2,2,4
!platform_ops,2,2,4
address >= priv->cfg->eeprom_size,2,2,4
cinfo->fint < dsi->fint_min || cinfo->fint > dsi->fint_max,2,2,4
"INT_GET(agi->agi_freecount, ARCH_CONVERT) > 0",2,2,4
!hlist_unhashed(&crq->hash),2,2,4
i >= MAX_DESCS,2,2,4
!mutex_is_locked(&lguest_lock),2,2,4
portp == NULL,2,2,4
"size > 0, return -ENXIO",2,2,4
!list_empty(&ad->fifo_list[REQ_SYNC]),2,2,4
!(inode->i_state & I_FREEING),3,1,4
(cal_mode == CAL_FULL) || (cal_mode == CAL_GCTRL) || (cal_mode == CAL_SOFT),2,2,4
c->no_control,2,2,4
"ismrlocked(&ip->i_iolock, MR_UPDATE) != 0",2,2,4
"ch <= &digi_channels[nbdevs - 1], ""ch out of range""",2,2,4
num_eq > 0,2,2,4
buf->hosthandle,2,2,4
!a->non_resident,4,0,4
(1 << ulp) & pfob->fw_config.nic_ulp_mask,2,2,4
usbdev == NULL,2,2,4
"dsp->size % 4 == 0, return -EINVAL",2,2,4
tegra->clk,2,2,4
targ->sdev[sdev->lun] != NULL,2,2,4
(unsigned long)scmnd->host_scribble == (unsigned long)cmd_request,2,2,4
!mutex_is_locked(&solo_enc->enable_lock),2,2,4
num_eq <= ARRAY_SIZE(fwcmd->params.request.delay),2,2,4
ctl->hw_key->hw_key_idx > 3,2,2,4
&workqueue_lock,2,2,4
virq < NUM_ISA_INTERRUPTS,2,2,4
type == CY_FUNCT_CB_MISC_SETGPIOVALUE,2,2,4
txs->frameid == cpu_to_le16(txh->TxFrameID),2,2,4
sizeof(user_auxv) != sizeof(mm->saved_auxv),3,1,4
!(ch->flags & XPC_C_DISCONNECTING),3,1,4
(sizeof(mm->context.high_htlb_areas)*8) != NUM_HIGH_AREAS,2,2,4
(*pskb)->nfct,2,2,4
"!test_bit(SOCK_EXTERNALLY_ALLOCATED, &tfile->socket.flags)",2,2,4
!ceph_msg_has_trail(msg),2,2,4
txq->tx_skb[txq->tx_tail] != NULL,2,2,4
fcxp->nrsp_sgles == 1,2,2,4
"jh, jh->b_frozen_data == 0",2,2,4
apAreas[hand][wArea] == NULL,2,2,4
c >= map->max_devices || c < -map->max_buckets,2,2,4
"get_slice_psize(mm, addr) != mmu_huge_psize",2,2,4
pi->phytest_on == false,2,2,4
list_empty(rq),2,2,4
"NULL == ""Unknown DSP type""",2,2,4
tp->tx_info[entry].skb == NULL,2,2,4
desc->bd_nob == 0,2,2,4
!sb,3,1,4
list_empty(&sh->lru),2,2,4
!(drv_data->quirks & SONY_LED_SUPPORT),2,2,4
ai_iscoreup(wlc_hw->sih),2,2,4
cfqq->on_rr,2,2,4
(mask_4u & ~(0x0000000000000fffUL)) || (mask_4v & ~(0x0000000000000fffUL)),2,2,4
address != regs->tpc,2,2,4
!buffer_dirty(parent_buf),2,2,4
bp->b_flags & (XBF_READ | XBF_WRITE),2,2,4
(s->br_blockcount & XFS_MASK64HI(43)) == 0,2,2,4
max_payload < (512 - ETHER1394_GASP_OVERHEAD),2,2,4
le32_to_cpu(el->l_recs[i].e_clusters) < clusters_to_del,2,2,4
((unsigned long)bi + dtoh32(bi->length)) <= ((unsigned long)list + WLC_IW_ISCAN_MAXLEN),2,2,4
(ret>>16) == 0,2,2,4
!(dma_reason[1] & BCM43xx_DMAIRQ_RX_DONE),2,2,4
(sizeof(((struct net_device_stats *)0)->f) != sizeof(unsigned long)),2,2,4
!is_link_state_evt(compl->flags),2,2,4
timer_pending(&hctx->ccid2hctx_rtotimer),2,2,4
!(sgpg_pa.pa & (sizeof(struct bfi_sgpg_s) - 1)),2,2,4
info->eti_big_lmm,2,2,4
"false, (""pairwise key withnot"" ""mac_addr\n"")",2,2,4
!cr || !e,2,2,4
lockres->l_blocking <= LKM_NLMODE,2,2,4
walker->level == PT_PAGE_TABLE_LEVEL,2,2,4
&mnt->mnt_root->d_lock,2,2,4
!writeback_in_progress(bdi),2,2,4
prio < 0 || prio > MAX_PRIO,2,2,4
(perm) < 0 || (perm) > 0777 || ((perm) & 2),2,2,4
bitmap_bh == NULL,2,2,4
pRCB,2,2,4
pdev->bus->parent && (tbl->it_busno != pdev->bus->parent->number),2,2,4
XFS_FORCED_SHUTDOWN(lip->li_mountp),3,1,4
nid != nid_of_node(page),2,2,4
!control->tx_rate,2,2,4
sizeof(skb->cb) < sizeof(struct sockaddr_can),2,2,4
"jh, jh->b_transaction == journal->j_running_transaction",2,2,4
msgByteCnt + ctx->h.bCnt <= SKEIN1024_BLOCK_BYTES,2,2,4
(sii->intrsenabled_fn == NULL) || !(*(sii)->intrsenabled_fn) ((sii)->intr_arg),2,2,4
rate > TMJCBR_MAX,2,2,4
vp->v_fbhv != NULL,2,2,4
conn->ctask && conn->mtask,2,2,4
ci->ci_lock,2,2,4
"lap->magic == LMP_LAP_MAGIC, return;",4,0,4
"bfa_q_is_on_q(&mod->wait_q, wqe)",2,2,4
!vreg,3,1,4
wlc_eventq_avail(eq) == TRUE,2,2,4
lbcp != NULL,2,2,4
list_empty(&mdev->done_ee),2,2,4
size != __MEMORY_SIZE,2,2,4
!kobj || !kobj->dentry || !attr,2,2,4
(u32) mp->p_tx_desc_area & 0xf,2,2,4
page->mapping && !PageAnon(page),2,2,4
!hlist_unhashed(&req->hash),2,2,4
idx != -1,2,2,4
virq > PS3_PLUG_MAX,2,2,4
wm8350_ldo_val_to_mvolts(mV) < min_mV,2,2,4
!(skb->protocol == htons(ETH_P_IPV6)),2,2,4
rpc->srpc_bulk != NULL,3,1,4
"INT_GET(leaf->hdr.count, ARCH_CONVERT) <= XFS_DIR2_MAX_LEAF_ENTS(mp)",2,2,4
the_phy == NULL,2,2,4
p->rt.nr_cpus_allowed <= 1,2,2,4
len <= 16,2,2,4
dev_priv->info->gen >= 5,2,2,4
count > smd_stream_read_avail(ch),2,2,4
rspq->offset == SLIC_RSPQ_BUFSINPAGE,2,2,4
!ref->in_tree,2,2,4
nf_nat_sip_expect_hook != NULL,2,2,4
"NREV_LT(pi->pubpi.phy_rev, 2)",2,2,4
chan >= NUM_PFI_CHANNELS,2,2,4
rxtid->rxbuf[i].rx_wbuf == NULL,2,2,4
"INT_GET(tmp_info->magic, ARCH_CONVERT) == INT_GET(old_info->magic, ARCH_CONVERT)",2,2,4
valusema(&ip->i_flock) <= 0,2,2,4
clk->list.prev != clk->list.next,2,2,4
licp->lic_next == NULL,2,2,4
starget->state == STARGET_DEL,3,1,4
function_type <= 2,2,2,4
mem->offset,3,1,4
!OCFS2_IS_VALID_EXTENT_BLOCK(eb),3,1,4
"interval_is_overlapped(root, ext) == 0",2,2,4
hStrm->xlator != NULL,2,2,4
"fd, F_SEAL_WRITE | F_SEAL_SHRINK",4,0,4
" rc == HCF_SUCCESS, MERGE_2( rc, cmd_code ) ",2,2,4
EdrvInstance_l.m_pPciDev != pPciDev,2,2,4
list_empty(&mdev->tconn->out_of_sequence_requests),2,2,4
dc->rst,3,1,4
!chip->bufsize,2,2,4
ctxt_p->request_queue_p != 0,2,2,4
ctask->bad_sg == r2t->sg,2,2,4
!(skb_headlen(skb) >= skb_transport_offset(skb) + tcp_hdrlen(skb)),2,2,4
hwgroup->drive == drive,2,2,4
&priv->reg_lock,2,2,4
slic_handle_word.handle_index,2,2,4
(unsigned long)(&pcp1) % (2 * sizeof(pcp1)),2,2,4
offs < 0x200,2,2,4
"bind_irq_vector(irq, vector)",2,2,4
!(skb_headlen(skb) >= skb_transport_offset(skb) + sizeof(struct udphdr)),2,2,4
tmp_p != 0,2,2,4
!buffer_dirty(dst_buf),2,2,4
slot_num == OCFS2_INVALID_SLOT,2,2,4
ze == re,4,0,4
"!sock_error(sk), return -1;",2,2,4
&recall_lock,2,2,4
ch->local_msgqueue == NULL,2,2,4
BAD_BLOCK == lblk,2,2,4
!i915_is_ggtt(vma->vm),2,2,4
ip->i_d.di_version == 1 || xfs_sb_version_hasnlink(&mp->m_sb),2,2,4
!desc || !info,2,2,4
xpc_partition_engaged(-1UL),2,2,4
wrb_context->wrb,2,2,4
mp->m_quotainfo->qi_uquotaip || mp->m_quotainfo->qi_gquotaip,2,2,4
!p1 || !p2,2,2,4
"sdp, sdp->sd_log_num_buf == sdp->sd_log_commited_buf",2,2,4
"page_head != page->first_page, page",2,2,4
"ip->i_sbd, atomic_read(&ip->i_count) > 0",2,2,4
queue->tx_devq_packets >= packet->xmitted_frags,2,2,4
segno > TOTAL_SEGS(sbi) - 1,2,2,4
ascq->q_last[tid] != NULL,2,2,4
ocapa->c_site == CAPA_SITE_CLIENT,2,2,4
mdev->state.pdsk == D_UNKNOWN,2,2,4
"bp, attn.sig[1] & group_mask.sig[1]",2,2,4
sd->s_dentry != dentry,2,2,4
"""wrong config"", 2 == evsel->attr.config",3,1,4
len != hctx->ccid2hctx_seqbufc * CCID2_SEQBUF_LEN,2,2,4
digest_size == di->digest_size,2,2,4
uTmpLen == (cbFragPayloadSize),2,2,4
imp->imp_sec == NULL,2,2,4
"jh, transaction != 0",2,2,4
vlan_tag_array,2,2,4
PageCgroupAcctLRU(pc),2,2,4
c->budg_idx_growth >= 0,2,2,4
req == last_req && req->r_stamp == last_stamp,2,2,4
mask & ~0xff,3,1,4
irq == MSP_INT_VPE0_TIMER || irq == MSP_INT_VPE1_TIMER,2,2,4
part->act_state != XPC_P_ACTIVATION_REQ,2,2,4
spin_is_locked(&lsm->lsm_lock),2,2,4
ip->i_itemp->ili_flags & XFS_ILI_HOLD,2,2,4
"hwdep != NULL, return -ENXIO",2,2,4
list_empty(&cmd->list),3,1,4
mdev->tconn->agreed_pro_version >= 89,2,2,4
from_cblock(cblock) > from_cblock(mq->cache_size),2,2,4
type == CY_FUNCT_CB_MISC_STORAGECHANGED,2,2,4
pb->pb_flags & _PBF_DELWRI_Q,2,2,4
!cr || !buf,2,2,4
!space_info,3,1,4
NULL == ppc_md.idle_loop,2,2,4
sbi->total_valid_block_count < count,2,2,4
i2c_del_adapter(&board->i2c_adap),2,2,4
port_state != SCI_BASE_PORT_STATE_RESETTING,2,2,4
"test_bit(BME_NO_WRITES, &bm_ext->flags)",2,2,4
index <= rate_ctrl->rate_table_size,2,2,4
!(bp->b_flags & (XBF_DELWRI|_XBF_DELWRI_Q)),2,2,4
!overlay->active,2,2,4
RcvDataBufferHdr,2,2,4
group && !inode,2,2,4
" ifbp->IFB_RxLen >= offset, MERGE_2( offset, ifbp->IFB_RxLen ) ",2,2,4
w->dapm,3,1,4
flen <= XFS_BUF_TO_AGF(agbp)->agf_longest,2,2,4
"args->index < INT_GET(leaf->hdr.count, ARCH_CONVERT)",2,2,4
obj->write_domain,2,2,4
!caching_ctl,2,2,4
atomic_read(&xprt->xpt_ref.refcount) < 2,2,2,4
be16_to_cpu(leaf->hdr.stale) == stale,2,2,4
!mutex_is_locked(&dev->mode_config.connection_mutex),2,2,4
IPI_flags & XPC_IPI_CLOSEREPLY,2,2,4
delegate && current == first_peer_device(device)->connection->worker.task,2,2,4
!pte_none(get_top_pte(vaddr)),2,2,4
!write_fault && !writable,2,2,4
!RPC_IS_ACTIVATED(task),2,2,4
!cxt || !cxt->profile,3,1,4
!budget,2,2,4
(__psint_t)ptr % sizeof(__int32_t) == 0,2,2,4
"level != nilfs_btree_node_get_level(btree, node)",2,2,4
best_iface != NULL,2,2,4
ppgtt->pd_offset & 0x3f,2,2,4
"tmr != NULL, return -EINVAL",2,2,4
strlen(info) < ASC_INFO_SIZE,2,2,4
buffer == NULL,2,2,4
lpar_rc != H_Not_Found,2,2,4
mm->map_count,2,2,4
!list_empty(&root_cgrp->children),2,2,4
"!PageLocked(newpage), newpage",4,0,4
alloc != early_alloc,2,2,4
bmval[2],2,2,4
cgrp->subsys[i],2,2,4
"event >= SNDRV_TIMER_EVENT_MSTART && event <= SNDRV_TIMER_EVENT_MRESUME, return",2,2,4
gfp_mask & __GFP_HIGHMEM,3,1,4
!list_empty(&timer->qe),2,2,4
"before48(avr->avr_ack_seqno, head->avr_ack_seqno)",2,2,4
raw_smp_processor_id() != 0,2,2,4
node->type == CYAS_USB_IO_CB,2,2,4
!sc->sbands,2,2,4
!dev_data->domain,2,2,4
dqp,2,2,4
XFS_IS_OQUOTA_ON(mp),2,2,4
!qdesc,2,2,4
bip->bip_buf == NULL,2,2,4
"bp, attn.sig[0] & group_mask.sig[0]",2,2,4
nf_nat_sdp_session_hook != NULL,2,2,4
wlp->fill_device_info == NULL,2,2,4
"gl->gl_sbd, !atomic_read(&gl->gl_ail_count)",2,2,4
segno > end_segno,2,2,4
r_sample < 0,2,2,4
"INT_GET(leaf->hdr.info.magic, ARCH_CONVERT) == XFS_DIR2_LEAF1_MAGIC || INT_GET(leaf->hdr.info.magic, ARCH_CONVERT) == XFS_DIR2_LEAFN_MAGIC",2,2,4
" DO_ASSERT, MERGE_2( ifbp->IFB_ErrQualifier, ifbp->IFB_ErrCmd ) ",2,2,4
list_empty(&(__itnim)->io_cleanup_q),2,2,4
mutex_is_locked(&ui->ui_mutex),4,0,4
!priv->tune || !priv->std,2,2,4
params_size >= BRCMF_DCMD_SMLEN,2,2,4
"(!total) || !IS_ALIGNED(total, PAGE_SIZE)",2,2,4
"timeri != NULL, return -ENXIO",2,2,4
num_samps <= ARRAY_SIZE(data_buf),2,2,4
!(bna->rxf_promisc_id == rxf->rxf_id),2,2,4
zcache_obj_cache == NULL,2,2,4
"lp->req == DLM_LOCK_NL, ""%x,%llx"", lp->lockname.ln_type, (unsigned long long)lp->lockname.ln_number",2,2,4
(top_address_nybble & 1) || top_address_nybble > 0xE || top_address_nybble == 0,3,1,4
level == CE_PANIC,2,2,4
dhd->iflist[*ifidx]->net != NULL,2,2,4
!field,2,2,4
list_empty(&(__itnim)->io_q),2,2,4
be16_to_cpu(leaf1->hdr.info.magic) == XFS_ATTR_LEAF_MAGIC,2,2,4
vma->vm_flags & VM_MAYSHARE,2,2,4
"offsetof(struct batadv_icmp_packet_rr, dst) != 4",2,2,4
ctx->cc_sec->ps_policy,4,0,4
count+2 != disks,2,2,4
((unsigned)((r - S6_GMAC_STAT_REGS) / sizeof(u32))) >= ((1<<6)-1),2,2,4
"!(TxBulkEPList[epid].command & IO_MASK(USB_EP_command, enable))",2,2,4
!vma->vm_mm->context,3,1,4
atomic_read(&pag->pag_ref) == 0,3,1,4
nb > 0 && (nb % 32) == 0,2,2,4
" ifbp->IFB_FirstDesc[tx_rx_flag] == NULL, (hcf_32)ifbp->IFB_FirstDesc[tx_rx_flag]",2,2,4
hash > prison->nr_buckets,2,2,4
dev->ts_started,2,2,4
new_size > ip->i_size,2,2,4
openpic_addr == 0,3,1,4
!cpcm->name,2,2,4
!efx->mcdi,3,1,4
!mutex_is_locked(&ring->dev->struct_mutex),2,2,4
overlay->active,2,2,4
!spin_is_locked(&sdp->sd_log_lock),2,2,4
va_for_fwcmd,2,2,4
" (p->BUF_CNT & ~DESC_CNT_MASK) == 0, p->BUF_CNT ",2,2,4
" CFG_RID_CFG_MIN <= ltvp->typ && ltvp->typ <= CFG_RID_CFG_MAX, ltvp->typ ",2,2,4
over > BTRFS_KEY_OVERFLOW_MAX,2,2,4
page->cp_state == CPS_FREEING,4,0,4
current != first_peer_device(device)->connection->worker.task,2,2,4
boardp->prtbuf != NULL,2,2,4
path->slots[0] < 0,3,1,4
pll_ref_div != OSC_CTRL_PLL_REF_DIV_4,2,2,4
pSrcData_p != NULL,2,2,4
!list_empty(&host->h_granted),2,2,4
data->ioc_inllen1 > 0,2,2,4
sk->sk_state != TCP_SYN_RECV && sk->sk_state != TCP_FIN_WAIT1,2,2,4
"!lock_is_held(&rcu_sched_lock_map), ""Illegal idle entry in RCU-sched read-side critical section.""",2,2,4
"card->private_data != NULL, return -ENODEV",2,2,4
node->cb_p != 0,2,2,4
pNullContext != NULL,2,2,4
(startblock & XFS_MASK64HI(64-BMBT_STARTBLOCK_BITLEN)) == 0,2,2,4
" DO_ASSERT, ifbp->IFB_Cmd ",2,2,4
val >= BTRFS_KEY_TYPE_MAX,2,2,4
vma->vm_flags & VM_SHARED,2,2,4
!read_hdr,2,2,4
delta->xed_blockcount > delta->xed_startoff,2,2,4
ret < ASC_PRTLINE_SIZE,2,2,4
auAreas[hand][wArea] == 0,2,2,4
(span <= 4) || (be32_to_cpu(entry->hashval) == hashval),2,2,4
adv_credits > 255,3,1,4
start_vcn,2,2,4
"timer != NULL, return -ENXIO",2,2,4
"card != NULL && kcontrol != NULL, return -EINVAL",2,2,4
msg->lm_bufcount >= 2,2,2,4
o->do_ops,2,2,4
failed_wr != &send->s_wr,2,2,4
PageHighMem(f->page),2,2,4
"sdp, list_empty(&gl->gl_waiters2)",2,2,4
xfs_isiflocked(ip),3,1,4
"sdp, gh->gh_owner",2,2,4
ses != NULL,4,0,4
s->minor < COMEDI_FIRST_SUBDEVICE_MINOR,2,2,4
qc->dev->class == ATA_DEV_ATAPI,2,2,4
Device->RefCount == 0,2,2,4
!split || !split2,2,2,4
cf_sk->pktq,2,2,4
!(range_length < (1 << btp->bt_sshift)),2,2,4
index == ARRAY_SIZE(bus_width_table),2,2,4
"cs8427, return -ENXIO",2,2,4
"GFS2_SB(&ip->i_inode), (ip->i_di.di_mode & S_IFMT) == (er->er_mode & S_IFMT)",2,2,4
!pte_none(*(fixmap_page_table + idx)),2,2,4
!pd->base_addr,2,2,4
(flags & (FS_PROJ_QUOTA | FS_GROUP_QUOTA)) != (FS_PROJ_QUOTA | FS_GROUP_QUOTA),2,2,4
!list_empty(&iocb->ki_wait.task_list),2,2,4
type != _OOM_TYPE,2,2,4
valusema(&(ip->i_flock)) <= 0,2,2,4
q->ordered == QUEUE_ORDERED_NONE,2,2,4
EFX_TX_BUF_CONT != 1,3,1,4
host->dma_ch != -1 || host->dma2 != -1,2,2,4
intf == NULL,2,2,4
"c, ""suspicious rcu_dereference_index_check() usage""",2,2,4
flnodes < 0,2,2,4
" word_len <= len, MERGE_2( word_len, len ) ",2,2,4
ip->i_d.di_version == XFS_DINODE_VERSION_1 || XFS_SB_VERSION_HASNLINK(&mp->m_sb),2,2,4
(cfg != NULL) && (meminfo != NULL),2,2,4
fmt != NULL,4,0,4
page_count >= 0,2,2,4
tcp_ctask->bad_sg == r2t->sg,2,2,4
!(ch->flags & XPC_C_SETUP),2,2,4
avp != NULL,2,2,4
device->tconn->agreed_pro_version >= 89,2,2,4
!machine_is_archimedes(),2,2,4
qmgr_stat_overflow(queue),2,2,4
ring->num > 0,2,2,4
vol,2,2,4
*head,2,2,4
stream_obj->xlator != NULL,2,2,4
list_empty(&mdev->active_ee),2,2,4
"sdp, list_empty(&bd->bd_le.le_list)",2,2,4
!sbi->total_valid_inode_count,2,2,4
level != nilfs_btree_node_get_level(node),2,2,4
bio->bi_iter.bi_size == 0,2,2,4
cl_lock_is_mutexed(parent),4,0,4
b->sg_cnt <= NO_OF_SG_PER_BLOCK,2,2,4
phys_addr < ireq->request_daddr,2,2,4
ftbl == NULL,2,2,4
!fl->fl_file,2,2,4
!pte_none(*(TOP_PTE(vaddr))),2,2,4
ULTRACAM_T(uvd) != NULL,2,2,4
nf_nat_sip_seq_adjust_hook != NULL,2,2,4
old_mem->mm_node != NULL,4,0,4
timer->cpu != cpu,2,2,4
IS_ERR(tsk),2,2,4
!memcg_can_account_kmem(memcg),2,2,4
free_cmdq->head == NULL,2,2,4
len != PAGE_ALIGN(len),3,1,4
dev_p->func_cbs_stor->count != 0,2,2,4
bhp->bh_first == NULL,2,2,4
kbd == NULL,2,2,4
done >= TX_RING_SIZE,2,2,4
ADV_32BALIGN(req_paddr) == req_paddr,2,2,4
pi_lcn->lcnphy_cal_results.txiqlocal_bestcoeffs_valid,2,2,4
start > EXT3_BLOCKS_PER_GROUP(sb),2,2,4
is_cow_mapping(vma->vm_flags),2,2,4
((in_ptr >> EDMA_REQ_Q_PTR_SHIFT) & MV_MAX_Q_DEPTH_MASK) == ((readl(port_mmio + EDMA_REQ_Q_OUT_PTR_OFS) >> EDMA_REQ_Q_PTR_SHIFT) & MV_MAX_Q_DEPTH_MASK),2,2,4
(bip->bli_flags & XFS_BLI_LOGGED) || (bip->bli_flags & XFS_BLI_STALE),3,1,4
equiv_cpu_table == NULL,2,2,4
list_empty(&regulatory_requests),2,2,4
rport_info->max_frmsz != 0,2,2,4
speed != 0,2,2,4
settings,2,2,4
uf->data_len >= sizeof(struct fchs_s),2,2,4
usb_pipetype(urb->pipe) == PIPE_ISOCHRONOUS,2,2,4
pipe >= ARRAY_SIZE(dev_priv->plane_to_crtc_mapping) || dev_priv->plane_to_crtc_mapping[psb_intel_crtc->plane] != NULL,2,2,4
ic->class != RAWNODE_CLASS_INODE_CACHE,2,2,4
"dl->dl_parent_blkno != parent_blkno, "" \""%.*s\"": old parent: %llu, new: %llu\n"", dentry->d_name.len, dentry->d_name.name, (unsigned long long)parent_blkno, (unsigned long long)dl->dl_parent_blkno",2,2,4
oh == NULL,2,2,4
wlp->stop_queue == NULL,2,2,4
sbi->total_valid_inode_count == sbi->total_node_count,2,2,4
data->num_labels >= data->max_labels,2,2,4
!ctask->unsol_count,2,2,4
be16_to_cpu(hdr_d->firstused) >= ((be16_to_cpu(hdr_d->count) * sizeof(*entry_d))+sizeof(*hdr_d)),2,2,4
bno >= XFS_DIR2_LEAF_FIRSTDB(mp) && bno < XFS_DIR2_FREE_FIRSTDB(mp),2,2,4
(unsigned long)(ptr) % 8,2,2,4
"rak4531 != NULL, return -EINVAL",2,2,4
atomic_read(&mp->nohomeok),2,2,4
!pmd_present(*pmd),3,1,4
pAd->CommonCfg.Channel != 0,2,2,4
rbd_id < 1,2,2,4
&dcache_lock,2,2,4
type == CY_FUNCT_CB_MISC_RESERVELNABOOTAREA,2,2,4
data->type != CEPH_MSG_DATA_BIO,3,1,4
bustype == bustype,2,2,4
type <= KOBJ_NS_TYPE_NONE,2,2,4
atomic_read(&mccq->used) >= mccq->len,2,2,4
sdata->hw->phy != phy,2,2,4
(flags & (FS_PROJ_QUOTA | FS_USER_QUOTA)) != (FS_PROJ_QUOTA | FS_USER_QUOTA),2,2,4
iclog->ic_refcnt == 0,2,2,4
!(ce->e_used || ce->e_queued || atomic_read(&ce->e_refcnt)),4,0,4
(id & 0xF0) == 0x00,2,2,4
BulkOutPipeId == 0,2,2,4
ip->i_ino != ip->i_mount->m_sb.sb_uquotino,2,2,4
reg > (ARRAY_SIZE(wm8990_reg)) - 1,2,2,4
!(irq_desc[gpio_irq_no].handle_irq),2,2,4
c->flags & PLLU,2,2,4
capa_on_server(ocapa),2,2,4
size <= (size_t) U8_MAX,2,2,4
mutex_is_locked(&inode->i_mutex),4,0,4
list_empty(&eq_object->cq_list_head),2,2,4
np != NULL,2,2,4
((slotNameLen + prefixLen) < IFNAMSIZ),2,2,4
drop_count != 0 || cleanup_ret != 0,2,2,4
!vcookie->fscache,2,2,4
" (io_addr & 0x003F) == 0, io_addr ",2,2,4
addr_to_vb_idx(addr) != addr_to_vb_idx(vb->va->va_start),2,2,4
pShbCirBuff->m_ulBlocksReadable == nBlockCount - 1,2,2,4
!is_local_client(pool->client),2,2,4
sizeof(_format) >= PAGE_SIZE,4,0,4
rblock->bb_u.l.bb_rightsib == cpu_to_be64(NULLDFSBNO),2,2,4
"dqp->q_res_bcount >= INT_GET(dqp->q_core.d_bcount, ARCH_CONVERT)",2,2,4
bcm_clk->type != bcm_clk_peri,4,0,4
!(skb_headlen(skb) <= BFI_TX_MAX_DATA_PER_VECTOR),2,2,4
!smp && (num_online_cpus() > 1),2,2,4
ON_HASH(drq),2,2,4
qmgr_stat_overflow(SEND_QID),4,0,4
i2400m->work_queue == NULL,2,2,4
ret < 0 || ret == count,2,2,4
"dsp->size % 3 == 0, return -EINVAL",2,2,4
(flags & (FS_USER_QUOTA | FS_GROUP_QUOTA)) != (FS_USER_QUOTA | FS_GROUP_QUOTA),2,2,4
!mem->vmalloc,2,2,4
wret,2,2,4
atomic_read(&cfqq->ref) <= 0,2,2,4
"namelen <= DLM_RESNAME_MAXLEN,",2,2,4
cid >= ARRAY_SIZE(map->logical_map),2,2,4
irq_ptr->nr_input_qs < 1,2,2,4
zh->size > *size,2,2,4
IS_ERR(pclk0),2,2,4
!skip_map,2,2,4
!(octets & 0xF000),2,2,4
!list_empty(&pgpio->isr),2,2,4
adv_dvc_varp != &boardp->dvc_var.adv_dvc_var,2,2,4
sizeof(*(v)) != 1 && sizeof(*(v)) != 2 && sizeof(*(v)) != 4 && sizeof(*(v)) != 8,2,2,4
"sdp, relaxed_state_ok(gl->gl_state, gh->gh_state, gh->gh_flags)",2,2,4
channel > 1,2,2,4
pblk > DeviceInfo.wSpectraEndBlock,2,2,4
ubifs_zn_dirty(znode),4,0,4
2 == lip->li_desc->lid_size,2,2,4
qc->flags & ATA_QCFLAG_DMAMAP,2,2,4
(v == XFS_EXT_NORM) || (v == XFS_EXT_UNWRITTEN),2,2,4
sizeof(x) != 8,2,2,4
dp->i_afp == NULL,2,2,4
tsk->exit_state,2,2,4
tmem_pamops.replace_in_obj == NULL,2,2,4
!cm_node->listener,3,1,4
"(var != NULL), ""fb_var_screeninfo* not NULL""",2,2,4
dev_boot_phase,3,1,4
mac1 == false,2,2,4
"""Unknown state of lock sequence found!\n""",4,0,4
"test_bit(COW_ZNODE, &znode->flags)",2,2,4
!new_device,2,2,4
&memcg_slab_mutex,2,2,4
wd->sta.uapsdQ != NULL,2,2,4
"INT_GET(rblock->bb_level, ARCH_CONVERT) > 0",2,2,4
list_empty(&tid->buf_q),2,2,4
"substream != NULL, result = -ENXIO; goto end",2,2,4
sizeof(struct nx842_workmem) > NX842_MEM_COMPRESS,2,2,4
geode_rng_base != NULL,2,2,4
"FD(evsel, i, thread_index) >= 0",2,2,4
unlikely(len > PPC440SPE_ADMA_DMA_MAX_BYTE_COUNT),2,2,4
nvecs == iip->ili_item.li_desc->lid_size,2,2,4
(sbfields & (XFS_SB_VERSIONNUM | XFS_SB_UQUOTINO | XFS_SB_GQUOTINO | XFS_SB_QFLAGS)) == (XFS_SB_VERSIONNUM | XFS_SB_UQUOTINO | XFS_SB_GQUOTINO | XFS_SB_QFLAGS),2,2,4
xpc_partition_engaged(1UL << XPC_PARTID(part)) != 0,2,2,4
"INT_GET(data->hdr.magic, ARCH_CONVERT) == XFS_DIR2_DATA_MAGIC",2,2,4
type == CY_FUNCT_CB_MISC_SETTRACELEVEL,2,2,4
*logical < (le32_to_cpu(ex->ee_block) + ee_len),2,2,4
nid > MAX_NUMNODES || nid <= 0,2,2,4
(c & XFS_MASK64HI(64-BMBT_BLOCKCOUNT_BITLEN)) == 0,2,2,4
con->state != CON_STATE_NEGOTIATING,2,2,4
atomic_read(&(jl->j_commit_left)) != 1,2,2,4
!d.val || d.asize,2,2,4
(mask & *dbmap) == mask,2,2,4
nrxd <= D64MAXDD,2,2,4
bytes_per_line <= 0,2,2,4
!((_Sgl)->State & SXG_BUFFER_FREE),2,2,4
XFS_DQ_IS_LOCKED(udqhint),2,2,4
"!lock_is_held(&rcu_bh_lock_map) && !lock_is_held(&rcu_lock_map) && !lock_is_held(&rcu_sched_lock_map), ""Illegal synchronize_sched() in RCU-sched read-side critical section""",2,2,4
sb_desc != NULL,2,2,4
!found_root,2,2,4
(otps & OTPS_READY) == (on ? OTPS_READY : 0),2,2,4
!irq_mask_register,2,2,4
queue_p != 0,2,2,4
!_omap2_sram_ddr_init,3,1,4
count && count <= dx_get_limit(entries),2,2,4
SCpnt->cmd_len < 32,2,2,4
"!PageSlab(page), page",4,0,4
(mask & *dbmap) == 0,2,2,4
reg >= ARRAY_SIZE(wm8728_reg_defaults),2,2,4
scsi_sg_count(cmd) > MAXSGENTRIES,2,2,4
ath_rc_priv->rate_table_size <= MAX_TX_RATE_TBL,2,2,4
ret == NULL,3,1,4
lock->cll_holds > 0,4,0,4
!dirty,2,2,4
STATE_IS_OPEN(cf_sk),2,2,4
!reloc_root,2,2,4
current != mdev->worker.task,2,2,4
ascw->done != NULL,2,2,4
"GFS2_SB(&ip->i_inode), (ip->i_inode.i_mode & S_IFMT) == (er->er_mode & S_IFMT)",2,2,4
index >= (unsigned int) bio->bi_vcnt,2,2,4
atomic_read(&task->cred->usage) < 1,2,2,4
"task_current(rq, p)",3,1,4
!ops->remove_interface,2,2,4
!dev->ats || !dev->ats->is_enabled,2,2,4
nullfb || fb_agno == args.agno || (ap->low && fb_agno < args.agno),2,2,4
delegate && current == mdev->tconn->worker.task,2,2,4
(j + 1) * pr->field_width > pr->reg_width,2,2,4
bus->rxctl >= bus->rxbuf,2,2,4
fcxp->send_cbfn != NULL,2,2,4
!file,2,2,4
list_empty(&device->done_ee),2,2,4
(cmd->meta.flags & CMD_ASYNC) && (cmd->meta.flags & CMD_WANT_SKB),2,2,4
pnum < ubi->peb_count,3,1,4
jumbo->skb,2,2,4
dqp->MPL_PREVP,2,2,4
dev_p->func_cbs_res->type == CYAS_FUNC_CB,2,2,4
commit_transaction->t_outstanding_credits <= journal->j_max_transaction_buffers,2,2,4
ips && (inodes >= 2),2,2,4
pport->event_cbfn,2,2,4
ip->i_d.di_format != XFS_DINODE_FMT_BTREE || ip->i_d.di_nextents > ip->i_df.if_ext_max,2,2,4
mapping2 != mapping,2,2,4
!dm_consecutive_chunk_count(e),3,1,4
ch->next_msg_to_pull >= ch->w_remote_GP.put,2,2,4
(s & (RQ_NET_MASK & ~RQ_NET_DONE)) == 0,2,2,4
cpunode == NULL,3,1,4
!(admatch & SBAM_ADNEG),2,2,4
"rcu_read_lock_sched_held(), ""sched RCU must be held""",2,2,4
system_state != SYSTEM_BOOTING,2,2,4
dev_p->func_cbs_mtp->count != 0,2,2,4
delegate && current == device->connection->worker.task,2,2,4
offset >= il->cfg->base_params->eeprom_size,2,2,4
cache_l2.cur_blk_idx != 0,2,2,4
iip->ili_logged == 0,2,2,4
!clk->reset,2,2,4
context,2,2,4
offset < XFS_LITINO(mp),2,2,4
!intspec,2,2,4
"phy, I915_READ(DISPLAY_PHY_CONTROL)",2,2,4
"""BAD CAST -> NvDevice, 0x%08x\n"", nv_hclass(obj)",2,2,4
need_crc && sent != len,2,2,4
"ppObdSubEntry_p != NULL, ""EplObdGetSubindexIntern(): pointer to subindex is NULL!\n""",2,2,4
(*pskb)->nfctinfo == IP_CT_RELATED || (*pskb)->nfctinfo == IP_CT_RELATED+IP_CT_IS_REPLY,2,2,4
(rate_table->info[rate].valid && (ath_rc_priv->ht_cap & WLAN_RC_DS_FLAG)) || (rate_table->info[rate].valid_single_stream && !(ath_rc_priv->ht_cap & WLAN_RC_DS_FLAG)),2,2,4
state->start != start,2,2,4
list_empty(&ic->ib_node),3,1,4
sizeof(struct ieee80211_tx_packet_data) > sizeof(skb->cb),2,2,4
reg > WM8994_MAX_REGISTER,2,2,4
NUM_RFKILL_TYPES != RFKILL_TYPE_FM + 1,2,2,4
"pos + count <= HDSPM_CHANNEL_BUFFER_BYTES / 4, return -EINVAL",2,2,4
jh->b_next_transaction == journal->j_running_transaction,2,2,4
"object->state, ==, FSCACHE_OBJECT_CREATING",2,2,4
fence == NULL,3,1,4
!list_empty(&io->list),2,2,4
"INT_GET(leaf->ents[highstale].address, ARCH_CONVERT) == XFS_DIR2_NULL_DATAPTR",2,2,4
next < 60,2,2,4
reg >= ARRAY_SIZE(wm8580_reg),2,2,4
!ah,2,2,4
tskim->tsk_tag == tsk_tag,2,2,4
bp->b_target->bt_mount == mp,4,0,4
!(dma_ch[channel].chan_status != DMA_CHANNEL_FREE && channel < MAX_DMA_CHANNELS),2,2,4
" ifbp->IFB_IntOffCnt != 0xFFFE, action ",2,2,4
osd_req->r_oid_len < sizeof (osd_req->r_oid),2,2,4
"!test_bit(EP_FLAG_ACTIVATED, &ep->flags)",2,2,4
"offsetof(struct thread_struct, vscr) != offsetof(struct thread_struct, vr[32])",2,2,4
fi >= (int)pnob->rx_q_len,2,2,4
list_empty(&gmsg->gum_base.list),2,2,4
panic,2,2,4
"(read_phy_reg(pi, 0x78) & val) == 0",2,2,4
"XFS_BUF_FSPRIVATE2(bp, unsigned long) == (unsigned long)1",2,2,4
!fc,2,2,4
encoding != 1,2,2,4
phy->reset,4,0,4
pattrs->strm_mode == STRMMODE_PROCCOPY,2,2,4
" ifbp->IFB_CardStat == 0, MERGE_2( ltvp->typ, ifbp->IFB_CardStat ) ",2,2,4
cardnum < 0 || cardnum >= SNDRV_CARDS,2,2,4
i==(wd->sta.bssList.bssCount-1),2,2,4
!entry || !entry->dev,2,2,4
rspi->rsp_maxlen == 0,2,2,4
uTmpLen == (cbLastFragPayloadSize - cbMIClen),2,2,4
nvec->i2c_clk,2,2,4
"pObdEntry != NULL, ""EplObdAccessOdPart(): no OD part is defined!\n""",2,2,4
!pmd_none(*pmd),4,0,4
start + count > BITS_PER_BITMAP,2,2,4
"xfs_isilocked(iip->ili_inode, XFS_ILOCK_EXCL)",2,2,4
"spec->adc_nids, return -EINVAL",2,2,4
!has_sysmmu(dev),2,2,4
arq->on_hash,2,2,4
nid != LNET_NID_ANY,3,1,4
xqm->qm_nrefs == 0,2,2,4
EXT4_MB_BITMAP(e4b) == EXT4_MB_BUDDY(e4b),2,2,4
req_p->length * 2 + 2 < CY_CTX_USB_MAX_DATA_SIZE,2,2,4
"!smmu_valid_reg(smmu, addr)",2,2,4
!optr,2,2,4
"ohri->rst_shift, oh->clkdm->pwrdm.ptr->prcm_offs, oh->prcm.omap4.rstctrl_offs",2,2,4
!virt_addr_valid(kaddr) || !virt_addr_valid(kaddr + size - 1),2,2,4
!S_ISDIR(inode->i_mode),3,1,4
!list_empty(&obj->gpu_write_list),2,2,4
ipointer_in == B_TRUE,2,2,4
(Size & (PAGE_SIZE-1)) == 0,2,2,4
count == fl->fl_nobjs,2,2,4
fcb == 0,2,2,4
io->ctx.idx_out < clone->bi_vcnt,2,2,4
"sdp, sdp->sd_log_blks_free == sdp->sd_jdesc->jd_blocks",2,2,4
list_empty(&mdev->sync_ee),2,2,4
ring->outstanding_lazy_request,2,2,4
mei_hdr->length >= sizeof(dev->rd_msg_buf),2,2,4
*valuelen - byte_cnt == 0,3,1,4
lbno != NULLAGBLOCK && rbno != NULLAGBLOCK,2,2,4
maxfreq > 0,2,2,4
" DO_ASSERT, action ",2,2,4
page->mapping != mapping,2,2,4
object->fscache.cookie,2,2,4
"self->lap->magic == LMP_LAP_MAGIC, return -1;",4,0,4
(*spte & (PT_PAGE_SIZE_MASK|PT_PRESENT_MASK)) != (PT_PAGE_SIZE_MASK|PT_PRESENT_MASK),2,2,4
ctx->bounce_page,2,2,4
atomic_read(&cli->cl_cache->ccc_unstable_nr) >= 0,2,2,4
hctx->ccid2hctx_pipe < 0,2,2,4
((u32) rspq->rspbuf & 0xFFFFFFE0) == (u32) rspq->rspbuf,2,2,4
VALID_ADDRESS(cmdq->head),2,2,4
!left,2,2,4
list_empty(queue),2,2,4
!list_empty(&priv->slaves),2,2,4
ctx->h.bCnt == SKEIN_512_BLOCK_BYTES,2,2,4
" 1 < ltvp->len && ltvp->len <= HCF_MAX_LTV + 1, ltvp->len ",2,2,4
req->rq_repmsg == NULL,4,0,4
"pos, <, eof",2,2,4
itnim->rport == rport,2,2,4
mutex_is_locked(&dqp->q_hash->qh_lock),2,2,4
cursor != NULL,3,1,4
domain->flags & DOMAIN_FLAG_STATIC_IDENTITY,2,2,4
hcmd,2,2,4
length_in_bytes <= 8 * PAGE_SIZE,2,2,4
mp->tx_curr_desc_q == mp->tx_used_desc_q,2,2,4
prev_lip->li_ail.ail_forw == lip,2,2,4
fcxp->use_irspbuf == 1,2,2,4
!anext,2,2,4
ent->irq == ent->irq2,2,2,4
!kobj_ns_type_registered(type),2,2,4
!(VLAN_N_VID == (BFI_MAX_VLAN + 1)),2,2,4
len > ccid2_seq_len,2,2,4
phy_init != NULL,2,2,4
pd->blkg->q->queue_lock,2,2,4
the_lnet.ln_rc_state == LNET_RC_STATE_SHUTDOWN,3,1,4
cpu,2,2,4
"pSubindexEntry_p != NULL, ""EplObdGetObjectDataPtrIntern(): pointer to SubEntry not valid!\n""",2,2,4
tsk->flags & PF_DEAD,2,2,4
"pos + count <= HDSP_CHANNEL_BUFFER_BYTES / 4, return -EINVAL",2,2,4
addr_width < BITS_PER_LONG && pfn >> addr_width,2,2,4
!(ns->ns_client & ~(LDLM_NAMESPACE_CLIENT | LDLM_NAMESPACE_SERVER)),2,2,4
rbd_dev,3,1,4
!alpha2,2,2,4
"percpu_ref_init(&css->refcnt, css_release)",2,2,4
mod->num_rports && !(mod->num_rports & (mod->num_rports - 1)),2,2,4
mp,2,2,4
"memcmp(new, empty_zero_page, PAGE_SIZE)",2,2,4
order < KVM_CMA_CHUNK_ORDER,2,2,4
nd->dev != dev,4,0,4
"map_vm_area(area->vm, PAGE_KERNEL, &pages)",2,2,4
IBMCAM_T(uvd) != NULL,2,2,4
" (ifbp->IFB_CntlOpt & USE_DMA) == 0, 0xDADA ",2,2,4
!list_empty(&cont->sibling),2,2,4
"INT_GET(entry_s->nameidx, ARCH_CONVERT) >= INT_GET(hdr_s->firstused, ARCH_CONVERT)",2,2,4
n > ni_m_series_max_pfi_channel,2,2,4
NULL == ap,2,2,4
domain == NULL,2,2,4
fwcmd_va,2,2,4
(first > limit) || (limit >= priv->num_tags),2,2,4
!hugepd_ok(hpd),3,1,4
uptodate != disks,2,2,4
ch->remote_msgqueue_pa == 0,2,2,4
qinf->qi_dqchunklen,2,2,4
los->los_dev,2,2,4
!(pgd_flags(gpgd) & _PAGE_PRESENT),3,1,4
page_head != page->first_page,2,2,4
pd->users < 0,2,2,4
inlen & 3 || inlen >= 0x100,2,2,4
!fi->fib_nhs,3,1,4
pchnl->chnl_type == CHNL_PCPY,2,2,4
!page->frozen,2,2,4
"substream != NULL, return",2,2,4
old_ni.blk_addr != NULL_ADDR,2,2,4
"be16_to_cpu(block->bb_numrecs) >= XFS_ALLOC_BLOCK_MINRECS(level, cur)",2,2,4
"offset + size <= blocksize, return -EINVAL",2,2,4
req_p->length * 2 + 2 < CY_CTX_RES_MAX_DATA_SIZE,2,2,4
pool->first_idle,2,2,4
NInoNonResident(ni),4,0,4
i2c_clk,2,2,4
ncontrols == 0 || controls[0] == NULL,2,2,4
ctxt_p->request_queue_p->resp != 0,2,2,4
!is_large_pte(*spte),2,2,4
xferpagePacket->Count > 0 && xferpagePacket->Count <= vmxferpagePacket->RangeCount,2,2,4
"sem_checkid(sma, u->semid)",2,2,4
inode != path.dentry->d_inode,2,2,4
!q->mem_ops,2,2,4
"sdp, !sdp->sd_log_num_rg",2,2,4
chanidx >= ARRAY_SIZE(ar9170_phy_freq_params),2,2,4
!mutex_is_locked(&group->notification_mutex),4,0,4
be16_to_cpu(dfp->offset) == (char *)newdup - (char *)d,2,2,4
XFS_MTOVFS(mp)->vfs_flag & VFS_RDONLY,2,2,4
zv_size == 0 || zv_size > zv_max_page_size,2,2,4
!list_empty(&lo->plh_bulk_recall),2,2,4
dt_object_exists(dto),2,2,4
tx->tx_nkiov > 0,3,1,4
"""wrong period"", 0 == evsel->attr.sample_period",4,0,4
host->dma.cmd_busaddr & 0x07,2,2,4
"bfa_q_is_on_q(&mod->sgpg_wait_q, wqe)",2,2,4
"virtqueue_add_buf(vi->cvq, sg, out, in, vi, GFP_ATOMIC) < 0",2,2,4
!obj->active,2,2,4
pgbase != (user_addr & ~PAGE_MASK),2,2,4
atomic_read(&conn->ksnc_conn_refcount) == 0,3,1,4
"sk_unattached_filter_create(&ptp_insns, &ptp_prog)",2,2,4
key->payload.data == ctx,2,2,4
sizeof(*args) <= sizeof(req->rq_async_args),2,1,3
ichdr.firstused >= ichdr.count * sizeof(*entry) + xfs_attr3_leaf_hdr_size(leaf),2,1,3
pos >= ll,2,1,3
"rcu_read_lock_sched_held() || lockdep_is_held(&mce_chrdev_read_mutex), ""suspicious rcu_dereference_check_mce() usage""",1,2,3
pos + count > K1212_MAX_SAMPLES,3,0,3
align > padding,2,1,3
dentry->d_name.len >= USER_DLM_LOCK_ID_MAX_LEN,2,1,3
msg->msg_len > 0,2,1,3
"jh, transaction->t_nr_buffers >= 0",2,1,3
type == XFS_DQ_USER || type == XFS_DQ_PROJ || type == XFS_DQ_GROUP,2,1,3
!(io->flag & EXT4_IO_END_UNWRITTEN),2,1,3
!(chip_rev),2,1,3
args->maxlen > 0,2,1,3
co->index < 0 || co->index >= vt8500_uart_driver.nr,2,1,3
EFX_LED_ON != MC_CMD_LED_ON,2,1,3
"false, ""%s : ieee80211 alloc failed\n"", pci_name(pdev)",2,1,3
atomic_read(&root->nr_cgrps) != 1,2,1,3
ents[lowstale].address == cpu_to_be32(XFS_DIR2_NULL_DATAPTR),2,1,3
newblk->blkno >= state->args->geo->leafblk && newblk->blkno < state->args->geo->freeblk,2,1,3
"bpf_get_next_key(map_fd, &next_key, &next_key) == 0 && next_key == 1",2,1,3
virt_to_cache(objp) != cachep,2,1,3
sizeof(struct jffs2_raw_inode) != 68,2,1,3
disk_tgt,2,1,3
fh->fmt == NULL,2,1,3
sizeof(skb->cb) < sizeof(struct qdisc_skb_cb) + sizeof(struct sfb_skb_cb),1,2,3
bnew >= ltbno,2,1,3
!entry->count,2,1,3
!is_phys_contiguous((unsigned long)ptr),1,2,3
be32_to_cpu(ltp->bestcount) <= (uint)dp->i_d.di_size / args->geo->blksize,2,1,3
&excl_cntrs->lock,2,1,3
&trans_pcie->reg_lock,3,0,3
domain->dev_cnt != 0,2,1,3
!buf_ptr,2,1,3
dblk->blkno == db,2,1,3
!cpus_empty(*socket),1,2,3
efx->state == STATE_DISABLED,3,0,3
count > HVSI_MAX_OUTGOING_DATA,2,1,3
tegra->sata_oob_rst,3,0,3
low <= high,2,1,3
net->ksnn_interfaces[i].ksni_npeers == 0,2,1,3
o2net_wq == NULL,2,1,3
cond,3,0,3
info->bitmap,2,1,3
ichdr_s->magic == XFS_ATTR_LEAF_MAGIC || ichdr_s->magic == XFS_ATTR3_LEAF_MAGIC,2,1,3
i >= npages,2,1,3
"bno >= xfs_dir2_byte_to_db(args->geo, XFS_DIR2_LEAF_OFFSET) && bno < xfs_dir2_byte_to_db(args->geo, XFS_DIR2_FREE_OFFSET)",2,1,3
set_sig_addr_hook != NULL,2,1,3
!cow && ins_len,2,1,3
ino != NULLFSINO,2,1,3
!urb->transfer_buffer && urb->transfer_buffer_length,2,1,3
atomic_read(&peer->ksnp_refcount) == 0,2,1,3
rmh->stat_len >= (REG_CRM_NUMBER-1),2,1,3
"(int)offsetof(lnet_hdr_t, msg.get.return_wmd) == 32",2,1,3
"cur->bc_ops->keys_inorder(cur, rkp, xfs_btree_key_addr(cur, 2, right))",2,1,3
atomic_read(&mm->mm_users) != 1,2,1,3
buf > 2048,2,1,3
sizeof(card->shortname) % 4 != 0,2,1,3
"jh, jh->b_transaction != transaction || jh->b_jlist == BJ_Metadata",2,1,3
i >= EFX_MAX_PHY_TESTS,2,1,3
ep->pipenum,2,1,3
addr != 0x7400,2,1,3
io != NULL,3,0,3
"(int)offsetof(lnet_hdr_t, msg.ack.mlength) == 56",2,1,3
set->fb && set->num_connectors == 0,2,1,3
rc2 != -EOVERFLOW,2,1,3
atomic_read(&sh->count),2,1,3
!rdev->desc->uV_step,2,1,3
ev->type != LNET_EVENT_UNLINK || sv->sv_shuttingdown,2,1,3
ieee754sp_isnan(x),2,1,3
"jh, (jh->b_transaction == transaction || jh->b_transaction == NULL || (jh->b_transaction == journal->j_committing_transaction && jh->b_jlist == BJ_Forget))",2,1,3
transaction->t_buffers == NULL,2,1,3
"XFS_IFORK_FORMAT(ip, whichfork) != XFS_DINODE_FMT_LOCAL",2,1,3
pagno < agcount,2,1,3
!ins->asynch_tx_scb,3,0,3
reqstmsg->msg_type == srpc_service2request(sv->sv_id),2,1,3
start_bit < size,2,1,3
ip->i_imap.im_blkno != 0,2,1,3
dfp && dfp2,2,1,3
cl_lock_is_mutexed(slice->cls_lock),3,0,3
!scu_base,2,1,3
layr->up->ctrlcmd != NULL,2,1,3
!section,2,1,3
"wb_domain_init(&global_wb_domain, GFP_KERNEL)",2,1,3
(int)sizeof(((lnet_hdr_t *)0)->msg.ack.match_bits) == 8,2,1,3
(seq_fops->write == NULL) == ((mode & 0222) == 0),2,1,3
"cpu_isset(cpu, *cptab->ctb_parts[cpt].cpt_cpumask)",1,2,3
segment->size == 0,2,1,3
(int)sizeof(((lnet_hdr_t *)0)->msg.reply.dst_wmd) == 16,2,1,3
bytes > cursor->resid,2,1,3
size < 0,2,1,3
list_empty(&console_session.ses_trans_list),2,1,3
(int)sizeof(lnet_hdr_t) == 72,2,1,3
"GFS2_SB(&ip->i_inode), GFS2_EA2NEXT(el->el_prev) == el->el_ea",2,1,3
ios->bus_width != MMC_BUS_WIDTH_1,2,1,3
&ufdev->lock,3,0,3
cur->bc_private.a.agno == be32_to_cpu(agf->agf_seqno),2,1,3
len <= reply->msg_ev.mlength,2,1,3
!bp->phydev,3,0,3
i >= num_stubs,2,1,3
!tso_segs,2,1,3
offset >= skb_headlen(skb),2,1,3
ichdr->firstused >= ichdr->count * sizeof(xfs_attr_leaf_entry_t) + xfs_attr3_leaf_hdr_size(leaf),2,1,3
"sdp, !__lockref_is_dead(&qd->qd_lockref)",2,1,3
rpc->crpc_bulk.bk_niov == 0,2,1,3
!key,2,1,3
0 == buf->pt[2].dma,2,1,3
"!bkey_cmp(&START_KEY(top->k), &START_KEY(i->k))",2,1,3
"!IS_ALIGNED((long)omap_domain->pgtable, IOPGD_TABLE_SIZE)",2,1,3
sizeof(l->u.utility.name) > 10,2,1,3
page_count(page) <= 0,2,1,3
i == cpuc->n_events,2,1,3
"!((base) & (LOV_MIN_STRIPE_SIZE - 1)), ""64 bit lov "" ""division %llu / %llu\n"", (n), (uint64_t)(base)",2,1,3
obj_request != NULL,2,1,3
k == conf->copies,2,1,3
sizeof(struct journal_superblock_s) != 1024,2,1,3
PT_WRITABLE_MASK != ACC_WRITE_MASK,2,1,3
!bch_keylist_empty(&keys),2,1,3
(entry->flags & XFS_ATTR_LOCAL) == 0,2,1,3
&desc->lock,2,1,3
tcp_hdr(skb)->syn,2,1,3
tpacpi_inputdev->open != NULL || tpacpi_inputdev->close != NULL,2,1,3
sizeof(struct vegas) > ICSK_CA_PRIV_SIZE,2,1,3
(!node) && (type != O2HB_NODE_DOWN_CB),2,1,3
failed_wr != &first->s_rdma_wr.wr,3,0,3
(NR_CPUS * sizeof(u16)) > (PAGE_SIZE - 64),2,1,3
!buffer_async_read(bh),2,1,3
from->magic == XFS_ATTR_LEAF_MAGIC || from->magic == XFS_ATTR3_LEAF_MAGIC,2,1,3
node_num >= ARRAY_SIZE(o2net_nodes),2,1,3
"bh, !buffer_jbddirty(bh)",2,1,3
transop == LST_TRANS_TSBCLIADD,2,1,3
atomic_read(&trans->tas_remaining) == 0,2,1,3
rs->rs_scheduled,2,1,3
w_tot == 0,1,2,3
"ar->arHifDevice,ar->arTargetType",1,2,3
*t_code != VXGE_HW_RING_RXD_T_CODE_UNUSED,2,1,3
isnullstartblock(got.br_startblock),2,1,3
atomic_read(&pool->free_pinned),2,1,3
sizeof(struct mdt_rec_reint) == sizeof(struct mdt_rec_setattr),2,1,3
!pd->tx_buffers[index].mapping,2,1,3
!dev->em28xx_write_regs || !dev->em28xx_read_reg,2,1,3
"!cpu_isset(cpu, *cptab->ctb_cpumask)",1,2,3
req->rq_ctx_init == 0,2,1,3
!equiv_cpu_table,2,1,3
!request->rq_receiving_reply,3,0,3
!mm || !mqd || !mqd_mem_obj,2,1,3
"(int)offsetof(lnet_hdr_t, payload_length) == 28",2,1,3
strlen(info) >= ASC_INFO_SIZE,2,1,3
!(bp->b_flags & XBF_READ),2,1,3
ichdr_d->count < args->geo->blksize / 8,2,1,3
!drv->core.match_id,2,1,3
!imxtm->base,2,1,3
curBuffer < BUFFER_PROC_LIST_DEPTH,1,2,3
conn->ksnc_tx_carrier->tx_msg.ksm_type == tx->tx_msg.ksm_type,2,1,3
!in_softirq(),2,1,3
mpic->protected == NULL,2,1,3
!xd->xname,2,1,3
bio_integrity(bio),2,1,3
ATOMIC_HASH_SIZE * sizeof(int) > PAGE_SIZE,2,1,3
PAGE_SIZE < sizeof(struct gelic_eurus_scan_info) * GELIC_EURUS_MAX_SCAN,2,1,3
iface != NULL,2,1,3
"!(remote && rw == WRITE && test_bit(CREATE_BARRIER, &mdev->flags))",1,2,3
y_bottom > var->yres_virtual,1,2,3
ni->ni_lnd == &the_lolnd,2,1,3
p > end,2,1,3
!(fbdev->fb_mem),2,1,3
sc->sc_data_direction == DMA_BIDIRECTIONAL,2,1,3
"priv != NULL, return -ENODEV;",2,1,3
"device, test_bit(BME_NO_WRITES, &bm_ext->flags)",3,0,3
!e->Sop || !e->Eop,2,1,3
!(ioc_fwstate != BFI_IOC_UNINIT),2,1,3
_brk_start == 0,2,1,3
txq_id == IL39_CMD_QUEUE_NUM,2,1,3
s->br_blockcount != 0,2,1,3
why != RESTART_TRANS,2,1,3
page != compound_head(page),2,1,3
SFP_PAGE_SIZE * SFP_NUM_PAGES != ETH_MODULE_SFF_8079_LEN,2,1,3
t80h->len > CEX3A_MAX_RESPONSE_SIZE,2,1,3
sizeof(uleb128_t) > sizeof(value),2,1,3
!ocfs2_supports_inline_data(osb) && data_ac == NULL,2,1,3
!ab->skb,3,0,3
!v9inode->writeback_fid,3,0,3
(n) == 0 || (((n) & ((n) - 1)) != 0),2,1,3
(int)sizeof(((lnet_hdr_t *)0)->type) == 4,2,1,3
src,2,1,3
console_session.ses_state == LST_SESSION_ACTIVE,2,1,3
"cur->bc_ops->keys_inorder(cur, &key, xfs_btree_key_addr(cur, ptr, block))",2,1,3
conn->ksnc_proto->pro_queue_tx_msg != NULL,2,1,3
"offsetof(struct pt_regs, bx) != 0",2,1,3
segment->copied >= segment->size,2,1,3
(ksocknal_route_mask() & ~route->ksnr_connected) != 0,2,1,3
channel < 0 || channel >= mal->num_rx_chans || size > MAL_MAX_RX_SIZE,2,1,3
tx->tx_msg.ksm_zc_cookies[0] - tx->tx_msg.ksm_zc_cookies[1] <= 2,2,1,3
rbp == lnet_msg2bufpool(msg),2,1,3
device->scatter_enabled,1,2,3
sizeof(struct nvme_abort_cmd) != 64,2,1,3
sn->sn_timer_active,2,1,3
!pd->phy_dev,2,1,3
"tg3_flag(tp, MBOX_WRITE_REORDER) || tp->write32_tx_mbox == tg3_write_indirect_mbox",2,1,3
from->magic == XFS_DA_NODE_MAGIC,2,1,3
stat != NULL,2,1,3
nmaps <= XFS_DQITER_MAP_SIZE,2,1,3
"memcmp(name1, name2, namelen1) == 0",2,1,3
!list_empty(&kc->pages_jobs),2,1,3
&trans_pcie->mutex,3,0,3
"root_tag_get(root, 1)",2,1,3
cluster >= TC2_CLUSTERS || cpu >= TC2_MAX_CPUS_PER_CLUSTER,3,0,3
drop_blk->magic == XFS_DIR2_LEAFN_MAGIC,2,1,3
mp->m_quotainfo->qi_dqperchunk == j,2,1,3
!ph1 || !ph2,2,1,3
from->magic == XFS_DIR2_LEAF1_MAGIC || from->magic == XFS_DIR2_LEAFN_MAGIC,2,1,3
msg->front.iov_len != le32_to_cpu(msg->hdr.front_len),2,1,3
ref_cnt == 0,2,1,3
"bpf_lookup_elem(map_fd, &key, &value) == -1 && errno == ENOENT",3,0,3
(iov == NULL) != (kiov == NULL),2,1,3
sizeof(*stats64) != sizeof(*netdev_stats),2,1,3
!ip->ip_parent,2,1,3
mainfw == NULL,2,1,3
len > f->m.memsz,2,1,3
exp,2,1,3
!msm_obj->sgt,1,2,3
edid_len != EDID_LENGTH,2,1,3
tsb->tsb_index == 0,2,1,3
dp->i_d.di_size >= xfs_dir2_sf_hdr_size(oldsfp->i8count),2,1,3
con->out_skip,3,0,3
list_empty(&conn->ksnc_tx_queue),2,1,3
size <= (size_t)INT_MAX,2,1,3
l == 0,2,1,3
n * pr->field_width > pr->reg_width,2,1,3
k && le32_to_cpu(ex->ee_block) <= le32_to_cpu(ex[-1].ee_block),2,1,3
((((long)va & ~HPAGE_MASK) + len) & HPAGE_MASK) != 0,2,1,3
"tsap->magic == TTP_TSAP_MAGIC, return;",3,0,3
"sdp, dblock",2,1,3
imap.br_startoff == offset_fsb,2,1,3
err != -EFAULT,2,1,3
"PageSlab(page), page",3,0,3
!list_empty(&cc.migratepages),2,1,3
newblk->blkno != 0,2,1,3
zbr->len != 0,3,0,3
rect->rop != ROP_COPY && rect->rop != ROP_XOR,2,1,3
i != ncpus,2,1,3
"__BITS_VALUE(reg1->idx, 1, 8) != 0xff",2,1,3
"end > vma->vm_end, vma",2,1,3
!journal,3,0,3
!msg->msg_tx_committed,3,0,3
!dev->hw_ops.configure,2,1,3
lock->cll_users > 0,3,0,3
ddata->spi == NULL,2,1,3
i == peer->ksnp_n_passive_ips,2,1,3
ret == -ENOMEM,2,1,3
write_block(b) != btree_bset_last(b),2,1,3
sizeof(phandle) != sizeof(int),3,0,3
ai->unit_size < PCPU_MIN_UNIT_SIZE,2,1,3
!msg->msg_target_is_router,2,1,3
oldroothdr.forw == 0,2,1,3
n >= ARRAY_SIZE(flit_desc_map),2,1,3
channel != XPC_NET_CHANNEL,2,1,3
osd_data->type != CEPH_OSD_DATA_TYPE_NONE,2,1,3
nd->nd_id.nid != LNET_NID_ANY,2,1,3
 eid != ENDPOINT_UNUSED,1,2,3
magic == cpu_to_be16(XFS_DA_NODE_MAGIC) || magic == cpu_to_be16(XFS_DA3_NODE_MAGIC),2,1,3
distance > 0,2,1,3
"self->magic == LAP_MAGIC, return -EBADR;",3,0,3
"!test_bit(__IXGBE_SERVICE_SCHED, &adapter->state)",2,1,3
SMP_MSG_NR >= 8,2,1,3
!rdev->desc->volt_table,2,1,3
ioread32(&rq->ctrl->enable),2,1,3
!LNetHandleIsInvalid(the_lnet.ln_rc_eqh),2,1,3
(sn->sn_features & ~LST_FEATS_MASK) == 0,3,0,3
sizeof(cmd.v2.target_ipv6_addr[0]) != sizeof(mvmvif->target_ipv6_addrs[0]),2,1,3
(int)sizeof(lnet_magicversion_t) == 8,2,1,3
PageHighMem(pgd_page),2,1,3
rfbi.framedone_callback != NULL,2,1,3
"jh, jh->b_transaction == transaction || jh->b_next_transaction == transaction",2,1,3
"jh, record == NULL",2,1,3
args.trans != NULL,2,1,3
(args->index == 0) || (be32_to_cpu(entry->hashval) >= be32_to_cpu((entry-1)->hashval)),2,1,3
!q->curr,2,1,3
li->li_block,3,0,3
MC_CMD_LOG_CTRL_OUT_LEN != 0,2,1,3
tp->mac_version > RTL_GIGA_MAC_VER_01,2,1,3
"tsap != NULL, return;",3,0,3
"(int)offsetof(lnet_magicversion_t, magic) == 0",2,1,3
!itemlist,2,1,3
BNX2X_MULTI_TX_COS < cid_cnt,2,1,3
!c->page->frozen,2,1,3
namelen1 == namelen2,2,1,3
len > IOP_ADMA_MAX_BYTE_COUNT,2,1,3
list_empty(&sn->sn_list),2,1,3
len > IOP_ADMA_XOR_MAX_BYTE_COUNT,3,0,3
btree_bset_first(new_nodes[0])->keys,2,1,3
victim->d_parent->d_inode != dir,2,1,3
queue_id != queue->queue_id,3,0,3
(int)sizeof(((lnet_hdr_t *)0)->src_nid) == 8,2,1,3
"bh, (atomic_read(&bh->b_count) > 0) || (bh->b_page && bh->b_page->mapping)",2,1,3
!file->private_data,2,1,3
first->next_sibling == NULL,2,1,3
fl->avail + n > fl->size - FL_PER_EQ_UNIT,2,1,3
"sdp, !sdp->sd_log_num_revoke",3,0,3
ai->nr_groups <= 0,2,1,3
"hash_bit_len, SKEIN_BAD_HASHLEN",2,1,3
!toc1 || !toc2,2,1,3
sizeof(struct lp) > ICSK_CA_PRIV_SIZE,2,1,3
be16_to_cpu(bf[0].length) >= length,2,1,3
!rt_se,2,1,3
gp->cell_enabled <= 0,2,1,3
"""Wrong size"", size == (TEST_FILE_SIZE - 10)",2,1,3
spin_is_locked(&log->l_icloglock),1,2,3
!subs->data_endpoint,2,1,3
!hdr,3,0,3
mp->m_qflags == 0,2,1,3
pd->rx_buffers[index].mapping,2,1,3
"(int)offsetof(lnet_hdr_t, msg.reply.dst_wmd) == 32",2,1,3
src % 4,2,1,3
journal->j_head == journal->j_tail,2,1,3
d == NULL,2,1,3
ip->i_df.if_broot != NULL,2,1,3
atomic_read(&o2net_connected_peers) < 0,2,1,3
sizeof(u32) != sizeof(value),2,1,3
!pmd_none(*new_pmd),2,1,3
extent_map_end(em) <= cur,2,1,3
__alignof__(struct sw_flow_key) % __alignof__(long),2,1,3
length >= buf->chan->subbuf_size - 1,2,1,3
nfnetlink_parse_nat_setup_hook != NULL,2,1,3
d_inode(dentry),3,0,3
hrtimer_callback_running(timer),2,1,3
journal->j_running_transaction != NULL,2,1,3
"root_tag_get(root, 0)",2,1,3
"""wrong name"", !strcmp(perf_evsel__name(evsel), ""mem:0:r:hp"")",2,1,3
mfd,3,0,3
index >= ps->exceptions_per_area,2,1,3
(unsigned long)__fix_to_virt(VSYSCALL_PAGE) != (unsigned long)VSYSCALL_ADDR,2,1,3
SOCKLND_CONN_NTYPES <= 4,2,1,3
ip->i_d.di_nextents > 0 && ip->i_d.di_nextents <= 2,2,1,3
ss->reset,3,0,3
real_count > VBI_DEFLINES,2,1,3
f->count < 0,2,1,3
"jh, jh->b_frozen_data == NULL",2,1,3
mutex_is_locked(&mdev->md_io_mutex),1,2,3
lp->pending_tx_skb == NULL,2,1,3
!host->data->sg,2,1,3
usage_bit >= LOCK_USAGE_STATES,2,1,3
lnet_ptl_is_wildcard(ptl),3,0,3
!pmd_trans_huge(*pmdp),2,1,3
lnum >= 0 && lnum < c->leb_cnt && offs >= 0,3,0,3
IN_MODIFY != FS_MODIFY,2,1,3
id <= SRPC_SERVICE_MAX_ID,2,1,3
rbp->rbp_credits == nbufs,2,1,3
le32_to_cpu(m->hdr.front_len) != m->front.iov_len,2,1,3
!engine,2,1,3
!RB_EMPTY_ROOT(&cache->rb_root),2,1,3
ichdr2.count == 0,2,1,3
offset >= (char *)dup - (char *)hdr,2,1,3
i8count == sfp->i8count,2,1,3
!anatop_base,2,1,3
dp->i_afp != NULL,2,1,3
!sst_drv_ctx->fw_in_mem,2,1,3
mip->ra_index < mip->map_valid,2,1,3
card->rx_buffer == NULL,2,1,3
tpkt == NULL,2,1,3
(addr & 3) || (mask == 0),2,1,3
queued_msg == NULL,2,1,3
sizeof(struct jffs2_unknown_node) != 12,2,1,3
frag->f_page,2,1,3
(int)sizeof(((lnet_hdr_t *)0)->dest_nid) == 8,2,1,3
"sizeof (lnet_magicversion_t) == offsetof (ksock_hello_msg_t, kshm_src_nid)",2,1,3
bestsp[i] != cpu_to_be16(NULLDATAOFF),2,1,3
flags & XFS_TRANS_DQ_RES_RTBLKS,2,1,3
lock_flags != 0,2,1,3
!list_empty(&kc->io_jobs),2,1,3
page->private != 0,2,1,3
cpu >= 2,3,0,3
reply->msg_ev.type == LNET_EVENT_REPLY,2,1,3
!evtchn_to_irq,2,1,3
"(int)offsetof(lnet_hdr_t, msg.put.ptl_index) == 64",2,1,3
"memcmp(args->name, name_loc->nameval, args->namelen) == 0",2,1,3
(lptr & IBLND_WID_MASK) == 0,2,1,3
"!PageBuddy(page), page",2,1,3
old_blk->magic == XFS_DA_NODE_MAGIC || old_blk->magic == XFS_DIR2_LEAFN_MAGIC || old_blk->magic == XFS_ATTR_LEAF_MAGIC,2,1,3
dssdev->driver->get_recommended_bpp == NULL,2,1,3
ETH_HLEN > sizeof(*hdr),2,1,3
!list_empty(&dmxdevfilter->feed.ts),2,1,3
_weight,3,0,3
IS_ERR(shm_mnt),2,1,3
!list_empty(&dd->fifo_list[WRITE]),2,1,3
"(int)offsetof(lnet_hdr_t, msg.ack.match_bits) == 48",2,1,3
INTEL_PIPE_CRC_ENTRIES_NR,2,1,3
FAN_OPEN != FS_OPEN,2,1,3
commit_transaction->t_checkpoint_list == NULL,2,1,3
name == NULL,2,1,3
be16_to_cpu(bests[findex]) >= length,2,1,3
!active == !(conn->ksnc_type != SOCKLND_CONN_NONE),2,1,3
"(int)offsetof(lnet_magicversion_t, version_minor) == 6",2,1,3
!st->count,2,1,3
MC_CMD_NVRAM_TYPES_IN_LEN != 0,2,1,3
map.br_blockcount == XFS_DQUOT_CLUSTER_SIZE_FSB,2,1,3
hldev->magic == VXGE_HW_DEVICE_MAGIC,2,1,3
imp->imp_obd == obd,3,0,3
op != NULL,2,1,3
!list_empty(&gateways),2,1,3
be16_to_cpu(bf[0].length) == args->geo->blksize - dp->d_ops->data_entry_offset,2,1,3
pgp->pg == NULL,2,1,3
"0, ""incorrect message magic: %08x\n"", m->lm_magic",2,1,3
mp->m_sb.sb_uquotino > 0,2,1,3
(int)sizeof(((lnet_magicversion_t *)0)->version_minor) == 2,2,1,3
obj->base.read_domains & I915_GEM_GPU_DOMAINS,2,1,3
"(int)offsetof(lnet_hdr_t, src_pid) == 20",2,1,3
err > 0,3,0,3
p->len > MAX_PATCH_LEN,2,1,3
(span <= 4) || (be32_to_cpu(btree[probe].hashval) == hashval),2,1,3
"XFS_LSN_CMP(prev_lip->li_lsn, lip->li_lsn) >= 0",2,1,3
list_empty(&closure->clc_list),3,0,3
args.pag,2,1,3
entry < 0 || entry >= HPSA_MAX_DEVICES,3,0,3
IN_MOVE_SELF != FS_MOVE_SELF,2,1,3
&ctx->sc_refcount,2,1,3
sizeof (struct obj_key) != 34,2,1,3
atc_chan_is_enabled(atchan),2,1,3
mc.from,2,1,3
req->rq_repmsg == rs->rs_msg,2,1,3
!list_empty(nets),2,1,3
cur->bc_btnum != XFS_BTNUM_BMAP || cur->bc_private.b.allocated == 0,2,1,3
"cur->bc_ops->recs_inorder(cur, rp, xfs_btree_rec_addr(cur, ptr + 1, block))",2,1,3
!nf_ct_is_confirmed(ct),3,0,3
ddr_clk_pre == 0 || ddr_clk_pre > 255,2,1,3
"""Wrong size"", size == data->size",2,1,3
pep->port_num > 2,2,1,3
i < nkiov,2,1,3
!demux,2,1,3
"!dma_is_consistent(hostdata->dev, pScript) && L1_CACHE_BYTES < dma_get_cache_alignment()",1,2,3
"jh, transaction != NULL",2,1,3
!(direction & ITER_BVEC),2,1,3
be16_to_cpu(dup->freetag) == XFS_DIR2_DATA_FREE_TAG,2,1,3
!mutex_is_locked(&efx->mac_lock),2,1,3
tape->merge_bh_size,1,2,3
peerid.nid != LNET_NID_ANY,2,1,3
n < adapter->params.nports,2,1,3
!wdev,2,1,3
!wl,2,1,3
nd->inode != dir->d_inode,2,1,3
!rs->rs_scheduled_ever,2,1,3
jme,2,1,3
sizeof(sf_full_timeout) != sizeof(__le32) * SF_NUM_SCENARIO * SF_NUM_TIMEOUT_TYPES,2,1,3
(int)sizeof(((lnet_hdr_t *)0)->msg.get.sink_length) == 4,2,1,3
*bip && bi->bi_next && (*bip) != bi->bi_next,2,1,3
cinfo->lock,3,0,3
requested_addr < base_addr,2,1,3
iclog->ic_state == XLOG_STATE_ACTIVE,2,1,3
addr >= vma->vm_end,2,1,3
"ti != NULL, ""ti is NULL !\n""",2,1,3
fcf_dev->priv,2,1,3
ARRAY_SIZE(cpu_process_speedos) != SPEEDO_ID_COUNT,2,1,3
atomic_read(&sec->ps_nctx) == 0,2,1,3
qidx >= pi->nqsets,2,1,3
mal->num_tx_chans <= 0 || mal->num_tx_chans > 32,2,1,3
len <= 0,2,1,3
(int)sizeof(((lnet_hdr_t *)0)->msg.get.return_wmd) == 16,2,1,3
info->magic == cpu_to_be16(XFS_DA_NODE_MAGIC) || info->magic == cpu_to_be16(XFS_DA3_NODE_MAGIC) || info->magic == cpu_to_be16(XFS_DIR2_LEAFN_MAGIC) || info->magic == cpu_to_be16(XFS_DIR3_LEAFN_MAGIC) || info->magic == cpu_to_be16(XFS_ATTR_LEAF_MAGIC) || info->magic == cpu_to_be16(XFS_ATTR3_LEAF_MAGIC),2,1,3
new == lp->rx_tail,2,1,3
vio->desc_buf,2,1,3
!rqi,3,0,3
(entry->flags & XFS_ATTR_INCOMPLETE) == 0,2,1,3
root_blk->magic == XFS_DA_NODE_MAGIC,2,1,3
sizeof(struct sha256_state) % 4,2,1,3
pag->pagf_freeblks == be32_to_cpu(agf->agf_freeblks),2,1,3
ichdr_s->count > 0 && ichdr_s->count < args->geo->blksize / 8,2,1,3
"sdp, sdp->sd_log_head == sdp->sd_log_tail",2,1,3
!w->data->keys,2,1,3
rc > 0,2,1,3
src == NULL,2,1,3
vuart_bus_priv.bmp,2,1,3
save_parent.dentry != dir,2,1,3
!dev->hw_ops.set_image_window,2,1,3
list_empty(&test->tes_trans_list),2,1,3
&dev->event_lock,3,0,3
pd->rx_buffers,2,1,3
nr_left + shift > max_entries,2,1,3
!tsk->ptrace && (tsk->group_leader != tsk || !thread_group_empty(tsk)),2,1,3
SECTIONS_WIDTH + NODES_WIDTH + ZONES_WIDTH + ilog2(roundup_pow_of_two(NR_CPUS)) > 32,2,1,3
(prod - cons) > sizeof(intf->in),2,1,3
"""wrong type term"", term->type_term == PARSE_EVENTS__TERM_TYPE_CONFIG1",2,1,3
pConnectMsg != NULL,1,2,3
be64_to_cpu(ptr->l) != NULLDFSBNO,2,1,3
sizeof(u64) != sizeof(value),2,1,3
tx->tx_conn != NULL,2,1,3
args->index < ichdr1.count,2,1,3
"jh, jh->b_transaction == transaction || jh->b_transaction == NULL",2,1,3
pRecord->Length >= sizeof(HTC_LOOKAHEAD_REPORT),1,2,3
!c->ksnc_closing,2,1,3
pDev->GMboxInfo.pMessagePendingCallBack != NULL,1,2,3
!(ctx_map & (1 << ctx)),2,1,3
tx->tx_resid == tx->tx_nob,2,1,3
*(uint *)dp == XFS_TRANS_HEADER_MAGIC,1,2,3
ARRAY_SIZE(lc_controls) != ARRAY_SIZE(data->lc_controls),2,1,3
pidx > maxpools,2,1,3
(atomic_read(&object->usage) & 0xffff0000) != 0x6b6b0000,3,0,3
sg->length == 0,2,1,3
sizeof(c->name) != sizeof(newcon->name),2,1,3
"false, ""invalid aci: %d !\n"", e_aci",2,1,3
!RB_EMPTY_NODE(&bp->b_rbnode),2,1,3
agbno >= chunk_agbno,2,1,3
status == 0 || status == A_ECANCELED,1,2,3
PCI_COMMAND % 4,2,1,3
&orig->mcast_handler_lock,3,0,3
!list_empty(&cache->ccc_lru),2,1,3
!mm->pgd,2,1,3
sectors >= bio_sectors(bio),2,1,3
gtlena >= args->minlen,2,1,3
IN_UNMOUNT != FS_UNMOUNT,2,1,3
table->count == 0,2,1,3
rxd->addr != rbi->dma_addr || rxd->len != rbi->len,2,1,3
!cpu_has_vint,2,1,3
path->slots[0] != slot,2,1,3
tag >= tags->nr_reserved_tags,2,1,3
set_h245_addr_hook != NULL,2,1,3
"""wrong group name"", !strcmp(leader->group_name, ""group1"")",2,1,3
route->ksnr_connected == 0,2,1,3
"""wrong precise_ip"", evsel->attr.precise_ip == 3",2,1,3
list_empty(&tsb->bat_list),2,1,3
!list_empty(&bdma_chan->active_list),2,1,3
page_pools.epp_pools[p_idx],3,0,3
KMALLOC_MIN_SIZE > 256 || (KMALLOC_MIN_SIZE & (KMALLOC_MIN_SIZE - 1)),2,1,3
entry1->flags & XFS_ATTR_INCOMPLETE,2,1,3
irecs[i].br_startblock != DELAYSTARTBLOCK && irecs[i].br_startblock != HOLESTARTBLOCK,2,1,3
"self->lap != NULL, return;",3,0,3
pid >= NUM_TIDS,2,1,3
!is_vlan_dev(dev),2,1,3
((struct ethhdr *)skb->data)->h_proto != protocol,2,1,3
"irlmp != NULL, return NULL;",3,0,3
sizeof(struct scsi_pointer) < sizeof(struct sym_ucmd),2,1,3
hvc_rtas_dev,2,1,3
keyring_key->type != &key_type_logon,2,1,3
"page->index != linear_page_index(vma, address)",2,1,3
sizeof (struct obj_ssid) != 34,2,1,3
ichdr_d->firstused >= (ichdr_d->count * sizeof(*entry_d)) + xfs_attr3_leaf_hdr_size(leaf_d),2,1,3
"(delay > 0), ""8051 reset failed!\n""",2,1,3
data->type != CEPH_MSG_DATA_PAGELIST,3,0,3
st->packet_space <= 0,2,1,3
!msg->msg_peertxcredit,2,1,3
"memcmp(name, args->name, namelen) == 0",2,1,3
pag->pagf_longest == be32_to_cpu(agf->agf_longest),2,1,3
agf->agf_roots[cur->bc_btnum] != 0,2,1,3
start_d <= ichdr_d->count,2,1,3
(int)sizeof(((lnet_hdr_t *)0)->msg.hello.type) == 4,2,1,3
"jh, transaction == journal->j_running_transaction",2,1,3
&dev->vbl_lock,2,1,3
sdev->fmt == NULL,2,1,3
!set->crtc,2,1,3
(char *)ev->md.start + ev->offset + ev->mlength <= rqbd->rqbd_buffer + service->srv_buf_size,2,1,3
!xfs_sb_version_hasquota(&mp->m_sb),2,1,3
skb_shinfo(skb)->nr_frags < 1,2,1,3
!efx_channel_has_tx_queues(channel) || type >= EFX_TXQ_TYPES,2,1,3
namelen > 0,2,1,3
!_ep,2,1,3
swsqe->opcode != FW_RI_READ_REQ,2,1,3
skb->len <= dev->mtu + VXGE_HW_MAC_HEADER_MAX_SIZE,2,1,3
bip->bip_bio != bio,2,1,3
highstale < be32_to_cpu(btp->count),2,1,3
atomic_read(&sh->count) != 0,2,1,3
transop == LST_TRANS_TSBCLIQRY || transop == LST_TRANS_TSBSRVQRY,2,1,3
c->lst.taken_empty_lebs > 0,3,0,3
!runtime->hw.channels_max,2,1,3
pages != NULL,3,0,3
"!test_bit(BITMAP_IO, &mdev->flags)",1,2,3
!lntmsg->msg_target_is_router,2,1,3
async_tx_test_ack(*tx),2,1,3
trap_level != 0x170 && trap_level != 0x171,2,1,3
pool_nr >= tbl->nr_pools,2,1,3
td->dvco_rst,3,0,3
info->type != IRQT_UNBOUND && info->type != type,2,1,3
key->bmbt.br_startoff != 0,2,1,3
target != NULL,2,1,3
section->iov_base == NULL,2,1,3
io_end->flag & EXT4_IO_END_UNWRITTEN,2,1,3
skb->data_len,2,1,3
ip->i_afp->if_broot != NULL,2,1,3
req->req.length == 0,2,1,3
net->ksnn_interfaces[i].ksni_nroutes == 0,2,1,3
addr >> PT1_PAGE_SHIFT >> 31 >> 1,2,1,3
frame == 0,2,1,3
clk_info->type != CGU_CLK_PLL,3,0,3
!list_empty(&ii->i_dirty),2,1,3
!list_empty(&jl->j_bh_list),2,1,3
reqstmsg->msg_type == (__u32)srpc_service2request(sv->sv_id),2,1,3
MAX_LEDS < ARRAY_SIZE(sixaxis_leds[0]),2,1,3
!conn->ksnc_rx_scheduled,2,1,3
db->top <= 0,2,1,3
"__same_type((a), &(a)[0])",2,1,3
"""wrong name"", !strcmp(perf_evsel__name(evsel), ""mem:0:x:k"")",2,1,3
mp->m_sb.sb_versionnum & XFS_SB_VERSION_DIRV2BIT,2,1,3
atomic_read(&mm->mm_count) <= 0,3,0,3
libcfs_isknown_lnd(lnd->lnd_type),2,1,3
XFS_IS_GQUOTA_ON(mp),1,2,3
ARRAY_SIZE(ath9k_2ghz_chantable) + ARRAY_SIZE(ath9k_5ghz_chantable) != ATH9K_NUM_CHANNELS,2,1,3
obj_request->xferred < (u64)UINT_MAX,2,1,3
rs->rs_on_net,2,1,3
list_empty(&timer->stt_list),2,1,3
&memcg_create_mutex,2,1,3
FAN_ONDIR != FS_ISDIR,2,1,3
ipi_from_irq(irq) != ipi,2,1,3
u,3,0,3
(char *)sfep - (char *)sfp == dp->i_d.di_size,2,1,3
y >= dev->info->var.yres,2,1,3
want,2,1,3
!cif,3,0,3
"strcmp(tgt_type_name, LUSTRE_OST_NAME) == 0",2,1,3
"sd, cpu, level, sched_domains_tmpmask",2,1,3
"(int)offsetof(lnet_hdr_t, type) == 24",2,1,3
EFX_FARCH_FILTER_TABLE_RX_MAC != (EFX_FARCH_FILTER_MAC_FULL >> 2),2,1,3
rbp->rbp_credits == rbp->rbp_nbuffers,2,1,3
(prod - cons) > sizeof(intf->out),2,1,3
"offsetof(struct ieee80211_tx_info, driver_data) + IEEE80211_TX_INFO_DRIVER_DATA_SIZE > sizeof(skb->cb)",2,1,3
first,2,1,3
mrq->data->blocks > host->max_blk_count,2,1,3
mc.moved_swap,2,1,3
dm,2,1,3
(int)sizeof(((lnet_hdr_t *)0)->msg.put.offset) == 4,2,1,3
iocb->private == NULL,2,1,3
nat->ct->status & IPS_SRC_NAT_DONE,2,1,3
list_empty( &sched->kss_zombie_noop_txs),2,1,3
msgtype == IBLND_MSG_GET_REQ || msgtype == IBLND_MSG_PUT_ACK,2,1,3
index >= 0 && index < LLOG_MAX_CTXTS,3,0,3
!list_empty(&crpc->crp_link),2,1,3
pid < 0,2,1,3
 lp != NULL,2,1,3
"bp, attn.sig[4] & group_mask->sig[4]",2,1,3
prefix != NULL,2,1,3
target->InitCredits != NULL,1,2,3
sizeof(struct westwood) > ICSK_CA_PRIV_SIZE,2,1,3
overlays == NULL,2,1,3
mapindex >= 0 && mapindex < XFS_ATTR_LEAF_MAPSIZE,2,1,3
!fn,2,1,3
sizeof(struct ieee802154_mac_cb) > sizeof(skb->cb),2,1,3
ARRAY_SIZE(device->attribute_group.attrs) < ARRAY_SIZE(fw_device_attributes) + ARRAY_SIZE(config_rom_attributes),2,1,3
&tid_agg_rx->reorder_lock,3,0,3
(requested_pid & LNET_PID_USERFLAG) == 0,2,1,3
protocol != htons(ETH_P_IPV6),2,1,3
(int)sizeof(((lnet_handle_wire_t *)0)->wh_interface_cookie) == 8,2,1,3
dev_priv->num_shared_dpll > I915_NUM_PLLS,2,1,3
ip != free_ip,2,1,3
lip->li_lv == NULL,2,1,3
(lp->lp_rtrcredits < 0) == !list_empty(&lp->lp_rtrq),2,1,3
buf->size != size,2,1,3
level == cur->bc_nlevels - 1,2,1,3
PTP_V1_SEQUENCE_OFFSET != PTP_V2_SEQUENCE_OFFSET,2,1,3
list_empty(&console_session.ses_grp_list),2,1,3
ai->unit_size < size_sum,2,1,3
from_item,2,1,3
req->rq_no_reply == 0,2,1,3
cm_id->event_handler==(void*)0x6b6b6b6b,2,1,3
skb2,2,1,3
(flags & ~(XFS_QMOPT_FORCE_RES | XFS_QMOPT_ENOSPC)) == XFS_TRANS_DQ_RES_RTBLKS || (flags & ~(XFS_QMOPT_FORCE_RES | XFS_QMOPT_ENOSPC)) == XFS_TRANS_DQ_RES_BLKS,2,1,3
root->root_key.objectid != btrfs_header_owner(path->nodes[level]),2,1,3
"test_bit(DMF_FREEING, &md->flags)",2,1,3
namelen == args->namelen,2,1,3
irq < 0 || irq >= IOAPIC_NUM_PINS,2,1,3
ips[i],2,1,3
layr->receive != NULL,3,0,3
sched->ws_nscheduled > 0,3,0,3
ieee754dp_isnan(x),2,1,3
be16_to_cpu(bestsp[db]) == oldbest,2,1,3
!vio->desc_buf,2,1,3
o2net_listen_sock == NULL,2,1,3
!(flags & BTRFS_EXTENT_FLAG_TREE_BLOCK),2,1,3
apic->isr_count > MAX_APIC_VECTOR,2,1,3
sizeof(cmd) != 16,2,1,3
sn != sfw_data.fw_session,2,1,3
(int)sizeof(((lnet_magicversion_t *)0)->magic) == 4,2,1,3
pag->pagf_levels[XFS_BTNUM_CNTi] == be32_to_cpu(agf->agf_levels[XFS_BTNUM_CNTi]),2,1,3
cpumask_empty(cpumask),1,2,3
"cur->bc_ops->recs_inorder(cur, rrp, xfs_btree_rec_addr(cur, 2, right))",2,1,3
!msg->msg_txcredit,2,1,3
pag->pagf_flcount == be32_to_cpu(agf->agf_flcount),2,1,3
"nf_nat_initialized(ct, maniptype)",2,1,3
be16_to_cpu(dup->length) >= length,2,1,3
NICK_NAME_SIZE < sizeof(card->shortname),2,1,3
sbi != NULL,2,1,3
leaf2->hdr.count == 0,2,1,3
!cfqq->allocated[rw],2,1,3
retry,2,1,3
!retval,2,1,3
"list_empty(&lock->l_pending_chain), ""lock %p next %p prev %p\n"", lock, &lock->l_pending_chain.next,&lock->l_pending_chain.prev",2,1,3
!buf || !vb,2,1,3
sizeof(struct jffs2_raw_summary) != 32,2,1,3
MC_CMD_GET_BOARD_CFG_IN_LEN != 0,2,1,3
ksocknal_data.ksnd_init == SOCKNAL_INIT_NOTHING,2,1,3
khugepaged_scan.address & ~HPAGE_PMD_MASK,2,1,3
!card->private_data,3,0,3
ltlen >= args->minlen,2,1,3
"jh, !jh->b_committed_data",2,1,3
(le16_to_cpu(ext->ee_len) & ~EXT_INIT_MAX_LEN) == 0,2,1,3
pScatterReq->TotalLength <= (u32)DEV_GET_MAX_BUNDLE_RECV_LENGTH(pDev),1,2,3
ar->arNodeNum <= MAX_NODE_NUM,1,2,3
ip->i_d.di_format == XFS_DINODE_FMT_BTREE,2,1,3
IN_CLOEXEC != O_CLOEXEC,2,1,3
host->sg_idx == host->sg_len,2,1,3
"atomic_read(&page_head->_count) <= 0, page_head",2,1,3
"test_bit(IWCM_F_CALLBACK_DESTROY, &cm_id_priv->flags)",2,1,3
conn->ksnc_tx_scheduled,3,0,3
hdr->magic == cpu_to_be32(XFS_DIR2_BLOCK_MAGIC) || hdr->magic == cpu_to_be32(XFS_DIR3_BLOCK_MAGIC),2,1,3
nd->nd_ref > 0,2,1,3
"fd2, F_SEAL_WRITE | F_SEAL_SHRINK",3,0,3
!(ch->flags & (XPC_C_CONNECTING | XPC_C_CONNECTED)),2,1,3
"info != NULL, return ret;",3,0,3
!data || !ldb,2,1,3
pVersion != NULL,1,2,3
scsi_sg_count(cmd) > h->maxsgentries,3,0,3
ioapic->rtc_status.pending_eoi != 0,2,1,3
(pos + len) > (dibh->b_size - sizeof(struct gfs2_dinode)),2,1,3
!(le16_to_cpu(header->frame_control) & IEEE80211_FCTL_RETRY),2,1,3
list_empty(&log->l_cilp->xc_cil),2,1,3
"!xfs_btree_ptr_is_null(cur, &cptr)",2,1,3
src_cnt + dmaf_continue(flags) < 2,2,1,3
sizeof(map) < db->db_size,2,1,3
dfp == &bf[2],2,1,3
!cachep,2,1,3
"ARRAY_SIZE(d) > 64, ""DCS sequence too big for stack""",2,1,3
first_frame + num_frames > pkt->frames,2,1,3
node->name == NULL,2,1,3
!block || !buffer,2,1,3
lli->lli_open_fd_read_count,2,1,3
priv->ready_last == NULL,2,1,3
o2net_listen_sock != NULL,2,1,3
atomic_read(&b->pin) != 1,2,1,3
dfp->length == dup->length,2,1,3
len == blksize,2,1,3
(int) width_mask >= 0 || width_bias >= (unsigned int) -width_mask,2,1,3
drv_data->rstc,3,0,3
nip <= LNET_MAX_INTERFACES,2,1,3
bk->bk_niov * SFW_ID_PER_PAGE >= (unsigned int)ndest,2,1,3
*grants >= 0,3,0,3
vcpu->kvm == NULL,2,1,3
root->reloc_root != reloc_root,3,0,3
IN_ACCESS != FS_ACCESS,2,1,3
(mask & ATTR_SIZE) == 0,2,1,3
FAN_Q_OVERFLOW != FS_Q_OVERFLOW,2,1,3
!smu_base || (offs >= PAGE_SIZE),2,1,3
lli->lli_open_fd_exec_count,2,1,3
"""wrong config"", !strcmp(term->config, ""umask"")",2,1,3
!state || !ph1,2,1,3
be16_to_cpu(dfp[-1].length) >= be16_to_cpu(dfp[0].length),2,1,3
tf->command,2,1,3
io_req->abts_done,3,0,3
from == to,2,1,3
!mutex_is_locked(&inode1->i_mutex),2,1,3
!runtime->hw.channels_min,2,1,3
!mc->nobjs,2,1,3
(char *)dep - (char *)hdr == be16_to_cpu(*dp->d_ops->data_entry_tag_p(dep)),2,1,3
next == &init_mm,2,1,3
!tcp_conn->data_rx_tfm,1,2,3
fbdev_pdev != NULL,2,1,3
"""wrong name"", !strcmp(perf_evsel__name(evsel), ""cpu/config=2/u"")",2,1,3
fix_size > IL_MAX_CMD_SIZE,2,1,3
list_empty(&ksocknal_data.ksnd_connd_routes),2,1,3
journal->j_checkpoint_transactions == NULL,2,1,3
cbid->cbid_arg != LP_POISON,2,1,3
FAN_CLOSE_NOWRITE != FS_CLOSE_NOWRITE,2,1,3
osc_object_is_locked(ext->oe_obj),3,0,3
count < dx_get_limit(entries),2,1,3
pPacket->Endpoint == pEndpoint->Id,1,2,3
rblock->bb_u.l.bb_blkno == cpu_to_be64(XFS_BUF_DADDR_NULL),2,1,3
index > tx_queue->ptr_mask,2,1,3
pud_none(*pud) || pud_bad(*pud),2,1,3
dsi_module != 0,2,1,3
MC_CMD_SET_ID_LED_OUT_LEN != 0,2,1,3
nt,1,2,3
rs->rs_svc_ctx,2,1,3
sizeof (struct obj_mlmeex) != 14,2,1,3
"false, ""Can't obtain PCI resources\n""",2,1,3
block != mm->block_size,2,1,3
atomic_read(&route->ksnr_refcount) == 0,2,1,3
FAN_OPEN_PERM != FS_OPEN_PERM,2,1,3
strlen(name) >= sizeof ep->name,2,1,3
start < BCM_SYS_EMI_START_ADDR,3,0,3
!cfqd->busy_queues,2,1,3
"!(lockres->l_flags & USER_LOCK_QUEUED), ""Lockres %.*s, flags 0x%x\n"", lockres->l_namelen, lockres->l_name, lockres->l_flags",2,1,3
pd->tx_buffers[index].skb,2,1,3
list_empty(&ep->hep->urb_list),3,0,3
EFX_FARCH_FILTER_TABLE_RX_IP != (EFX_FARCH_FILTER_TCP_WILD >> 2),2,1,3
!plug,3,0,3
rlen >= args->minlen && rlen <= args->maxlen,2,1,3
ip->i_ino == 0,2,1,3
!dev->hw_ops.enable,2,1,3
!p || p->ports[port] != np,2,1,3
order == 0,2,1,3
&rk_domain->dt_lock,3,0,3
head_up != NULL,2,1,3
cpu_to_apicid == NULL,2,1,3
block->bb_level != 0,2,1,3
&nlru->lock,3,0,3
"key_bytes == 0 || key, SKEIN_FAIL",3,0,3
unit != nr_units,2,1,3
!sg_is_last(ret),2,1,3
list_empty(&wi->wi_list),3,0,3
rlen % args->prod == args->mod,2,1,3
memory->dev.bus != &memory_subsys,2,1,3
!list_empty(&kc->complete_jobs),2,1,3
device->writeable,2,1,3
"""Wrong data"", buf[i] == (i % 10)",2,1,3
!dev->hw_ops.get_image_window,2,1,3
!data || !frags,2,1,3
asoc->peer.primary_path == NULL,2,1,3
oldsfp->i8count == 1,2,1,3
req->tsr_is_client,2,1,3
RB_EMPTY_NODE(&last->rb_node),2,1,3
nid < 0 || nid >= MAX_NUMNODES,2,1,3
txo->sent_skb_list[head],2,1,3
pReq->CompletionRoutine != NULL,1,2,3
tcp_hdr(skb)->rst,2,1,3
dst->bc_private.b.flist == src->bc_private.b.flist,2,1,3
!hcd,3,0,3
sgi_source_id && irq >= VGIC_NR_SGIS,2,1,3
!dev->hw_ops.set_buftype,2,1,3
args->minlen <= agsize,2,1,3
!(port->ip_sscr & SSCR_DMA_EN),2,1,3
"DIV_ROUND_UP(ETHTXQ_MAX_HDR, TXD_PER_EQ_UNIT) > 1",2,1,3
intr_mode != VNIC_DEV_INTR_MODE_MSIX,3,0,3
((__ticket_t)NR_CPUS) != NR_CPUS,2,1,3
buffer->buf.dma_addr & (EFX_BUF_SIZE - 1),2,1,3
par->hooknum == NF_INET_PRE_ROUTING || par->hooknum == NF_INET_POST_ROUTING || par->hooknum == NF_INET_LOCAL_OUT || par->hooknum == NF_INET_LOCAL_IN,2,1,3
le->users >= 0,3,0,3
sizeof(struct xhci_stream_ctx) != 4*32/8,2,1,3
"self->dtsap_sel_data != 0, return -1;",2,1,3
index >= sblock->page_count,3,0,3
range != NULL,2,1,3
!dfp->length,2,1,3
!cpu_online(cpu_id),2,1,3
ftl->readonly,3,0,3
txq_avail(&q->q) < TXQ_STOP_THRES,2,1,3
ltnew >= ltbno,2,1,3
pPacket->Endpoint == ENDPOINT_0,1,2,3
sco->meta_slots_used > max_slots_needed,1,2,3
nelems != 1,2,1,3
!list_empty(&bep->queue),2,1,3
el_size != 1 && el_size != 2 && el_size != 4 && el_size != 8,2,1,3
!list_empty(&chunk->list),2,1,3
"max(internal_csi_format_idx, csi_format_idx) + pixel_order >= ARRAY_SIZE(smiapp_csi_data_formats)",2,1,3
count_fsb > 0,2,1,3
isp->ref_count == 0,2,1,3
!__is_kfree_rcu_offset(offset),2,1,3
error == -EEXIST,2,1,3
!list_empty(&cfqq->fifo),2,1,3
ar,2,1,3
hdr->length >= sizeof(dev->rd_msg_buf),2,1,3
id.pid != LNET_PID_ANY,2,1,3
status != NULL,2,1,3
cm_id->state != IB_CM_IDLE,2,1,3
svsk->sk_pages[i] == NULL,2,1,3
cur->bc_btnum == XFS_BTNUM_CNT,2,1,3
sizeof(dma_addr_t) != sizeof(netdrv_addr_t),2,1,3
nr_pages < lvl_pages,2,1,3
BMI_COMMAND_FITS(sizeof(cid) + sizeof(ROM_addr) + sizeof(RAM_addr) + sizeof(nbytes) + sizeof(do_activate)),1,2,3
!bits,2,1,3
cpu_online(scpu),2,1,3
desc->bd_iov_count > 0,2,1,3
!list_empty(&nets),2,1,3
&jh->b_transaction->t_journal->j_list_lock,2,1,3
atomic_read(&sec->ps_refcount) == 0,2,1,3
norm >= BTTV_TVNORMS,2,1,3
"(count < 100), ""Write wake up frame mask FAIL %d value!\n"", tmp",2,1,3
sizeof(struct sha1_state) % 4,2,1,3
new->bno + new->length <= busyp->bno,2,1,3
!(rec.ir_free & XFS_INOBT_MASK(off)),2,1,3
drop_blk->index < nodehdr.count,2,1,3
list_empty(&sbi->s_orphan),2,1,3
"sbi, !et",2,1,3
dist >= 1,2,1,3
rblock->bb_level != 0,2,1,3
"wait_uwire_csr_flag(CSRB, 0, 0)",2,1,3
tip->i_delayed_blks == 0,2,1,3
cinfo->btype != BT_NONE,2,1,3
fsblocks <= XFS_SYMLINK_MAPS,1,2,3
ep->rcv_seq != (ntohl(hdr->seq) + dlen),2,1,3
NULL == pt || NULL == pt->cpu,2,1,3
block->key_ready,2,1,3
XFS_IS_REALTIME_INODE(ip),2,1,3
LNET_MSG_PUT == 1,2,1,3
ctx->h.b_cnt == SKEIN_1024_BLOCK_BYTES,2,1,3
channel->compl_index < channel->length,2,1,3
"jh, buffer_dirty(jh2bh(jh)) || buffer_jbddirty(jh2bh(jh))",2,1,3
dests != NULL,2,1,3
"!domain_pfn_supported(domain, last_pfn)",3,0,3
"xfs_isilocked(ip, XFS_ILOCK_SHARED|XFS_ILOCK_EXCL)",2,1,3
drop_blk->index >= 0,2,1,3
(int)sizeof(((lnet_hdr_t *)0)->payload_length) == 4,2,1,3
ai->groups[0].nr_units != num_possible_cpus(),2,1,3
pos != NULL,2,1,3
sizeof(struct txdma_mailbox) != 64,2,1,3
ARRAY_SIZE(p54u_fwlist) != __NUM_P54U_HWTYPES,2,1,3
libcfs_isknown_lnd(lnd_type),2,1,3
d_backing_inode(dentry),3,0,3
wc->refs[level] == 0,3,0,3
(route->ksnr_connected & (1 << conn->ksnc_type)) != 0,2,1,3
lowbit > 7,2,1,3
st->in_len <= 0,2,1,3
pProtocol->HCIConfig.pHCIPktRecv != NULL,1,2,3
PageWriteback(vmpage),2,1,3
0 == sglen,2,1,3
IN_MOVED_TO != FS_MOVED_TO,2,1,3
nbh == obh,2,1,3
pd->tx_buffers[index].mapping,2,1,3
findex < dp->d_ops->free_max_bests(args->geo),2,1,3
port >= PORT_COUNT,2,1,3
!code,2,1,3
d_is_reg(object->backer),3,0,3
!list_empty(&rnet->lrn_routes),2,1,3
"bkey_cmp(where, &START_KEY(k)) < 0",2,1,3
protocol < 0 || protocol > RTNL_FAMILY_MAX,3,0,3
tg->td->nr_queued[rw] <= 0,2,1,3
batch != NULL,2,1,3
res->state & DLM_LOCK_RES_DIRTY,2,1,3
list_empty(&stt_data.stt_hash[i]),2,1,3
at == p - 1,2,1,3
(int)sizeof(((lnet_hdr_t *)0)->msg.put.ack_wmd) == 16,2,1,3
sv->sv_id == SRPC_SERVICE_BRW,2,1,3
!mk,2,1,3
imp,2,1,3
status & L3_STATUS_0_TIMEOUT_MASK,2,1,3
args->agbno + args->len <= be32_to_cpu(XFS_BUF_TO_AGF(args->agbp)->agf_length),2,1,3
IN_CREATE != FS_CREATE,2,1,3
"bh_in, buffer_jbddirty(bh_in)",2,1,3
maxlen == 0,2,1,3
"test_bit(CONFIG_PENDING, &mdev->flags)",1,2,3
!list_empty(&rpc->crpc_list),2,1,3
wi == &tsu->tsu_worker,2,1,3
child != 0,2,1,3
sn->sn_timeout != 0,2,1,3
!viadev->tbl_entries,3,0,3
header->size != 16,2,1,3
(int)sizeof(((lnet_hdr_t *)0)->msg.get.ptl_index) == 4,2,1,3
"dev_priv, PIPE_A",2,1,3
ARRAY_SIZE(b43_qos_shm_offsets) != ARRAY_SIZE(wl->qos_params),3,0,3
" offsetof(struct ieee80211_tx_info, status.ack_signal) != 20",3,0,3
ref_obsolete(tn->fn->raw),2,1,3
"strcmp(tgt_type_name, LUSTRE_OSC_NAME) == 0",2,1,3
err != O2NET_ERR_NONE && trans == 0,2,1,3
pathlen == 0,3,0,3
"params_size + sizeof(""escan"") >= BRCMF_DCMD_MEDLEN",2,1,3
FAN_MODIFY != FS_MODIFY,2,1,3
state->inleaf == 0,2,1,3
(perms) < 0,2,1,3
"sbi, GET_SIT_VBLOCKS(raw_sit) > sbi->blocks_per_seg || segno > TOTAL_SEGS(sbi) - 1",2,1,3
pConnectReq->ServiceID != 0,1,2,3
"bkey_cmp(where, k) > 0",2,1,3
(pDev->BlockSize & (pDev->BlockSize - 1)) == 0,1,2,3
hp->n_outbuf < 0,2,1,3
"test_bit(DEVICE_DYING, &mdev->flags)",1,2,3
!vi,2,1,3
xics_host == NULL,2,1,3
index == IBM_VETH_INVALID_MAP,2,1,3
index == leafhdr.count || be32_to_cpu(ents[index].hashval) >= args->hashval,2,1,3
done >= sky2->tx_ring_size,2,1,3
!crops[i],2,1,3
header->service_id > 8,2,1,3
nd != NULL && rpc != NULL,2,1,3
(char *)sfep - (char *)sfp == size,2,1,3
atomic_read(&conn->ksnc_sock_refcount) == 0,2,1,3
!r->region_ops,3,0,3
atomic_read(&rs->rs_refcount) == 0,2,1,3
&exp->exp_locks_count,2,1,3
state->path.blk[0].bp,2,1,3
req->nr_phys_segments + 2 > vblk->sg_elems,2,1,3
oldblk->index >= 0 && oldblk->index <= nodehdr.count,2,1,3
!dev->em28xx_write_regs_req || !dev->em28xx_read_reg_req,2,1,3
vc == NULL,2,1,3
rbp->rbp_credits > 0,2,1,3
ichdr->freemap[mapindex].size < args->geo->blksize,2,1,3
*index_p >= 0,2,1,3
info.si_code & __SI_MASK,2,1,3
fbdev->ctrl == NULL || fbdev->panel == NULL,2,1,3
dbitno + nblocks <= BPERDMAP,3,0,3
!pdata->ioaddr,2,1,3
blk1->blkno >= args->geo->leafblk && blk1->blkno < args->geo->freeblk,2,1,3
dmabuf->vmapping_counter == 0,2,1,3
!schan->desc_num,3,0,3
nets->next == nets->prev,2,1,3
ep < ENDPOINT_MAX,1,2,3
"oldid, page",2,1,3
!rp,3,0,3
NR_PAGEFLAGS > 32,2,1,3
"gl, !list_empty(&gl->gl_holders)",2,1,3
"NULL, self->prog.filter",3,0,3
sleep_flag == NO_SLEEP,2,1,3
"(int)offsetof(lnet_hdr_t, msg.put.offset) == 68",2,1,3
scsi_sg_count(sc) > shost->sg_tablesize,2,1,3
!(_C(init) && _C(cleanup) && _C(get_caps) && _C(set_update_mode) && _C(setup_plane) && _C(enable_plane) && _P(init) && _P(cleanup) && _P(enable) && _P(disable) && _P(get_caps)),2,1,3
!list_empty(&osd->o_osd_lru),2,1,3
!(vio->dr_state & VIO_DR_STATE_RXREG),2,1,3
!req->curr_desc,2,1,3
be64_to_cpu(d->d_icount) >= -qtrx->qt_icount_delta,2,1,3
ids_up != NULL,2,1,3
rx_conf.src_addr_width != tx_conf.dst_addr_width,2,1,3
pll_desc_id < 1 || pll_desc_id >= ARRAY_SIZE(pll_list),2,1,3
!card->vlan[GELIC_PORT_WIRELESS].tx,2,1,3
PCI_COMMAND + 2 != PCI_STATUS,2,1,3
"test_and_set_bit(i, irq_map)",2,1,3
"dma_addr != NULL, return NULL",1,2,3
CreditDistFunc != NULL,1,2,3
!fops,2,1,3
pCredInfo->CurrentFreeCredits <= pCredInfo->TotalAvailableCredits,1,2,3
"false, ""%s : Cannot enable new PCI device\n"", pci_name(pdev)",2,1,3
tx_buffer->skb,2,1,3
atomic_read(&ch->kthreads_idle) != 0,2,1,3
list_empty(&grp->grp_ndl_hash[i]),2,1,3
sizeof(struct jffs2_raw_dirent) != 40,2,1,3
super->s_rename_dir,3,0,3
!list_empty(&vnode->granted_locks),2,1,3
IEEE80211_TX_MAX_RATES < CARL9170_TX_MAX_RATES,2,1,3
IEEE80211_MAX_SSID_LEN != IEEE80211_MAX_MESH_ID_LEN,3,0,3
gid >= NUM_TIDS,2,1,3
dmabuf->vmap_ptr,2,1,3
net1 != LNET_NIDNET(LNET_NID_ANY),2,1,3
!page->private,1,2,3
28 > MAXSGENTRIES + 4,2,1,3
!dev->hw_ops.get_buftype,2,1,3
"!(i < MAX_IOC4_INTR_ENTS || (printk(""i %d\n"", i), 0))",2,1,3
ksp->tx_buffers[buff_n].skb,2,1,3
tf->control & BMU_OWN,2,1,3
o2nm_single_cluster != cluster,2,1,3
!(_vq)->in_use,2,1,3
busy != NULL,1,2,3
bio->bi_idx == 0,1,2,3
!test_clear_buffer_journal_dirty (cn->bh),2,1,3
rbd_dev->parent != NULL,2,1,3
!base_addr,2,1,3
"request->rq_rqbd == NULL, ""req %p\n"", request",2,1,3
args->index >= 0 && args->index <= ichdr.count,2,1,3
journal->j_barrier_count != 0,2,1,3
BMI_COMMAND_FITS(sizeof(cid) + sizeof(rompatch_id)),1,2,3
!mantis,2,1,3
sizeof(struct md5_state) % 4,2,1,3
"false, ""Another mac power off over time\n""",2,1,3
cn->blocknr != saved_bh->b_blocknr,2,1,3
!(gen_spec->flags & EFX_FILTER_FLAG_RX),2,1,3
"of_address_to_resource(master, 0, &r)",2,1,3
econf->eoc_md,2,1,3
m->magic != be32_to_cpu(~CCWR_MAGIC),2,1,3
is_enabled(),2,1,3
journal->j_committing_transaction != transaction,2,1,3
end & ~PAGE_MASK,2,1,3
pte_huge(*ptep),2,1,3
!is_power_of_2(dd->rcvegrbufsize),3,0,3
"call->conn, ==, conn",2,1,3
rs->rs_cb_id.cbid_arg == rs,2,1,3
HTC_QUEUE_EMPTY(&sendQueue),1,2,3
!frags || !ldb,2,1,3
args->index2 < ichdr2.count,2,1,3
IN_ONESHOT != FS_IN_ONESHOT,2,1,3
cl_lock_nr_mutexed(env) == 0,3,0,3
res->owner == dlm->node_num,3,0,3
!gic->saved_ppi_enable,2,1,3
mal->num_rx_chans <= 0 || mal->num_rx_chans > 32,2,1,3
conf->sc_updated == 0,2,1,3
"!domain_pfn_supported(domain, start_pfn)",3,0,3
*count_p > 0,2,1,3
"""wrong type term"", term->type_term == PARSE_EVENTS__TERM_TYPE_CONFIG",2,1,3
(max >= 0) && (max < XFS_DA_NODE_MAXDEPTH),2,1,3
khugepaged_scan.mm_slot != mm_slot,2,1,3
state->path.active == 1,2,1,3
"(end_xdr - xdr) << 2, ==, toklen",3,0,3
root == root->fs_info->tree_root,2,1,3
ip->i_df.if_real_bytes == 0,2,1,3
pci_bus_count > map_prop->length,2,1,3
*sep1 == '[',2,1,3
!st,2,1,3
msg->msg_kiov != NULL,2,1,3
IN_ATTRIB != FS_ATTRIB,2,1,3
"""Wrong data"", !memcmp(buf, data->data, 10)",2,1,3
XFS_QM_TRANS_MAXDQS == 2,2,1,3
n_desc >= TX_DESCS,2,1,3
rc >= 0 || rc == -EOVERFLOW,2,1,3
reply != NULL,2,1,3
hdr1.stale + hdr2.stale == oldstale,2,1,3
i == ARRAY_SIZE(labels),2,1,3
mirror_num != bbio->mirror_num,2,1,3
!dev->hw_ops.get_frame_format,2,1,3
&rxq->lock,3,0,3
!dev->hw_ops.open,2,1,3
sizeof (struct obj_frequencies) != 2,2,1,3
"test_bit(STRIPE_HANDLE, &sh->state)",2,1,3
k && le32_to_cpu(ix->ei_block) <= le32_to_cpu(ix[-1].ei_block),2,1,3
lip->li_ailp = tp->t_mountp->m_ail,1,2,3
crpc->crp_status == 0,2,1,3
"cur->bc_ops->recs_inorder(cur, xfs_btree_rec_addr(cur, lrecs - 1, left), lrp)",2,1,3
(lock_flags & (XFS_MMAPLOCK_SHARED | XFS_MMAPLOCK_EXCL)) != (XFS_MMAPLOCK_SHARED | XFS_MMAPLOCK_EXCL),3,0,3
"(int)offsetof(lnet_hdr_t, msg.ack.dst_wmd) == 32",2,1,3
rpc == NULL,2,1,3
path->slots[0],2,1,3
list_empty(&cohc->active),2,1,3
!(port->ip_sscr & IOC4_SSCR_DMA_EN),2,1,3
SOCKLND_CONN_ACK == SOCKLND_CONN_BULK_IN,2,1,3
args->agbno + args->len <= tend,2,1,3
"""Unsupported prio_attr: %02x.\n"", cmd_iu->prio_attr",2,1,3
peer->ksnp_error == 0,2,1,3
sfp->i8count != 0,2,1,3
ARRAY_SIZE(mem_cgroup_lru_names) != NR_LRU_LISTS,2,1,3
ev->type == LNET_EVENT_SEND || ev->type == LNET_EVENT_REPLY || ev->type == LNET_EVENT_UNLINK,2,1,3
m->offset <= prop->val.len,2,1,3
val_buf->bo == NULL,2,1,3
pd->phy_dev,2,1,3
task_cpu(p) != new_cpu,2,1,3
ltnew + rlen <= be32_to_cpu(XFS_BUF_TO_AGF(args->agbp)->agf_length),2,1,3
!pqp,2,1,3
cli->cl_writeback_work != NULL,2,1,3
n_peerips <= LNET_MAX_INTERFACES,2,1,3
!(ch->flags & XPC_C_CONNECTED),2,1,3
pool->used < pool->size,2,1,3
(int)sizeof(((lnet_hdr_t *)0)->msg.ack.mlength) == 4,2,1,3
state->path.active == 0,2,1,3
nimaps,2,1,3
index == leafhdr.count || (args->op_flags & XFS_DA_OP_OKNOENT),2,1,3
port > 3,2,1,3
!irqlock,2,1,3
ARRAY_SIZE(max_async) - 1 != SCODE_3200,2,1,3
!list_empty(&lock->bast_list),3,0,3
datapairs > 3 || datapairs < 1,2,1,3
sec->ps_import,2,1,3
sp->batch_done.head != head,2,1,3
(int)sizeof(((lnet_hdr_t *)0)->msg.put.hdr_data) == 8,2,1,3
!module,2,1,3
be32_to_cpu(entry->hashval) == args->hashval,2,1,3
PagePinned(virt_to_page(pgd)),2,1,3
ARRAY_SIZE(enic->msix_entry) < n + m + 2,2,1,3
!(block & ~UBIFS_S_KEY_BLOCK_MASK),2,1,3
IN_Q_OVERFLOW != FS_Q_OVERFLOW,2,1,3
"rcu_deref_locked(*stackptr[-1], base) != t",2,1,3
"XFS_FSB_TO_AGNO(mp, args->fsbno) < mp->m_sb.sb_agcount",2,1,3
pfn >= MAX_P2M_PFN,2,1,3
!isnullstartblock(got.br_startblock),2,1,3
!list_empty(&rh->quiesced_regions),2,1,3
tx != NULL,2,1,3
HPT_SCP(scp)->sgcnt > hba->max_sg_descriptors,2,1,3
ordered->file_offset != file_pos || ordered->len != len,2,1,3
addr & (PT1_PAGE_SIZE - 1),2,1,3
"(int)offsetof(lnet_hdr_t, src_nid) == 8",2,1,3
num <= (HTC_MAILBOX_NUM_MAX - 1),1,2,3
start >> OCFS2_SB(sb)->s_clustersize_bits != (end - 1) >> OCFS2_SB(sb)->s_clustersize_bits,2,1,3
set_ras_addr_hook != NULL,2,1,3
lck_div < 1,2,1,3
!timer_base,2,1,3
tid < NUM_OF_TIDS,1,2,3
tmp_len <= 0,2,1,3
(n >= db->nelem) || (n < 0),2,1,3
ctx->active,2,1,3
bno >= busyp->bno + busyp->length,2,1,3
PAGE_SIZE < 4 * 1024,2,1,3
_factor,3,0,3
"offsetof(struct pt_regs, r15) != 0",2,1,3
!ISNULLSTARTBLOCK(prev.br_startblock),1,2,3
from->magic == XFS_DIR3_LEAF1_MAGIC || from->magic == XFS_DIR3_LEAFN_MAGIC,2,1,3
"! XFS_NOT_DQATTACHED(mp, dp)",2,1,3
nsbp->sb_rextents != 0,2,1,3
!loopback_idev,2,1,3
jh->b_next_transaction == transaction,2,1,3
s != start && s->offset,2,1,3
!sk,3,0,3
(int)sizeof(((lnet_hdr_t *)0)->src_pid) == 4,2,1,3
!pgsize,2,1,3
set->ref == 0,3,0,3
pHcidevInfo->pHCIDev != NULL,1,2,3
rc == 0 || active,2,1,3
list_empty(&peer->ksnp_zc_req_list),2,1,3
"cyber2000fb_decode_crtc(&hw, cfb, var) != 0",2,1,3
omap_obj->block,2,1,3
i.e. no hardware flow control,2,1,3
off >= 0 && off < XFS_INODES_PER_CHUNK,2,1,3
!sg->length,2,1,3
log_offset <= iclog->ic_size - 1,2,1,3
IN_CLOSE_WRITE != FS_CLOSE_WRITE,2,1,3
!(strlen(bnad_net_stats_strings[i]) < ETH_GSTRING_LEN),2,1,3
!s->count,3,0,3
j_len_saved <= 0,2,1,3
sizeof(skb->cb) < sizeof(struct qdisc_skb_cb) + sizeof(struct netem_skb_cb),1,2,3
list_empty(&vnode->granted_locks),2,1,3
!ubi->move_from && !ubi->move_to,2,1,3
!kvm_vcpu_trap_get_class(vcpu),2,1,3
"log != NULL, return;",3,0,3
(desc->bd_type == BULK_PUT_SINK && ev->type == LNET_EVENT_PUT) || (desc->bd_type == BULK_GET_SOURCE && ev->type == LNET_EVENT_GET) || ev->type == LNET_EVENT_UNLINK,2,1,3
pProtocol != NULL,1,2,3
(int)sizeof(((lnet_hdr_t *)0)->msg.get.match_bits) == 8,2,1,3
sock_diag_handlers[family] != hnld,2,1,3
!journal->j_running_transaction,2,1,3
nf_nat_amanda_hook != NULL,2,1,3
type,3,0,3
size % 4,2,1,3
"bh, !buffer_dirty(bh)",2,1,3
c->freeable_cnt == 0,2,1,3
sizeof(struct rxdma_mailbox) != 64,2,1,3
"false, ""8051 reset fail.\n""",2,1,3
qtrx,2,1,3
"""wrong name"", !strcmp(perf_evsel__name(evsel), ""krava"")",2,1,3
sn == sfw_data.fw_session,2,1,3
tcp_skb_pcount(skb) != 1 || tcp_skb_pcount(next_skb) != 1,2,1,3
list_empty(&peer->ksnp_tx_queue),2,1,3
!(lp.flags & LPROPS_INDEX),2,1,3
!(pss_ctl & __PSS_LMEM_INIT_DONE),2,1,3
iclog->ic_callback == 0,2,1,3
"!xfs_extent_busy_search(args->mp, args->agno, args->agbno, args->len)",2,1,3
(PAGE_SIZE >> 3) > ATOMIC_HASH_SIZE,2,1,3
!set->crtc->helper_private,2,1,3
timer->stt_func != NULL,2,1,3
service <= SRPC_FRAMEWORK_SERVICE_MAX_ID,2,1,3
rq->nr_running != 1,2,1,3
"XFS_FSB_TO_AGBNO(mp, args->fsbno) < agsize",2,1,3
"!lock_task_sighand(p, &flags)",2,1,3
BMI_COMMAND_FITS(BMI_DATASZ_MAX + sizeof(cid) + sizeof(address) + sizeof(length)),1,2,3
"!PageBalloon(page), page",2,1,3
!rpc->crpc_closed,2,1,3
&fh->vdev->fh_lock,2,1,3
sk != req->rsk_listener,2,1,3
sum > 0,2,1,3
tx->tx_niov >= 1,2,1,3
tb->skb != NULL,2,1,3
"hdw,!0",2,1,3
ip->i_d.di_uid == be32_to_cpu(udqp->q_core.d_id),2,1,3
item->ri_total > item->ri_cnt,2,1,3
snd_interval_empty(i),3,0,3
"qs->qs_holds < 0, ""node %u, holds %d\n"", node, qs->qs_holds",2,1,3
goal && PFN_PHYS(pfn) != goal,2,1,3
!list_empty(&sci->sc_segbufs),2,1,3
ip->i_flags & XFS_IRECLAIMABLE,2,1,3
!bus_priv,2,1,3
w == XFS_DATA_FORK,2,1,3
!kfd,3,0,3
header->version != 1,2,1,3
"""wrong precise_ip"", evsel->attr.precise_ip == 1",2,1,3
nd->nd_ref >= 1,2,1,3
rval == 0 || args->dp->i_d.di_size == args->geo->blksize,2,1,3
rpc->srpc_reqstbuf != NULL,2,1,3
code & ~0xf,2,1,3
"setup_irq(IRQ_RESCHEDULE, &resched_action)",2,1,3
epoch != map->epoch+1,2,1,3
ib_ptr == NULL,2,1,3
*sep2 == ']',2,1,3
msg->ksm_zc_cookies[1] != 0,2,1,3
from->magic == XFS_DIR3_FREE_MAGIC,2,1,3
inode->i_state & I_DIRTY && inode->i_nlink,2,1,3
ref_cnt >= EXT4_NOJOURNAL_MAX_REF_COUNT,2,1,3
"FIELD_SIZEOF(struct thread_info, cpu) != 4",3,0,3
txpeer->lp_txqnob >= 0,2,1,3
pStats != NULL,1,2,3
addr != 0x73A0,2,1,3
to->magic == XFS_DIR3_FREE_MAGIC,2,1,3
"(int)offsetof(lnet_hdr_t, msg.put.ack_wmd) == 32",2,1,3
context != NULL,2,1,3
sas_port_add(phy->port) != 0,2,1,3
ARRAY_SIZE(bcm2835_gpio_pins) != BCM2835_NUM_GPIOS,2,1,3
index == 0 || be32_to_cpu(ents[index - 1].hashval) <= args->hashval,2,1,3
"page->index != offset, page",3,0,3
tcp_sk(child)->fastopen_rsk != req,2,1,3
dev->ev_next > N_EVENT,2,1,3
goodPkts >= 0,1,2,3
!delayed_tr,2,1,3
atomic_read(&ksocknal_data.ksnd_nactive_txs) == 0,2,1,3
mididx,2,1,3
ddr_clk_post == 0 || ddr_clk_post > 255,2,1,3
"sdp, atomic_read(&sdp->sd_log_blks_free) == sdp->sd_jdesc->jd_blocks",2,1,3
!cursor->page,2,1,3
conf->reshape_progress == 0,2,1,3
!(res->state & DLM_LOCK_RES_MIGRATING),2,1,3
"!(ext4_test_inode_flag(inode, EXT4_INODE_EXTENTS))",2,1,3
(dst->bc_private.b.firstblock != NULLFSBLOCK) || (dst->bc_private.b.ip->i_d.di_flags & XFS_DIFLAG_REALTIME),2,1,3
sizeof(struct meta_data_on_disk) != 4096,2,1,3
(v & xfs_mask64hi(9)) == 0,2,1,3
!hlist_unhashed(&entry->d_u.d_alias),3,0,3
status == VXGE_HW_OK,2,1,3
ac->ac_status != AC_STATUS_FOUND,3,0,3
pPacket->pBuffer == A_NETBUF_DATA(pktSkb),1,2,3
num_frags > LEPP_MAX_FRAGS,2,1,3
et->et_ops != &ocfs2_dinode_et_ops,3,0,3
IN_DELETE_SELF != FS_DELETE_SELF,2,1,3
"dp->d_ops->sf_get_ino(sfp, sfep) == args->inumber",2,1,3
!list_empty(&ibinc->ii_frags),2,1,3
MAX_NUMNODES > 127,2,1,3
!dev->hw_ops.enum_pix,2,1,3
get_cpu_current_state(cpu) != CPU_STATE_OFFLINE,2,1,3
args->local_msgqueue_pa == 0,2,1,3
!dev->driver_priv,2,1,3
db->rptr->addr.dma == 0,2,1,3
ch_idx < 0 || ch_idx >= DMA_CHANNELS,3,0,3
"""wrong type term"", term->type_term == PARSE_EVENTS__TERM_TYPE_USER",2,1,3
*pptr < db->start || *pptr >= db->end,2,1,3
i + port_count > port_cnt,2,1,3
&exp->exp_rpc_count,2,1,3
le32_to_cpu(dp->ldp_flags) & LDF_COLLIDE,3,0,3
skb->end - skb->tail < grow,2,1,3
!bus_priv->devices[port],2,1,3
!nents,3,0,3
"!COMP_EFUSE, ""5G, Channel %d in Group not found\n"", chnl",2,1,3
sizeof(struct ieee80211_rx_status) > sizeof(skb->cb),2,1,3
"page, !=, NULL",3,0,3
bh_result->b_size >= (1 << inode->i_blkbits),2,1,3
callback == request_out_callback || callback == reply_in_callback || callback == client_bulk_callback || callback == request_in_callback || callback == reply_out_callback,2,1,3
!KEY_PTRS(replace_key),2,1,3
ichdr.freemap[i].base < args->geo->blksize,2,1,3
!dev->info,2,1,3
ret == sizeof(result),2,1,3
si->dma_tx.skb,2,1,3
!pd->tx_buffers[index].skb,2,1,3
!list_empty(&bdma_chan->queue),2,1,3
args->index >= 0 && args->index <= ichdr->count,2,1,3
net2 != LNET_NIDNET(LNET_NID_ANY),2,1,3
blk_queued_rq(req),2,1,3
(stats->ls_flags & LPROCFS_STATS_FLAG_NOPERCPU) == 0,2,1,3
de->d_op == &ll_d_ops,2,1,3
ev->type == LNET_EVENT_SEND || ev->type == LNET_EVENT_UNLINK,2,1,3
name_loc->namelen == args->namelen,2,1,3
prevdq,2,1,3
dfp2 == dfp,2,1,3
sf != NULL,2,1,3
"bpf_delete_elem(map_fd, &key) == 0",3,0,3
video->req_size,2,1,3
info->persistent_gnts_c != 0,2,1,3
skb->ip_summed != CHECKSUM_PARTIAL,2,1,3
grp->grp_ref == 1,2,1,3
lockrep != NULL,3,0,3
lprops->free + lprops->dirty == c->leb_size,3,0,3
blkif->persistent_gnt_c != 0,2,1,3
state->path.blk[0].magic == XFS_DA_NODE_MAGIC,2,1,3
count == 1,3,0,3
m->offset == ((char *)cp - val.val),2,1,3
super->s_victim_ino != ta->ino,3,0,3
rc == -EIO,3,0,3
writepos != sector_nr + reshape_sectors,2,1,3
data->rst,3,0,3
xpc_exiting == 1,2,1,3
nf_nat_tftp_hook != NULL,2,1,3
!max_bhs,3,0,3
"copy, >, 0",2,1,3
le32_to_cpu(insert_rec->e_cpos) < range,2,1,3
sizeof(struct xhci_run_regs) != (8+8*128)*32/8,2,1,3
pProt->CreditsConsumed >= 0,1,2,3
i != CP_NUM_STATS,2,1,3
!card || dev < 0 || dev > 1,3,0,3
slot >= nritems,2,1,3
dp->i_d.di_format != XFS_DINODE_FMT_BTREE,2,1,3
gfs2_glock_is_locked_by_me(ip->i_gl) == NULL,2,1,3
list_empty(&req->rq_timed_list),3,0,3
bd_count > 1,2,1,3
i >= nfrags,2,1,3
j++ < 1,2,1,3
(unsigned)nid >= nr_node_ids,2,1,3
super->s_rename_pos,3,0,3
!dtlb_entry,2,1,3
!asc_dvc->drv_ptr,2,1,3
vma->vm_flags & VM_PFNMAP,2,1,3
info->type != IRQT_IPI,2,1,3
PTP_V1_SEQUENCE_LENGTH != PTP_V2_SEQUENCE_LENGTH,2,1,3
pScatterReq->TotalLength <= (u32)DEV_GET_MAX_BUNDLE_SEND_LENGTH(pDev),1,2,3
index_p != NULL && count_p != NULL,2,1,3
wi == &rpc->crpc_wi,2,1,3
"(int)offsetof(lnet_hdr_t, msg.put.hdr_data) == 56",2,1,3
name_rmt->namelen == args->namelen,2,1,3
nat_t120_hook != NULL,2,1,3
sizeof(cmd.v1.target_ipv6_addr[0]) != sizeof(mvmvif->target_ipv6_addrs[0]),2,1,3
trans_id == journal->j_trans_id,2,1,3
nf_nat_irc_hook != NULL,2,1,3
ip->i_d.di_nlink >= 2,2,1,3
"qs->qs_heartbeating < 0, ""node %u, %d heartbeating\n"", node, qs->qs_heartbeating",2,1,3
rate < XFER_PIO_0,2,1,3
be64_to_cpu(dep->inumber) == dp->i_ino,2,1,3
be64_to_cpu(dep->inumber) != args->inumber,2,1,3
mpic->num_sources == 0,2,1,3
idx >= MAX_RT_PRIO,2,1,3
drop_blk->magic == XFS_ATTR_LEAF_MAGIC || drop_blk->magic == XFS_DIR2_LEAFN_MAGIC,2,1,3
dblk->index == off,2,1,3
last_zone != zone + pd->settings.size,2,1,3
"qs->qs_connected < 0, ""node %u, connected %d\n"", node, qs->qs_connected",2,1,3
align & (align - 1),2,1,3
!pud_present(*pud),3,0,3
retval != 0,2,1,3
"dev_priv, PIPE_C",2,1,3
lnet_find_lnd_by_type(lnd->lnd_type) == lnd,2,1,3
"ext4_test_inode_state(inode, EXT4_STATE_MAY_INLINE_DATA)",2,1,3
read_len > 64 - 4,2,1,3
ip_set_list[index]->ref == 0,2,1,3
ops == NULL,2,1,3
atomic && async,2,1,3
totsize > sizeof(xfs_attr_sf_hdr_t) || (args->op_flags & XFS_DA_OP_ADDNAME) || !(mp->m_flags & XFS_MOUNT_ATTR2) || dp->i_d.di_format == XFS_DINODE_FMT_BTREE,2,1,3
atomic_read(&tx->tx_refcount) == 1,2,1,3
!dev->hw_ops.get_line_length,2,1,3
"memcmp(args->name, name_rmt->name, args->namelen) == 0",2,1,3
sizeof (struct obj_mlme) != 12,2,1,3
ptr->s != 0,2,1,3
be32_to_cpu(tmp_info->back) == drop_blk->blkno,2,1,3
ar->arHtcTarget != NULL,1,2,3
i >= dev->num_tx_queues,2,1,3
node < 0,2,1,3
leaf->hdr.info.magic == cpu_to_be16(XFS_DIR2_LEAF1_MAGIC) || leaf->hdr.info.magic == cpu_to_be16(XFS_DIR3_LEAF1_MAGIC),2,1,3
list_empty(&atoms->work_list),3,0,3
!sblock->pagev[index]->page,3,0,3
tcp_skb_pcount(skb) <= 1 || (tp->snd_cwnd <= in_flight),2,1,3
fp->max_cos > BNX2X_MULTI_TX_COS,2,1,3
ARRAY_SIZE(hdr->len) != ARRAY_SIZE(lens),2,1,3
skb->len < skb->data_len,2,1,3
num_segs <= 1,2,1,3
!next,2,1,3
!rl,3,0,3
XFS_IS_PQUOTA_ON(mp),1,2,3
v == XFS_EXT_NORM || v == XFS_EXT_UNWRITTEN,2,1,3
0 == buf->pt[0].dma,2,1,3
!buffer_delay(bh),2,1,3
tegra_cpu_reset_handler_size > TEGRA_IRAM_RESET_HANDLER_SIZE,2,1,3
mask & ~ab8500_reg_init[i].mask,2,1,3
next > offset,2,1,3
pd->tx_ring[index].status & TDES0_OWN_,2,1,3
"!PageLocked(vmf.page), vmf.page",2,1,3
page_pools.epp_pools[p_idx][g_idx] != NULL,2,1,3
p_aggr && fn && dev,1,2,3
ni->page,3,0,3
leafhdr->stale == from - to,2,1,3
req->cmd_flags & (REQ_FLUSH | REQ_FUA),2,1,3
(lock_flags & ~(XFS_LOCK_MASK | XFS_LOCK_SUBCLASS_MASK)) == 0,3,0,3
gnttab_unmap_refs_sync(&unmap_data),3,0,3
"value != NULL, return;",3,0,3
"self != NULL, return -ENODEV;",3,0,3
(uprobe->offset & ~PAGE_MASK) + UPROBE_SWBP_INSN_SIZE > PAGE_SIZE,2,1,3
"dev_priv, PIPE_B",2,1,3
"vnode->flags & ((1 << AFS_VNODE_LOCKING) | (1 << AFS_VNODE_WRITELOCKED)), ==, 0",2,1,3
iommu->cmd_buf == NULL,2,1,3
"lnet_iov_nob (tx->tx_niov, tx->tx_iov) + lnet_kiov_nob(tx->tx_nkiov, tx->tx_kiov) == (unsigned int)tx->tx_nob",2,1,3
mpic->flags & MPIC_USES_DCR,2,1,3
be16_to_cpu(entry_d->nameidx) + tmp <= args->geo->blksize,2,1,3
jl->j_len <= 0,2,1,3
(int)sizeof(((lnet_hdr_t *)0)->msg.put.ptl_index) == 4,2,1,3
current->bio_list,3,0,3
SECCOMP_PHASE1_OK != 0,2,1,3
!sirfsoc_clockevent,2,1,3
"offsetof(struct gelic_card, descr) % 32",2,1,3
offset_in_page(size),3,0,3
transaction->t_shadow_list == NULL,2,1,3
forbidden_pages_map || free_pages_map,2,1,3
tdev->rst,3,0,3
"""No memory"", evlist",3,0,3
IN_NONBLOCK != O_NONBLOCK,2,1,3
ret != -ENOENT,2,1,3
&event->list_lock,2,1,3
!bio->bi_iter.bi_size,3,0,3
object_is_on_stack(cl),2,1,3
be32_to_cpu(agf->agf_flcount) <= XFS_AGFL_SIZE(mp),2,1,3
"""wrong type term"", term->type_term == PARSE_EVENTS__TERM_TYPE_CONFIG2",2,1,3
pep->tx_used_desc_q != pep->tx_curr_desc_q,2,1,3
NR_CPUS > 4096,2,1,3
magic == cpu_to_be16(XFS_DIR2_LEAFN_MAGIC) || magic == cpu_to_be16(XFS_DIR3_LEAFN_MAGIC) || magic == cpu_to_be16(XFS_ATTR_LEAF_MAGIC) || magic == cpu_to_be16(XFS_ATTR3_LEAF_MAGIC),2,1,3
sizeof(struct hstcp) > ICSK_CA_PRIV_SIZE,2,1,3
urb->actual_length > urb->transfer_buffer_length,3,0,3
mp->m_quotainfo != NULL,2,1,3
atomic_read(&ip->i_pincount) > 0,2,1,3
free != 0,2,1,3
&host->lock,3,0,3
ni->ni_peertimeout <= 0 || lnd->lnd_query != NULL,2,1,3
args->minlen > 0,2,1,3
"qs->qs_heartbeating == O2NM_MAX_NODES, ""node %u\n"", node",2,1,3
"(int)offsetof(lnet_hdr_t, dest_pid) == 16",2,1,3
slot == NULL,2,1,3
"page_mapcount(page) <= 0, page",2,1,3
FAN_ACCESS_PERM != FS_ACCESS_PERM,2,1,3
"0, ""called with bad set %u\n"", set",2,1,3
!ialloc_context && ip,2,1,3
ir->rst,3,0,3
frag >= MAX_SKB_FRAGS,2,1,3
PagePinned(virt_to_page(xen_get_user_pgd(pgd))),2,1,3
"page_count(page) == 0, page",3,0,3
"device, first <= last",3,0,3
(blocksizes[1] & (blocksizes[1] - 1)) == 0,1,2,3
LNET_PROTO_ACCEPTOR_VERSION == 1,2,1,3
ti == NULL || ti->ti_magic != NILFS_TI_MAGIC,3,0,3
buffer_jbd(bh),3,0,3
AR9170_MAX_VIRTUAL_MAC > ((CARL9170_TX_SUPER_MISC_VIF_ID >> CARL9170_TX_SUPER_MISC_VIF_ID_S) + 1),2,1,3
hdr.firstdb <= db,2,1,3
priv->intr_id == 0,2,1,3
!XFS_IS_QUOTA_ON(mp),2,1,3
!list_empty(&ordered_extent->list),2,1,3
pmd_none(*pmd) || pmd_bad(*pmd),2,1,3
ents[highstale].address == cpu_to_be32(XFS_DIR2_NULL_DATAPTR),2,1,3
ubi->good_peb_count == found_pebs + ubi->fm->used_blocks,2,1,3
tid < NUM_OF_TIDS && p_aggr,1,2,3
end <= start,2,1,3
needed <= 0,2,1,3
lli->lli_open_fd_write_count,2,1,3
(char *)ev->md.start >= rqbd->rqbd_buffer,2,1,3
(be32_to_cpu(save_info->forw) == drop_blk->blkno) || (be32_to_cpu(save_info->back) == drop_blk->blkno),2,1,3
target->EpCreditDistributionListHead->pNext != NULL,1,2,3
znode,3,0,3
w->lock != lock,2,1,3
EFX_FARCH_FILTER_TABLE_RX_IP != (EFX_FARCH_FILTER_TCP_FULL >> 2),2,1,3
(int)sizeof(((lnet_hdr_t *)0)->msg.ack.dst_wmd) == 16,2,1,3
channel != OMAP_DSS_CHANNEL_LCD2 && channel != OMAP_DSS_CHANNEL_LCD3,2,1,3
!ld->fb,2,1,3
reg >= 16,2,1,3
timeout > 0,1,2,3
NULL != q->curr,2,1,3
"!cpu_isset(cpu, *cptab->ctb_parts[cpt].cpt_cpumask)",1,2,3
(atomic_inc_return(&cl->remaining) & CLOSURE_REMAINING_MASK) <= 1,2,1,3
res != LP_POISON,2,1,3
list_empty(&ci->i_dirty_item),3,0,3
!static_key_enabled(work->key),2,1,3
idx >= BIOVEC_NR_POOLS,2,1,3
&new_backup->base.resv->lock.base,2,1,3
prop->val.len == sizeof(cell_t),2,1,3
mlen == 0 || msg != NULL,2,1,3
ev->offset + ev->mlength <= req->rq_repbuf_len,2,1,3
dataSyncBufs[i].osbuf != NULL,1,2,3
sctx->cur_ino != sctx->cmp_key->objectid,3,0,3
be16_to_cpu(entry_s->nameidx) >= ichdr_s->firstused,2,1,3
be16_to_cpu(entry_s->nameidx) + tmp <= args->geo->blksize,2,1,3
!mrq || !mrq->cmd || !mrq->data,3,0,3
crpc->crp_status != 0,2,1,3
sizeof(info->fw_version) < sizeof(rtl_fw->version),2,1,3
!usbdev,2,1,3
"sdp, !data_len",2,1,3
count > 256,2,1,3
EFX_FARCH_FILTER_TABLE_RX_IP != (EFX_FARCH_FILTER_UDP_WILD >> 2),2,1,3
(flags & PTLRPC_REPLY_MAYBE_DIFFICULT) || !rs->rs_difficult,2,1,3
(phandle != 0) && (phandle != -1),2,1,3
EFX_FARCH_FILTER_TABLE_TX_MAC != EFX_FARCH_FILTER_TABLE_RX_MAC + 2,2,1,3
c2_mq_empty(q),2,1,3
!buffer_unwritten(bh),2,1,3
STARTBLOCKVAL(del.br_startblock) > 0,1,2,3
"cgroup_css(cgrp, ss)",2,1,3
slots > MAX_SLOTS,2,1,3
rbd_dev->watch_event,2,1,3
ch_flags & XPC_C_SETUP,2,1,3
c2_port->tx_ring.to_use != c2_port->tx_ring.to_clean,2,1,3
!PageWriteback(page),2,1,3
sizeof(long) % sizeof(u32),2,1,3
!te,2,1,3
qc->n_elem == 1,1,2,3
!work_pending(&call->async_work),2,1,3
opcode != CEPH_OSD_OP_NOTIFY_ACK && opcode != CEPH_OSD_OP_WATCH,2,1,3
list_empty(&local_empty),2,1,3
MC_CMD_GET_CAPABILITIES_IN_LEN != 0,2,1,3
dsi_module != 1,2,1,3
!data || !vm,2,1,3
"(int)offsetof(lnet_hdr_t, msg.get.ptl_index) == 56",2,1,3
iommu->evt_buf == NULL,2,1,3
dqp->q_logitem.qli_dquot == dqp,2,1,3
blk1->magic == XFS_ATTR_LEAF_MAGIC,2,1,3
sizeof(skb->cb) < sizeof(unsigned int) + sz,2,1,3
t->data,2,1,3
stats->ls_percpu[cpuid] == NULL,2,1,3
pRecord->Length >= sizeof(HTC_CREDIT_REPORT),1,2,3
offset >= 0 && (u32)offset < mempool->memblock_size,2,1,3
info->screen_size > 0,2,1,3
l->l_resource->lr_type == LDLM_EXTENT,2,1,3
error != -EEXIST,2,1,3
data,3,0,3
best >= 0,2,1,3
"!xfs_btree_ptr_is_null(cur, &rptr) || !xfs_btree_ptr_is_null(cur, &lptr)",2,1,3
bytesleft,2,1,3
!ocfs2_sparse_alloc(OCFS2_SB(sb)),2,1,3
!lntmsg->msg_routing,2,1,3
isMcastQueued == false,1,2,3
(mddev->dev_sectors & ~((sector_t)reshape_sectors - 1)) - reshape_sectors - stripe_addr != sector_nr,2,1,3
obh != NULL,2,1,3
transferLength,1,2,3
(exit_code & (0x7f | ~0xffff)) != SIGTRAP,2,1,3
"offsetof(struct inet_request_sock, ir_cookie) != offsetof(struct sock, sk_cookie)",2,1,3
(sizeof(t) > 4) && !__TYPE_IS_L(t) && !__TYPE_IS_UL(t) && !__TYPE_IS_PTR(t),2,1,3
!dfp[1].length,2,1,3
leafhdr->stale > 1,2,1,3
ipv6_hdr(skb)->nexthdr != NEXTHDR_TCP,2,1,3
msg->outsize > EC_PROTO2_MAX_PARAM_SIZE,2,1,3
sizeof(struct xhci_ep_ctx) != 8*32/8,2,1,3
!(lockres->l_flags & OCFS2_LOCK_BUSY),3,0,3
buf & 0x07,2,1,3
!(crypt_stat->flags & ECRYPTFS_ENCRYPTED),3,0,3
!crypt_stat || !crypt_stat->tfm || !(crypt_stat->flags & ECRYPTFS_STRUCT_INITIALIZED),2,1,3
npeer_ipaddrs <= LNET_MAX_INTERFACES,2,1,3
IN_IGNORED != FS_IN_IGNORED,2,1,3
"!COMP_INIT, ""Invalid RegAddr 0x%x\n"", regaddr",2,1,3
"PageWriteback(page), page",3,0,3
FAN_EVENT_ON_CHILD != FS_EVENT_ON_CHILD,2,1,3
pfn + count > cma->base_pfn + cma->count,2,1,3
!drv->core.core.name,2,1,3
bp->b_flags & XBF_STALE,2,1,3
channel < 0 || channel >= mal->num_rx_chans,2,1,3
be16_to_cpu(dfp->offset) + be16_to_cpu(dfp->length) <= off,2,1,3
dents_up != NULL,2,1,3
bio->bi_size > 0,1,2,3
!ldb,2,1,3
offset + len <= (char *)dup + be16_to_cpu(dup->length) - (char *)hdr,2,1,3
channel->status == MUSB_DMA_STATUS_UNKNOWN || channel->status == MUSB_DMA_STATUS_BUSY,3,0,3
!processed,2,1,3
"jh, expr",2,1,3
hwif->handler != NULL,2,1,3
entry->flags & XFS_ATTR_INCOMPLETE,2,1,3
lp->tx_skbs[lp->tfd_start].skb,2,1,3
pmd_none(*pmd),2,1,3
pBMICmdBuf,1,2,3
cpu >= 0 && cpu < NR_CPUS,1,2,3
EFX_FARCH_FILTER_TABLE_RX_MAC != (EFX_FARCH_FILTER_MAC_WILD >> 2),2,1,3
first_frame < 0,2,1,3
nblk == rpc->crpc_bulk.bk_niov,2,1,3
msg_byte_cnt + ctx->h.b_cnt <= SKEIN_1024_BLOCK_BYTES,2,1,3
credits < 0,2,1,3
ctx->cc_sec == sec,2,1,3
!mem || !mem->dma.sglen,2,1,3
item->ri_total <= XLOG_MAX_REGIONS_IN_ITEM,1,2,3
mip->ra_want >= 0,2,1,3
mrq->data->blocks * mrq->data->blksz > host->max_req_size,2,1,3
maniptype == NF_NAT_MANIP_SRC || maniptype == NF_NAT_MANIP_DST,2,1,3
msg->ksm_zc_cookies[1] == 0,2,1,3
len < 1 || len > 4,2,1,3
tp->pci_dev != NULL,2,1,3
offset >= loc->xl_size,2,1,3
pCredInfo->CurrentFreeCredits >= 0,1,2,3
!(ch->flags & XPC_C_CONNECTING),2,1,3
"""wrong config"", PERF_COUNT_HW_CACHE_REFERENCES == evsel->attr.config",2,1,3
(n < 0) || (n >= db->nelem),2,1,3
list_empty(&crpc->crp_link),2,1,3
src_channels[channel].area.first % 8 || src_channels[channel].area.step % 8,3,0,3
pRecord->Length >= sizeof(HTC_BUNDLED_LOOKAHEAD_REPORT),1,2,3
channel < 0 || channel >= mal->num_tx_chans,2,1,3
card->tx_buffer == NULL,2,1,3
it,2,1,3
!rc,2,1,3
!(ch->flags & XPC_C_CLOSEREPLY),2,1,3
skge->tx_ring.to_use != skge->tx_ring.to_clean,2,1,3
ldu->ldu_memhog_root_page == NULL,2,1,3
offset + (sfp->count + 2) * (uint)sizeof(xfs_dir2_leaf_entry_t) + (uint)sizeof(xfs_dir2_block_tail_t) <= args->geo->blksize,2,1,3
cur_bd >= RX_BUF_NUM,2,1,3
IN_MOVED_FROM != FS_MOVED_FROM,2,1,3
atomic_read(&bp->b_hold) >= 1,2,1,3
out == NULL,2,1,3
dp->i_df.if_bytes == oldsize,2,1,3
&cgrp->pidlist_mutex,3,0,3
!dfp[2].length,2,1,3
ksocknal_data.ksnd_peers != NULL,2,1,3
sizeof(struct hybla) > ICSK_CA_PRIV_SIZE,2,1,3
!(direction & ITER_KVEC),2,1,3
pd->tx_buffers,2,1,3
!S_ISDIR(sip->i_d.di_mode),2,1,3
blk2->blkno >= args->geo->leafblk && blk2->blkno < args->geo->freeblk,2,1,3
err_src > MAX_CLKDM_TARGETS,2,1,3
blks != 0,2,1,3
buffer != NULL,2,1,3
sizeof(struct btt_sb) != SZ_4K,2,1,3
ATOMIC_HASH_SIZE & (ATOMIC_HASH_SIZE-1),2,1,3
&pool->attach_mutex,3,0,3
!ready,2,1,3
"GFS2_SB(inode), !file->private_data",2,1,3
newpri >= CPUPRI_NR_PRIORITIES,2,1,3
sizeof(struct ar9170_rx_macstatus) != 4,2,1,3
cpu_int_status,1,2,3
sizeof(struct xhci_slot_ctx) != 8*32/8,2,1,3
i != DLM_CONVERTING_LIST,2,1,3
ep->name[0],2,1,3
!lolnd_instanced,2,1,3
target->EpCreditDistributionListHead != NULL,1,2,3
cmd->sg_mapped,2,1,3
tx->tx_resid != 0,2,1,3
test != NULL,2,1,3
mutex_is_locked(&sensor->mutex),2,1,3
lnet_find_lnd_by_type(lnd->lnd_type) == NULL,2,1,3
!list_empty(&msg->list_head),2,1,3
bc->hdrv.magic != HDLCDRV_MAGIC,3,0,3
be64_to_cpu(d->d_ino_softlimit) <= be64_to_cpu(d->d_ino_hardlimit),2,1,3
!dquot->dq_sb,2,1,3
lp->lp_ni == src_ni,2,1,3
(entry1->flags & XFS_ATTR_LOCAL) == 0,2,1,3
LNET_MSG_HELLO == 4,2,1,3
(int)sizeof(((lnet_hdr_t *)0)->msg.hello.incarnation) == 8,2,1,3
total_sg > vq->vring.num,2,1,3
sizeof(skb->cb) < sizeof(struct qdisc_skb_cb) + sizeof(struct sfq_skb_cb),1,2,3
entry->flags & XFS_ATTR_LOCAL,2,1,3
data_len > LDC_LEN,2,1,3
list_empty( &sched->kss_tx_conns),2,1,3
be32_to_cpu(entry1->hashval) == be32_to_cpu(entry2->hashval),2,1,3
pProt->HCIConfig.TransportReady != NULL,1,2,3
!hole_node->hole_follows || node->allocated,2,1,3
"bh2, buffer_revoked(bh2)",2,1,3
"""No test file"", file",2,1,3
!list_empty(&dd->fifo_list[READ]),2,1,3
data->reset,3,0,3
(txn->current_va - engine->refill_va) > REFILL_BUFFER_SIZE,2,1,3
minlen % prod == 0 && maxlen % prod == 0,3,0,3
super->s_flags & LOGFS_SB_FLAG_SHUTDOWN,3,0,3
"dlm, res, 0, request->node_idx, DLM_ASSERT_MASTER_MLE_CLEANUP",2,1,3
 eid != wmip->wmi_endpoint_id,1,2,3
!profile,3,0,3
type == DSS_DSI_CONTENT_DCS,2,1,3
item->ri_buf[i].i_len % XFS_BLF_CHUNK == 0,2,1,3
dqp->q_transp != tp,2,1,3
gp->cell_enabled < 0,2,1,3
db == be32_to_cpu(ltp->bestcount) - 1,2,1,3
args->alignment > 0,2,1,3
hash,2,1,3
host->data,2,1,3
rs->rs_nlocks == 0,2,1,3
"sbi, !list_empty(head)",2,1,3
tcp_hdr(skb)->urg,2,1,3
mode > LKM_MAXMODE,2,1,3
!block_group_cache_done(block_group),2,1,3
!crpc->crp_posted,2,1,3
nf_nat_ftp_hook != NULL,2,1,3
probe >= 0 && (!ichdr.count || probe < ichdr.count),2,1,3
"""wrong config"", PERF_COUNT_HW_BRANCH_MISSES == evsel->attr.config",3,0,3
imp->imp_state == LUSTRE_IMP_DISCON,2,1,3
list_empty(&ksocknal_data.ksnd_peers[i]),2,1,3
slice->cls_lock->cll_state == CLS_INTRANSIT,3,0,3
list_empty(&bat->bat_cli_hash[i]),2,1,3
"1, page_head",2,1,3
sizeof(struct lock_class_key) > sizeof(struct lockdep_map),2,1,3
max_start >= max_end,2,1,3
"cur->bc_ops->recs_inorder(cur, recp, xfs_btree_rec_addr(cur, ptr, block))",2,1,3
"bh, buffer_jbddirty(bh)",2,1,3
last,3,0,3
level <= XFS_DA_NODE_MAXDEPTH,2,1,3
tsc_hz >> 32,2,1,3
id >= RX_BUF_NUM,2,1,3
sizeof(union xhci_trb) != 4*32/8,2,1,3
real_samples_per_line > VBI_BPL,2,1,3
dir_inode == NULL,2,1,3
!async_extent,2,1,3
atomic_read(&reg->pending),2,1,3
flag != M_INSERT && flag != M_PASTE,3,0,3
&rport->mutex,3,0,3
"0, ""incorrect message magic: %08x (msg:%p)\n"", m->lm_magic, m",2,1,3
!list_empty(&sn->sn_list),2,1,3
boot_cpuid != smp_processor_id(),2,1,3
i == item->ri_total,2,1,3
pProt->SendProcessCount >= 0,1,2,3
miphy_phy->miphy_rst,3,0,3
!host->bus_dead,2,1,3
!cs8427,3,0,3
delp[1] != &p->avl_left,2,1,3
"offset < XFS_LITINO(mp, ip->i_d.di_version)",2,1,3
p2wi->rstc,3,0,3
"""wrong name"", !strcmp(perf_evsel__name(evsel), ""mem:0:w:up"")",2,1,3
ichdr_s->firstused >= (ichdr_s->count * sizeof(*entry_s)) + xfs_attr3_leaf_hdr_size(leaf_s),2,1,3
hvc_udbg_dev,2,1,3
!grp,2,1,3
"setup_irq(ce->irq, action)",2,1,3
rsb->rstc,3,0,3
vol_id == be32_to_cpu(vid_hdr->vol_id),2,1,3
ch->flags & XPC_C_RCLOSEREPLY,2,1,3
vuart_bus_priv.use_count < 0,2,1,3
FAN_ACCESS != FS_ACCESS,2,1,3
"FIELD_SIZEOF(struct paca_struct, paca_index) != 2",2,1,3
bufs == 0,2,1,3
bio->bi_next,2,1,3
!cmd->se_tfo,2,1,3
index >= vlan->numvtaps,2,1,3
be32_to_cpu(ohead->oh_len) == 0,2,1,3
ref->object != item->object,2,1,3
list_empty( &sched->kss_rx_conns),2,1,3
!cursor->resid,2,1,3
!sched->ws_stopping,3,0,3
dp->d_ops->sf_get_ftype(sfep) < XFS_DIR3_FT_MAX,2,1,3
!ai->static_size,2,1,3
other_jl->j_refcount <= 0,2,1,3
MAX_LEDS < ARRAY_SIZE(color_code[0]),2,1,3
to->magic == XFS_DIR3_LEAF1_MAGIC || to->magic == XFS_DIR3_LEAFN_MAGIC,2,1,3
LNET_NETTYP(LNET_NIDNET(ni->ni_nid)) == LOLND || (msg->msg_txcredit && msg->msg_peertxcredit),2,1,3
(hdr.firstdb % dp->d_ops->free_max_bests(dp->i_mount->m_dir_geo)) == 0,2,1,3
!work_on_cpu_wq,2,1,3
!work_handlers[opcode],2,1,3
pep->tx_curr_desc_q == pep->tx_used_desc_q,2,1,3
!block_group,2,1,3
"jh, jh->b_jcount > 0",2,1,3
oldsize >= xfs_dir2_sf_hdr_size(sfp->i8count),2,1,3
urb->transfer_buffer_length < (24 + (width * 2)),2,1,3
dfp == &bf[0],2,1,3
"seq, bus, &sh",2,1,3
offset + sizeof(__sum16) > skb_headlen(skb),2,1,3
"!b->nsets && t->size < bkey_to_cacheline(t, bset_bkey_last(t->data))",2,1,3
msg->middle,2,1,3
"freehdr.firstdb == dp->d_ops->free_max_bests(args->geo) * (fdb - xfs_dir2_byte_to_db(args->geo, XFS_DIR2_FREE_OFFSET))",2,1,3
!c->inprogress,2,1,3
pag->pagf_btreeblks == be32_to_cpu(agf->agf_btreeblks),2,1,3
"""wrong group name"", !strcmp(leader->group_name, ""group2"")",2,1,3
!intc_baseaddr,3,0,3
(nr_cycles - 1) & ~0x3ffff,2,1,3
sizeof (struct obj_bss) != 60,2,1,3
!dev_priv->ring[RCS].default_context,2,1,3
!dev->hw_ops.set_hw_if_params,2,1,3
n & ~0x7,2,1,3
"call->state, ==, RXRPC_CALL_DEAD",3,0,3
atomic_read(&nfct->use) == 0,2,1,3
span <= 4 || be32_to_cpu(entry->hashval) == hashval,2,1,3
used > p->len,2,1,3
!set->mode && set->fb,2,1,3
!args,3,0,3
hwif->pio_mask == 0x00,2,1,3
!iommu_drvdata,2,1,3
"!xfs_btree_ptr_is_null(cur, &lptr) && !xfs_btree_ptr_is_null(cur, &rptr)",2,1,3
"!test_bit(BITMAP_IO_QUEUED, &mdev->flags)",1,2,3
"PageSlab(page_head), page_head",2,1,3
(options & LNET_MD_OP_GET) != 0,2,1,3
"arAc2EndpointID(ar,WMM_AC_VO) != 0",1,2,3
cidb == -1,2,1,3
f->m.rptr >= f->m.memsz,2,1,3
!np->hands_off,2,1,3
!(cur->bc_flags & XFS_BTREE_ROOT_IN_INODE) || level >= 1,2,1,3
nat_callforwarding_hook != NULL,2,1,3
rb_first(&cfqq->sort_list),2,1,3
ttusb->muxpack_ptr > 264,2,1,3
atomic_read(&bp->b_hold) > 0,2,1,3
obj->base.write_domain & I915_GEM_GPU_DOMAINS,2,1,3
desc->mode == UBI_EXCLUSIVE,2,1,3
!ISNULLSTARTBLOCK(bno),1,2,3
cfgspace == NULL,2,1,3
ev->md.start == req->rq_repbuf,2,1,3
args.len == args.minlen,2,1,3
cmd_info[cmd->cmd].pre_arg && cmd_info[cmd->cmd].post_arg,2,1,3
XFS_BUF_ISSTALE(bp),3,0,3
flags != 0,2,1,3
cfqq->allocated[READ] + cfqq->allocated[WRITE],2,1,3
!(model),2,1,3
frag != last_frag,2,1,3
dp_flags & DP_FLUSH,2,1,3
context->firstu >= sizeof(*alist),2,1,3
length > hw->ll_mtu,2,1,3
"""wrong val"", term->val.num == 10",2,1,3
db != args->geo->datablk,2,1,3
to->magic == XFS_DIR2_FREE_MAGIC,2,1,3
(int)sizeof(((lnet_hdr_t *)0)->msg.get.src_offset) == 4,2,1,3
transop == LST_TRANS_TSBSRVADD,2,1,3
"(channel <= 14), ""2G but channel>14\n""",2,1,3
more ^ (which == img_request->obj_request_count),2,1,3
__vmalloc_start_set && is_vmalloc_addr((void *) x),2,1,3
num_bblks > 0,1,2,3
register_cpu_notifier(&sirfsoc_cpu_nb),2,1,3
smp_processor_id() != boot_cpuid,2,1,3
padctl->rst,3,0,3
!osb,3,0,3
hdrcnt == 0,1,2,3
bio->bi_pool && BIO_POOL_IDX(bio) != BIO_POOL_NONE,2,1,3
n > IW_CUSTOM_MAX,2,1,3
!bau_desc,2,1,3
ltbno + ltlen <= be32_to_cpu(XFS_BUF_TO_AGF(args->agbp)->agf_length),2,1,3
delta != -1 && delta != 1,2,1,3
be32_to_cpu(tmp_info->forw) == drop_blk->blkno,2,1,3
!mqd,2,1,3
dmabuf->vmap_ptr != vaddr,2,1,3
!IS_VALLEYVIEW(dev_priv->dev),2,1,3
!cell->holder,2,1,3
"!(wis <= BNA_QE_IN_USE_CNT(tcb, tcb->q_depth))",2,1,3
"(int)offsetof(lnet_handle_wire_t, wh_interface_cookie) == 0",2,1,3
tsb_paddr & (tsb_bytes - 1UL),2,1,3
!thinkpad_id.vendor,2,1,3
&module_mutex,3,0,3
bk->bk_niov <= LNET_MAX_IOV,2,1,3
!efx_channel_has_rx_queue(channel),2,1,3
npe_id >= MAX_NPES,2,1,3
tn->csize == 0,2,1,3
"sdp, sdp->sd_max_jheight <= GFS2_MAX_META_HEIGHT",2,1,3
save_blk->magic == drop_blk->magic,2,1,3
sanity_check(ext) == 0,3,0,3
pktSkb,1,2,3
rxq->fl.avail == 0,2,1,3
(*memblock_item_idx) < mempool->items_per_memblock,2,1,3
sizeof(struct nvme_format_cmd) != 64,2,1,3
dws == NULL,2,1,3
ip->i_df.if_u1.if_extents != NULL,2,1,3
!data || !toc,2,1,3
"arAc2EndpointID(ar,WMM_AC_BK) != 0",1,2,3
2*TARGET_NUM_MSDU_DESC > (CE_HTT_H2T_MSG_SRC_NENTRIES - 1),2,1,3
i >= APERTURE_MAX_RANGES || range == NULL,2,1,3
hello->kshm_nips <= LNET_MAX_INTERFACES,2,1,3
dma_channel >= MAX_DMA_CHANNEL,3,0,3
q[0].qt_dquot != NULL,2,1,3
(entry2->flags & XFS_ATTR_INCOMPLETE) == 0,2,1,3
high_vma->vm_next,2,1,3
tx_queue->insert_count - tx_queue->read_count >= efx->txq_entries,2,1,3
args->dp->i_afp->if_flags == XFS_IFINLINE,2,1,3
LNET_MSG_REPLY == 3,2,1,3
ipaddrs[i] != 0,2,1,3
req->rq_cli_ctx->cc_sec,2,1,3
src_ni == lp->lp_ni,2,1,3
!(status & LinkFail),2,1,3
"btrfs_leaf_free_space(root, leaf) < 0",2,1,3
copy_len >= 0,2,1,3
sizeof(struct i596_dma) > 4096,2,1,3
line > ILT_MAX_LINES,2,1,3
test->tes_src_grp != NULL,2,1,3
LNET_PROTO_TCP_VERSION_MINOR == 0,2,1,3
header->payload_size != 8 && header->payload_size != 16,2,1,3
!iommu,2,1,3
LNET_MSG_ACK == 0,2,1,3
"offsetof(typeof(*__foo_io), base) == 0",2,1,3
pScatterReq->ScatterList[i].Length,1,2,3
ARRAY_SIZE(maxim_charger_currents) != MAXIM_DEVICE_TYPE_NUM,2,1,3
findex < freehdr.nvalid,2,1,3
!list_empty(&cc.freepages),2,1,3
rbd_dev->spec->snap_id == CEPH_NOSNAP,2,1,3
head_blk <= INT_MAX,3,0,3
"cur->bc_ops->keys_inorder(cur, xfs_btree_key_addr(cur, lrecs - 1, left), lkp)",2,1,3
&blocked_lock_lock,3,0,3
!pdata,2,1,3
orig_request,2,1,3
db == NULL || pptr == NULL,2,1,3
!dev->hw_ops.set_frame_format,2,1,3
rxcp->num_rcvd != 1,2,1,3
rate >= 50000 && chip->digital_mode == DIGITAL_MODE_ADAT,3,0,3
rxd->btype != VMXNET3_RXD_BTYPE_BODY,2,1,3
!ld->num_active && ld->fb,2,1,3
!sd || !sd->s_element,2,1,3
"!skb_flow_dissector_uses_key(flow_dissector, FLOW_DISSECTOR_KEY_BASIC)",2,1,3
(char *)(_brk_end + size) > __brk_limit,2,1,3
from == memcg,2,1,3
ni->ni_lnd == &the_ksocklnd,2,1,3
sizeof(pcp1) != sizeof(pcp2),2,1,3
"XFS_AGINO_TO_AGBNO(mp, agino) < be32_to_cpu(agi->agi_length)",2,1,3
ATMEL_SERIAL_RINGSIZE & (ATMEL_SERIAL_RINGSIZE - 1),2,1,3
vuart_bus_priv.use_count > 2,2,1,3
FAN_CLOSE_WRITE != FS_CLOSE_WRITE,2,1,3
ARRAY_SIZE(unit->attribute_group.attrs) < ARRAY_SIZE(fw_unit_attributes) + ARRAY_SIZE(config_rom_attributes),2,1,3
!_dev->core.driver,2,1,3
!dentry,2,1,3
total < num,2,1,3
xpc_activate_IRQ_rcvd == 0,2,1,3
(int)sizeof(((lnet_handle_wire_t *)0)->wh_object_cookie) == 8,2,1,3
dp->i_afp->if_flags & XFS_IFINLINE,2,1,3
total_sg == 0,2,1,3
ev->type == LNET_EVENT_SEND || ev->type == LNET_EVENT_ACK || ev->type == LNET_EVENT_UNLINK,2,1,3
!pp->fbs_enabled,2,1,3
fbdev_panel != NULL,2,1,3
!rs->rs_difficult || rs->rs_handled,2,1,3
efx->type->monitor == NULL,2,1,3
count <= ichdr_s->count,2,1,3
bp->b_iodone == NULL,2,1,3
(int)sizeof(lnet_handle_wire_t) == 16,2,1,3
"device, drbd_interval_empty(&peer_req->i)",3,0,3
IS_ERR(new_device),2,1,3
old_base->running_timer,2,1,3
dfp->length == prevdup->length,2,1,3
args->inumber != be64_to_cpu(dep->inumber),2,1,3
cie->version != 1,2,1,3
ichdr->freemap[mapindex].base < args->geo->blksize,2,1,3
i > 1,2,1,3
sizeof(struct veno) > ICSK_CA_PRIV_SIZE,2,1,3
ubi->free_count >= 0,2,1,3
args->remote_nentries == 0,2,1,3
idx >= priv->echo_skb_max,3,0,3
"(int)offsetof(lnet_hdr_t, msg.hello.type) == 40",2,1,3
agino != 0,3,0,3
MODULES_LEN > (1UL << 31),2,1,3
"(d) == XFS_SB_DADDR || XFS_DADDR_TO_AGBNO(mp, d) != XFS_SB_DADDR",1,2,3
"jh, jh->b_transaction->t_state == T_RUNNING",2,1,3
sizeof(payload) != 8,2,1,3
atomic_read(&mdev->md_io_in_use) == 1,2,1,3
sizeof(ht_cap) != sizeof(sband->ht_cap),2,1,3
!pl022->sgt_rx.sgl,2,1,3
!(flags & OCFS2_BH_READAHEAD),2,1,3
(ichdr->freemap[mapindex].size & 0x3) == 0,2,1,3
ap->sff_pio_task_link == NULL,2,1,3
"qs->qs_holds == O2NM_MAX_NODES, ""node %u\n"", node",2,1,3
start_s < ichdr_s->count,2,1,3
conn->ksnc_route == NULL,2,1,3
!(lp->flags & LPROPS_TAKEN),3,0,3
size > 0x10000,2,1,3
"start < vma->vm_start, vma",2,1,3
length > (u64) SIZE_MAX,2,1,3
be64_to_cpu(d->d_blk_softlimit) <= be64_to_cpu(d->d_blk_hardlimit),2,1,3
lnd->lnd_refcount == 0,2,1,3
!PAGE_ALIGNED(bytes),2,1,3
operation != WRITE_FLUSH,2,1,3
page_mapcount(page) != 1,2,1,3
sizeof(struct xhci_intr_reg) != 8*32/8,2,1,3
!list_empty(&wi->wi_list),3,0,3
str[val.len-1] == '\0',2,1,3
hdr1.count + hdr2.count == oldsum,2,1,3
assigned_limit == 0 || idle_limit > assigned_limit,2,1,3
"!PageLRU(page), page",3,0,3
&old->lock,2,1,3
tx->tx_msg.ksm_zc_cookies[0] != 0,2,1,3
nvme_thread && !IS_ERR(nvme_thread),2,1,3
nr_args + nr_res > MAXARGS,2,1,3
qtrx->qt_rtblk_res >= qtrx->qt_rtblk_res_used,2,1,3
"offsetof(struct gelic_card, irq_status) % 8",2,1,3
(v & xfs_mask64hi(43)) == 0,2,1,3
size != notify->size,2,1,3
b->bio,2,1,3
args->index >= 0 && args->index < ichdr.count,2,1,3
map[i].br_blockcount,2,1,3
dp->i_d.di_forkoff,2,1,3
mc.precharge,2,1,3
phydev->attached_dev,2,1,3
dst_channels[channel].area.first % 8 || dst_channels[channel].area.step % 8,3,0,3
status != 0 || rpc->srpc_wi.swi_state == SWI_STATE_DONE,2,1,3
bip_src == NULL,2,1,3
isu_num >= MPIC_MAX_ISU,2,1,3
mnt_get_count(mnt) < 2,2,1,3
"(ip == NULL) || xfs_isilocked(ip, XFS_ILOCK_EXCL)",2,1,3
skreq->req != NULL,2,1,3
(status) || (pPacket->pBuffer == (A_NETBUF_DATA(skb) + HTC_HEADER_LEN)),1,2,3
rec->alloc.ar_startblock != 0,2,1,3
mp->m_rootip,2,1,3
"""wrong name"", !strcmp(perf_evsel__name(evsel), ""mem:0:u"")",2,1,3
"y, ==, 0x44332211",3,0,3
len == XFS_LBSIZE(mp),2,1,3
phyinfo != NULL,2,1,3
iommu->mmio_base == NULL,2,1,3
addr != 0x7330,2,1,3
fixmaps_set > 0,2,1,3
tp || buffer_list,2,1,3
cs != 0,2,1,3
llh->llh_flags & LLOG_F_IS_CAT,2,1,3
flags & DMA_PREP_PQ_DISABLE_Q,2,1,3
be64_to_cpu(d->d_bcount) >= -totalbdelta,2,1,3
list_empty(&hwa742.free_req_list),2,1,3
(be32_to_cpu(drop_info->forw) == save_blk->blkno) || (be32_to_cpu(drop_info->back) == save_blk->blkno),2,1,3
parent_dev == NULL,2,1,3
nirecs >= 1,2,1,3
de->de_entry_num >= ih_entry_count(de->de_ih),3,0,3
tx->tx_iov[0].iov_base == &tx->tx_msg,2,1,3
EFX_LED_OFF != MC_CMD_LED_OFF,2,1,3
(pProps->HeadRoom + pProps->TailRoom) <= (struct net_device *)(pHcidevInfo->HCITransHdl.netDevice)->hard_header_len,1,2,3
(unsigned char *)p > end,2,1,3
len > SGE_TX_DESC_MAX_PLEN,2,1,3
dp->i_mount->m_flags & XFS_MOUNT_ATTR2,2,1,3
leafhdr.magic == XFS_DIR2_LEAF1_MAGIC || leafhdr.magic == XFS_DIR3_LEAF1_MAGIC,2,1,3
"ichdr->freemap[mapindex].size >= xfs_attr_leaf_newentsize(args, NULL)",2,1,3
"vm_flags & VM_NO_THP, vma",1,2,3
EFX_FARCH_FILTER_INDEX_UC_DEF != 0,2,1,3
new_skb,2,1,3
list_empty(&ksocknal_data.ksnd_enomem_conns),2,1,3
!ref->node,2,1,3
cpu > 2,2,1,3
nat_rtp_rtcp_hook != NULL,2,1,3
freelen >= wantlen,2,1,3
"XFS_DADDR_TO_AGNO(mp, d) == XFS_DADDR_TO_AGNO(mp, (d) + (len) - 1)",1,2,3
peer->ksnp_accepting == 0,2,1,3
be64_to_cpu(ptr->l) != NULLFSBLOCK,1,2,3
rbp->rbp_nbuffers == nbuffers,2,1,3
"ldb == xfs_dir2_byte_to_db(args->geo, XFS_DIR2_LEAF_OFFSET)",2,1,3
npo->copy_off > MAX_BUFFER_OFFSET,2,1,3
skb->len != skb->data_len,1,2,3
!(bip->bli_format.blf_flags & XFS_BLF_INODE_BUF),1,2,3
btv->tvnorm >= BTTV_TVNORMS,2,1,3
whichfork == XFS_ATTR_FORK || (iflags & BMV_IF_DELALLOC) || ip->i_delayed_blks == 0,1,2,3
delta < 2,2,1,3
virq_from_irq(irq) != virq,2,1,3
type == XFS_DIR2_LEAF1_MAGIC || type == XFS_DIR2_LEAFN_MAGIC,2,1,3
pcie->pcie_xrst,3,0,3
!crash_size || !crash_base,2,1,3
be32_to_cpu(tmp_info->forw) == old_blk->blkno,2,1,3
sdc->rstc,3,0,3
phyinfo->phy_layer->id == phyid,2,1,3
vol == ubi->volumes[vol_id],2,1,3
(ichdr->freemap[mapindex].base & 0x3) == 0,2,1,3
atomic_read(&pool->item_count),2,1,3
col >= PERF_HPP__MAX_INDEX,3,0,3
test->tes_dst_grp != NULL,2,1,3
sanity_check_nolock(ext) == 0,3,0,3
mutex_is_locked(ldlm_namespace_lock(client)),3,0,3
list_empty(&tsi->tsi_active_rpcs),2,1,3
iip->ili_logged == 1,2,1,3
(bp->b_flags & _XBF_DELWRI_Q) == 0,2,1,3
frag_idx < txdl_priv->alloc_frags,2,1,3
(v & xfs_mask64hi(12)) == 0,2,1,3
!(ip->i_itemp->ili_item.li_flags & XFS_LI_IN_AIL),2,1,3
&trans->list == &u->transactions,2,1,3
"!bd_may_claim(bdev, whole, holder)",2,1,3
pProt->CreditsAvailable <= pProt->CreditsMax,1,2,3
!list_empty(&ndl->ndl_link),2,1,3
save_blk->magic == XFS_DIR2_LEAFN_MAGIC,2,1,3
span >= 1,2,1,3
NULL != dev->rx_info.skbs[next_empty],2,1,3
rbp->rbp_nbuffers == nbufs,2,1,3
"arAc2EndpointID(ar,WMM_AC_VI) != 0",1,2,3
cm_node->send_entry,2,1,3
bp->b_flags & _XBF_PAGES,2,1,3
!*hpage,2,1,3
"!IS_ALIGNED(sizeof(struct p_header80), 8)",2,1,3
BBTOB(bp->b_io_length) >= ((uint)bit << XFS_BLF_SHIFT) + (nbits << XFS_BLF_SHIFT),2,1,3
dma_object != NULL,2,1,3
oldsfp->i8count == 0,2,1,3
"!PageSwapBacked(page), page",3,0,3
"bpf_update_elem(map_fd, &key, &value, BPF_NOEXIST) == -1 && errno == EEXIST",3,0,3
info->type != IRQT_VIRQ,2,1,3
nd->flags & LOOKUP_RCU,2,1,3
!(flags & BTRFS_EXTENT_FLAG_DATA),2,1,3
((inb->ptr - inb->base) % sizeof(val)) == 0,2,1,3
from->magic == XFS_DIR2_FREE_MAGIC,2,1,3
sizeof(header) != 16,2,1,3
active == (type != SOCKLND_CONN_NONE),2,1,3
smpboot_register_percpu_thread(&rcu_cpu_thread_spec),2,1,3
!the_controller || !out,2,1,3
(sizeof(((struct usbnet *)0)->data) < sizeof(struct qmi_wwan_state)),2,1,3
ifp->if_bytes == dp->i_d.di_size,2,1,3
"offsetof(typeof(*header), fde_count) % __alignof(typeof(header->fde_count))",2,1,3
!var_ptrs[var_id],2,1,3
index_size > MAX_PGTABLE_INDEX_SIZE,2,1,3
!tcp_conn->data_tx_tfm,1,2,3
"(int)offsetof(lnet_hdr_t, msg) == 32",2,1,3
!(be32_to_cpu(descr->data_status) & GELIC_DESCR_TX_TAIL),2,1,3
stat->locked_buf != NULL,2,1,3
busrequest != NULL,1,2,3
!timer_pending(&ct->timeout),2,1,3
a->non_resident,3,0,3
sizeof(struct FDesc) + sizeof(struct BDesc) * RX_BUF_NUM + sizeof(struct FDesc) * RX_FD_NUM + sizeof(struct TxFD) * TX_FD_NUM > PAGE_SIZE * FD_PAGE_NUM,2,1,3
"jh, jh->b_jcount >= 0",2,1,3
"(ctx->m.h.T[1] & SKEIN_T1_FLAG_BIT_PAD) == 0 || msg_bit_cnt == 0, SKEIN_FAIL",2,1,3
p != (lp->tx_base + (lp->tx_tail / LDC_PACKET_SIZE)),2,1,3
!data->cfg.vector,1,2,3
(pPacket->Status != 0) || (pPacket->pBuffer == (busy->data + HTC_HEADER_LEN)),1,2,3
"offsetof(typeof(*header), table) % __alignof(typeof(*header->table))",2,1,3
fields & (XFS_SB_UNIT | XFS_SB_WIDTH | XFS_SB_UUID | XFS_SB_FEATURES2 | XFS_SB_BAD_FEATURES2 | XFS_SB_VERSIONNUM),1,2,3
PagePrivate(page) || page->private,3,0,3
resv->iov_len > PAGE_SIZE,2,1,3
lip->li_mountp = tp->t_mountp,1,2,3
"""ENOMEM\n"", buf",2,1,3
from->hdr.info.magic == cpu_to_be16(XFS_DA_NODE_MAGIC),2,1,3
spins * spintime >= 5000,2,1,3
part->setup_state != XPC_P_SS_SETUP,2,1,3
reg < 16,2,1,3
pag->pagi_init,2,1,3
tage != NULL,3,0,3
registration->func == NULL,2,1,3
!meta->skb,2,1,3
the_lnet.ln_loni == NULL,2,1,3
!service,3,0,3
oldblk->magic == XFS_DIR2_LEAFN_MAGIC,2,1,3
ichdr_s->magic == ichdr_d->magic,2,1,3
!PageWriteback(vmpage),3,0,3
transaction->t_checkpoint_list == NULL,2,1,3
pProtocol->HCIConfig.TransportRemoved != NULL,1,2,3
first_page->inuse,2,1,3
!isa_bridge,2,1,3
sg_res < lvl_pages,2,1,3
list_empty(&bat->bat_trans_list),2,1,3
mc.moved_charge,2,1,3
req->rq_svc_ctx == NULL,2,1,3
sizeof(*(ptr)) & ~0xc,2,1,3
dp->i_d.di_nextents == 0,2,1,3
pDev->GMboxInfo.pCreditsPendingCallback != NULL,1,2,3
"vma->vm_mm, address",2,1,3
mc.moving_task,2,1,3
i < be32_to_cpu(ltp->bestcount),2,1,3
freecount == be32_to_cpu(agi->agi_freecount),2,1,3
!ocfs2_is_empty_extent(&el->l_recs[0]),2,1,3
!(tp && buffer_list),2,1,3
c->ksnc_proto != NULL && c->ksnc_proto->pro_match_tx != NULL,2,1,3
ip0->i_ino != ip1->i_ino,2,1,3
!ev,3,0,3
skge->dma & 7,2,1,3
!dvbdemux,2,1,3
!gic->saved_ppi_conf,2,1,3
td->control & BMU_OWN,2,1,3
journal->j_running_transaction != transaction,2,1,3
card && (card->host != host),2,1,3
ar_cookie,1,2,3
!pd->tx_buffers[i].mapping,2,1,3
to == be32_to_cpu(btp->count),2,1,3
"test_bit(REQ_ATOM_COMPLETE, &req->atomic_flags)",2,1,3
pill->rc_fmt != NULL,2,1,3
!cachep->node[node],2,1,3
!__builtin_constant_p(_weight),3,0,3
chain->use > 0,2,1,3
list_empty(&bat->bat_srv_hash[i]),2,1,3
req->rq_reqlen,2,1,3
"!test_bit(node, qs->qs_hb_bm), ""node %u\n"", node",2,1,3
pa->pa_deleted == 0,3,0,3
inode->i_data.nrpages,2,1,3
addr & ((1 << (VTD_PAGE_SHIFT + mask)) - 1),2,1,3
nob >= 0 && nob <= infosz,2,1,3
MAX_SWAPFILES_SHIFT > __SWP_TYPE_BITS,3,0,3
md->md_offset == 0,2,1,3
req->rq_repmsg != NULL,2,1,3
"""wrong config"", 3 == evsel->attr.config",2,1,3
au->buf->vec.iov_len > maxlen,2,1,3
from->hdr.info.magic == cpu_to_be16(XFS_ATTR_LEAF_MAGIC) || from->hdr.info.magic == cpu_to_be16(XFS_ATTR3_LEAF_MAGIC),2,1,3
"test_bit(CREATE_BARRIER, &mdev->flags) == 0",1,2,3
bip->bli_flags & XFS_BLI_LOGGED,2,1,3
mem > cfb->fb.fix.smem_len,2,1,3
bno == 0,2,1,3
ip->i_d.di_format != XFS_DINODE_FMT_BTREE || (ip->i_df.if_flags & XFS_IFEXTENTS),2,1,3
"qs->qs_connected == O2NM_MAX_NODES, ""node %u\n"", node",2,1,3
"false, ""Can't map PCI mem\n""",2,1,3
tegra->sata_cold_rst,3,0,3
sizeof(nf_bridge->neigh_header) != (ETH_HLEN - ETH_ALEN),2,1,3
CONFIG_NR_CPUS > 9999,2,1,3
"PageActive(page), page",3,0,3
which != BAD_WHICH,2,1,3
!dev->hw_ops.get_pixel_format,2,1,3
clusters_to_add != 0 && data_ac == NULL,2,1,3
"FIELD_SIZEOF(struct usbnet, data) < sizeof(struct cdc_state)",2,1,3
!smp,2,1,3
STARTBLOCKVAL(got.br_startblock) > 0,1,2,3
(int)sizeof(((lnet_hdr_t *)0)->msg.put.match_bits) == 8,2,1,3
cstate->replay_owner,2,1,3
handle->h_transaction->t_journal == journal,2,1,3
(obj->base.write_domain & ~I915_GEM_DOMAIN_CPU) != 0,2,1,3
q != NULL,2,1,3
(unsigned long)gdt & ~PAGE_MASK,2,1,3
reply->msg_type == LNET_MSG_GET,2,1,3
managers == NULL,2,1,3
first_frag == -1,2,1,3
!kacpi_hotplug_wq,2,1,3
free != NULL,1,2,3
!(byte_count.tx_complete && desc_ctrl.zero_result),2,1,3
"strcmp(obd->obd_type->typ_name, LUSTRE_MDC_NAME) == 0 || strcmp(obd->obd_type->typ_name, LUSTRE_OSC_NAME) ==0",2,1,3
BTOBB(need_bytes) < log->l_logBBsize,2,1,3
!clockevent_state_oneshot(ced),3,0,3
index > radix_tree_maxindex(height),2,1,3
segment->sg_mapped,2,1,3
pPacket->pBuffer == (free->data + HTC_HEADER_LEN),1,2,3
transaction->t_forget == NULL,2,1,3
db->rptr->len == 0,2,1,3
!gpu,3,0,3
pck_div < 1,2,1,3
sizeof(event) != 16,2,1,3
(type < EL_TYPE__PAL__ENV__AMBIENT_TEMPERATURE) || (type > EL_TYPE__PAL__ENV__HOT_PLUG),2,1,3
&kvm->lock,3,0,3
"(int)offsetof(lnet_handle_wire_t, wh_object_cookie) == 8",2,1,3
!child->ptrace,2,1,3
netdev_priv(efx->net_dev) != efx,2,1,3
!(ctrl_reg & IXGB_CTRL0_RST),2,1,3
rblock->bb_magic == cpu_to_be32(XFS_BMAP_CRC_MAGIC),2,1,3
LNET_PROTO_TCP_VERSION_MAJOR == 1,2,1,3
unit_map[cpu] != UINT_MAX,2,1,3
ichdr.freemap[i].size < args->geo->blksize,2,1,3
why != 0,2,1,3
"oh, &ohri",3,0,3
be64_to_cpu(d->d_rtbcount) >= -totalrtbdelta,2,1,3
more,2,1,3
md != NULL,2,1,3
ch_idx < 0 || ch_idx >= NUM_CHANNELS,3,0,3
sizeof(skb->cb) < sizeof(struct qdisc_skb_cb) + sizeof(struct choke_skb_cb),1,2,3
ex == NULL,2,1,3
channel >= MAX_DMA_CHANNELS || !callback || !atomic_read(&dma_ch[channel].chan_status),2,1,3
pid >= 0,2,1,3
bd->done_cmds > bd->queued_cmds,2,1,3
"mlen == lnet_iov_nob(conn->ksnc_rx_niov, conn->ksnc_rx_iov) + lnet_kiov_nob(conn->ksnc_rx_nkiov, conn->ksnc_rx_kiov)",2,1,3
console_session.ses_state == LST_SESSION_NONE,2,1,3
(1 << (mp->m_sb.sb_blocklog + mp->m_sb.sb_dirblklog)) <= XFS_MAX_BLOCKSIZE,2,1,3
"vnode->flags & ((1 << AFS_VNODE_LOCKING) | (1 << AFS_VNODE_READLOCKED) | (1 << AFS_VNODE_WRITELOCKED)), ==, 0",2,1,3
psr & (IA64_PSR_UP|IA64_PSR_PP),3,0,3
"""wrong name"", !strcmp(perf_evsel__name(evsel), ""mem:0:rw:kp"")",2,1,3
!mm || !mqd || !q,2,1,3
!_dev,2,1,3
"test_bit(node, qs->qs_hb_bm), ""node %u\n"", node",2,1,3
"dma_has_cap(DMA_MEMSET, device->cap_mask) && !device->device_prep_dma_memset",2,1,3
pag->pagf_levels[XFS_BTNUM_BNOi] == be32_to_cpu(agf->agf_levels[XFS_BTNUM_BNOi]),2,1,3
o2net_wq != NULL,2,1,3
sizeof(struct xhci_erst_entry) != 4*32/8,2,1,3
"offsetof(struct unwind_frame_info, f) % FIELD_SIZEOF(struct unwind_frame_info, f)",2,1,3
cidb != -1,2,1,3
RB_EMPTY_NODE(&rq->rb_node),2,1,3
!(xd->flags & JFFS2_XFLAGS_INVALID),2,1,3
(sdp->sd_log_flush_head == sdp->sd_log_tail) && (sdp->sd_log_flush_head != sdp->sd_log_head),2,1,3
PAGE_SHIFT >= sbp->sb_blocklog,2,1,3
item->ri_buf[i].i_addr != NULL,2,1,3
cmd == NULL,2,1,3
bio->bi_private || bio->bi_end_io,2,1,3
(lock_flags & (XFS_IOLOCK_EXCL | XFS_IOLOCK_SHARED)) == 0,2,1,3
LNET_PROTO_TCP_MAGIC == 0xeebc0ded,2,1,3
ETHTOOL_DEV_FEATURE_WORDS * sizeof(u32) > sizeof(netdev_features_t),2,1,3
sizeof(struct htcp) > ICSK_CA_PRIV_SIZE,2,1,3
is_enabled,2,1,3
"false, ""QSLT_BE queue, skb_queue:%d\n"", mac80211_queue_index",2,1,3
bits <= 0,2,1,3
pick == 2,2,1,3
(int)sizeof(((lnet_hdr_t *)0)->dest_pid) == 4,2,1,3
"device, page == NULL",2,1,3
commit_transaction == journal->j_committing_transaction,2,1,3
pBMICmdCredits,1,2,3
err >= O2NET_ERR_MAX,2,1,3
align & mask,2,1,3
(type & ~IBLND_WID_MASK) == 0,2,1,3
dst % 4,2,1,3
sizeof(struct ar9170_rx_phystatus) != 20,2,1,3
m->magic != be32_to_cpu(CCWR_MAGIC),2,1,3
err == 1,2,1,3
res->state & DLM_LOCK_RES_MIGRATING,3,0,3
fill_level > rx_queue->efx->rxq_entries,2,1,3
!prima2_clks[i],2,1,3
NInoCompressed(ni),3,0,3
IS_ERR(hbcall),2,1,3
(lp->lp_txcredits < 0) == !list_empty(&lp->lp_txq),2,1,3
list_empty(&ksocknal_data.ksnd_zombie_conns),2,1,3
old < entries + count,2,1,3
"sbi, !nat_blk",2,1,3
!fsf_req->erp_action,2,1,3
atomic_read(&dqp->q_pincount) > 0,2,1,3
!(res->state & DLM_LOCK_RES_BLOCK_DIRTY),2,1,3
"(channel > 14), ""5G but channel<=14\n""",2,1,3
"false, ""pairwise key without mac_addr\n""",2,1,3
FR_AA_TIMER_COMMAND_KER != FR_BZ_TIMER_COMMAND_P0,2,1,3
pppoe_pernet(dev_net(dev)) == NULL,2,1,3
!timer_pending(&aptcTimer),1,2,3
MC_CMD_SET_MCAST_HASH_IN_LEN != MC_CMD_SET_MCAST_HASH_IN_HASH0_OFST + sizeof(efx->multicast_hash),2,1,3
!list_empty(&cm_id_priv->work_list),3,0,3
dso->needs_swap == DSO_SWAP__UNSET,2,1,3
!list_empty(&peer->ibp_conns),2,1,3
start < index,2,1,3
info->type == IRQT_UNBOUND,2,1,3
!list_empty(&dqp->q_lru),2,1,3
pProtocol->HCIConfig.pHCISendComplete != NULL,1,2,3
blk_bidi_rq(req),2,1,3
skb->queue_mapping > adapter->num_tx_queues,2,1,3
Endpoint < ENDPOINT_MAX,1,2,3
*pptr != db->rptr && *pptr != db->wptr,2,1,3
(pProps->HeadRoom + pProps->TailRoom) <= pHcidevInfo->ar->arNetDev->hard_header_len,1,2,3
journal->j_tail_sequence == journal->j_transaction_sequence,2,1,3
n > SGE_MAX_WR_LEN / 8,2,1,3
cle->ce_magic == &cl_env_init0,3,0,3
!clusters_to_add,2,1,3
n > SIMPLE_TRANSACTION_LIMIT,2,1,3
skb->len < len,2,1,3
!async_cow,2,1,3
btrfs_header_nritems(b) == 1,2,1,3
offset > search_start,2,1,3
off == d.len,2,1,3
tx->tx_conn->ksnc_proto == &ksocknal_protocol_v2x,2,1,3
obj_idx,2,1,3
pmd_trans_splitting(*pmd),2,1,3
EFX_LED_DEFAULT != MC_CMD_LED_DEFAULT,2,1,3
obj_request->which != BAD_WHICH,3,0,3
"bpf_update_elem(map_fd, &key, &value, BPF_NOEXIST) == 0",3,0,3
"(PTR_DIFF(tcp_hdr(skb), skb->data) + (tcp_hdr(skb)->doff << 2u)) > skb_headlen(skb)",2,1,3
pci_id->driver_data >= PCI_ID_LAST,2,1,3
smi_info->waiting_msg,2,1,3
lp->rx_skbs[cur_bd].skb_dma != (le32_to_cpu(lp->rfd_cur->bd[0].BuffData) & ~3),2,1,3
id > SRPC_FRAMEWORK_SERVICE_MAX_ID,2,1,3
commit_transaction->t_buffers == NULL,2,1,3
ret != 0 && ret != -ETIME,2,1,3
!r->access,3,0,3
!smu_base,2,1,3
port->tx_bufs[txi].skb->next,2,1,3
num_irqs > (NIU_NUM_LDG / parent->num_ports),2,1,3
ib_wr->num_sge >= 256,2,1,3
!(macrx & XCT_MACRX_RR_8BRES),2,1,3
length <= HIF_MBOX_WIDTH,1,2,3
off + be16_to_cpu(dup->length) <= be16_to_cpu(dfp->offset),2,1,3
"!""Cannot set revoke feature!""",2,1,3
bp->b_map.bm_bn != XFS_BUF_DADDR_NULL,1,2,3
!list_empty(&dquot->dq_free),2,1,3
sizeof(*aa) <= sizeof(request->rq_async_args),2,1,3
net != LNET_NIDNET(LNET_NID_ANY),2,1,3
!args->wasfromfl || !args->isfl,2,1,3
ARRAY_SIZE(bcm2835_gpio_groups) != BCM2835_NUM_GPIOS,2,1,3
"sv == NULL, ""service not empty: id %d, name %s\n"", i, sv->sv_name",2,1,3
nat_q931_hook != NULL,2,1,3
!(usecnt > 0),2,1,3
"!raw_spin_is_locked(lock), lock, ""already unlocked""",2,1,3
!dev->platform_data,2,1,3
error_int_status,1,2,3
newext->ee_block == nearex->ee_block,2,1,3
offset >= ioend->io_offset,2,1,3
!req->rq_pool || req->rq_reqbuf_len >= newbuf_size,2,1,3
dfp || oldlen <= be16_to_cpu(bf[2].length),2,1,3
efx->phy_op->test_name == NULL,2,1,3
!cap_substream,3,0,3
!buffer_uptodate(tbh),3,0,3
IN_CLOSE_NOWRITE != FS_CLOSE_NOWRITE,2,1,3
integ_len % 4,2,1,3
lv->lv_buf_len <= nbytes,2,1,3
IN_OPEN != FS_OPEN,2,1,3
direct,2,1,3
"ahd, source, dest, __FILE__, __LINE__",2,1,3
pd->rx_buffers[index].skb,2,1,3
be32_to_cpu(tmp_info->back) == old_blk->blkno,2,1,3
item->object != NULL,2,1,3
crpc->crp_trans == trans,2,1,3
page_zone(start_page) != page_zone(end_page),2,1,3
ns->ns_rs_hash != NULL,2,1,3
d1 != d2,2,1,3
max_pwm_blc == 0,2,1,3
!dev->hw_ops.getfid,2,1,3
item->refcount != 0,2,1,3
2*TARGET_10X_NUM_MSDU_DESC > (CE_HTT_H2T_MSG_SRC_NENTRIES - 1),2,1,3
sgl[0].sg_magic != SG_MAGIC,2,1,3
"ATH_DEBUG_TRC,"" %d: 0x%8.8X \n"",i, regDumpValues[i]",1,2,3
length <= (u64)UINT_MAX,2,1,3
numMessages <= target->MaxMsgPerBundle,1,2,3
ip->i_d.di_gid == be32_to_cpu(gdqp->q_core.d_id),2,1,3
"GFS2_SB(&ip->i_inode), GFS2_EA2NEXT(prev) == ea",2,1,3
pProt->CreditsConsumed <= pProt->CreditsMax,1,2,3
(reg) != 0x830 && (reg) != 0xa10,2,1,3
cur->bc_nlevels > 1,2,1,3
skb_shinfo(skb)->nr_frags,2,1,3
IN_DELETE != FS_DELETE,2,1,3
!(iclog->ic_state & XLOG_STATE_IOERROR),2,1,3
FSF_AZ_NET_IVEC_INT_Q_WIDTH > EFX_MAX_CHANNELS,2,1,3
targ_info->target_info_byte_count == sizeof(*targ_info),1,2,3
strlen(net_entry) < sizeof(tokens),2,1,3
(perms) & 2,2,1,3
list->offset > PAGE_SIZE,2,1,3
ISNULLSTARTBLOCK(del->br_startblock) == delay,1,2,3
pFirstPacket->Endpoint < ENDPOINT_MAX,1,2,3
!dev->hw_ops.set_pixel_format,2,1,3
rphy->identify.device_type != SAS_END_DEVICE,2,1,3
"cur->bc_ops->keys_inorder(cur, kp, xfs_btree_key_addr(cur, ptr + 1, block))",2,1,3
"x != offsetof(struct ext2_super_block, y)",2,1,3
!list_empty(&io_end->list),2,1,3
!root_item,2,1,3
glue->rst,3,0,3
pcie->afi_rst,3,0,3
"cpu_isset(cpu, *cptab->ctb_cpumask)",1,2,3
!array->elem_size,2,1,3
"sbi, atomic_read(&et->refcount) || et->count",2,1,3
"!node_state(nid, N_ONLINE)",2,1,3
route->ksnr_scheduled,2,1,3
xfs_dir2_sf_get_offset(sfep) >= offset,2,1,3
first_bit != -1,1,2,3
img_request,3,0,3
!rs->rs_handled,2,1,3
atomic_read(&rt->rt6i_ref) != 1,2,1,3
!path || !modelist,2,1,3
list_empty(&ndl->ndl_link),2,1,3
"jh, buffer_locked(jh2bh(jh))",2,1,3
fifo->channel.reserve_ptr,2,1,3
EFX_FARCH_FILTER_TABLE_RX_IP != (EFX_FARCH_FILTER_UDP_FULL >> 2),2,1,3
!dbri,3,0,3
conn->ksnc_rx_state == SOCKNAL_RX_KSM_HEADER || conn->ksnc_rx_state == SOCKNAL_RX_LNET_PAYLOAD || conn->ksnc_rx_state == SOCKNAL_RX_LNET_HEADER || conn->ksnc_rx_state == SOCKNAL_RX_SLOP,2,1,3
"timer, &timer_debug_descr",2,1,3
create == 0,2,1,3
cfs_cpt_table != NULL,2,1,3
"fdb == xfs_dir2_byte_to_db(args->geo, XFS_DIR2_FREE_OFFSET)",2,1,3
"sdp, sdp->sd_max_height <= GFS2_MAX_META_HEIGHT",2,1,3
(f->m.wptr & TXF_WPTR_WR_PTR) >= f->m.memsz,2,1,3
level != btrfs_header_level(next),2,1,3
key.type == BTRFS_EXTENT_REF_V0_KEY,2,1,3
plist->pl_nr > 0,3,0,3
(int)sizeof(((lnet_hdr_t *)0)->msg) == 40,2,1,3
(args->index == ichdr->count - 1) || (be32_to_cpu(entry->hashval) <= be32_to_cpu((entry+1)->hashval)),2,1,3
route2->lr_gateway->lp_nid != gateway,2,1,3
conn->channels[0] == NULL || conn->channels[1] == NULL || conn->channels[2] == NULL || conn->channels[3] == NULL,3,0,3
!is_fpu_owner(),2,1,3
phy_dev->rstport,3,0,3
bio->bi_private == NULL,2,1,3
"name != NULL, return;",3,0,3
entries > EFX_MAX_EVQ_SIZE,2,1,3
"(int)offsetof(lnet_hdr_t, msg.get.match_bits) == 48",2,1,3
"cl_page_is_owned(page, io)",3,0,3
vpath->is_configured,2,1,3
ret > size,2,1,3
state->path.blk[max].magic == XFS_ATTR_LEAF_MAGIC || state->path.blk[max].magic == XFS_DIR2_LEAFN_MAGIC,2,1,3
cluster >= 2 || !((1 << cpu) & dcscb_allcpus_mask[cluster]),2,1,3
label && (strlen(label) > 0),2,1,3
unit_map[cpu] == UINT_MAX,2,1,3
!list_empty (&data->epfiles),2,1,3
bno > 0,2,1,3
list_empty(&rbp->rbp_msgs),2,1,3
NULL == data && 0 != (write_len | read_len),2,1,3
sz != mrq->data->blocks * mrq->data->blksz,2,1,3
(len > CLARIION_BUFFER_SIZE),2,1,3
SECCOMP_PHASE1_SKIP != 1,2,1,3
page->index != mpd->first_page,2,1,3
pr->id >= nr_cpu_ids,2,1,3
MAX_SKB_FRAGS + 1 > 23,2,1,3
payload_size == 0 || nentries == 0,2,1,3
atomic_read(&VFS_I(ip)->i_count) > 0,2,1,3
list_empty(&ksocknal_data.ksnd_connd_connreqs),2,1,3
map && *map,2,1,3
be64_to_cpu(dep->inumber) == dp->d_ops->sf_get_parent_ino(sfp),2,1,3
ltnew + rlen <= ltbnoa + ltlena,2,1,3
LNET_MSG_GET == 2,2,1,3
frag_overflow > MAX_SKB_FRAGS,2,1,3
isr == NULL,2,1,3
shift != mmu_psize_defs[mmu_psize].shift,2,1,3
kgdb_connected,2,1,3
sg_count < 0,2,1,3
portal != 0,2,1,3
startblockval(got.br_startblock) > 0,2,1,3
"bh, expr",2,1,3
!cu,3,0,3
!__builtin_constant_p(_factor),3,0,3
sizeof(struct sw_flow_key) % sizeof(long),2,1,3
db < hdr.firstdb + hdr.nvalid,2,1,3
sizeof (struct obj_buffer) != 8,2,1,3
bp->cnic_spq_pending < count,2,1,3
index >= efx->n_channels,2,1,3
matched || be16_to_cpu(dfp->length) >= be16_to_cpu(dup->length),2,1,3
!xencomm_is_phys_contiguous((unsigned long)ptr),2,1,3
"false, ""ieee80211 alloc failed\n""",2,1,3
nr_bhs >= max_bhs,3,0,3
vcpu != NULL,2,1,3
"""no support""",2,1,3
rx_buf->len < hdr_len,2,1,3
MC_CMD_GET_VERSION_IN_LEN != 0,2,1,3
fields != 0,2,1,3
pool->skbuff[index] != NULL,2,1,3
set_h225_addr_hook != NULL,2,1,3
sky2->hw->flags & SKY2_HW_NEW_LE,2,1,3
i + 1 >= active,2,1,3
"cyber2000fb_decode_clock(&hw, cfb, var) != 0",2,1,3
!pp || !ldb,2,1,3
!tcp_skb_pcount(skb),2,1,3
SSB_PCICORE_BCAST_DATA != SSB_CHIPCO_BCAST_DATA,2,1,3
"!xfs_iflags_test(ip, XFS_IRECLAIM)",2,1,3
node_percpu[i] != 0,2,1,3
"arAc2EndpointID(ar,WMM_AC_BE) != 0",1,2,3
mfn != INVALID_P2M_ENTRY,2,1,3
sizeof(iwlagn_def_3w_lookup) != sizeof(basic.bt3_lookup_table),2,1,3
cache != NULL,3,0,3
"(int)offsetof(lnet_magicversion_t, version_major) == 4",2,1,3
"ext4_group_lock_ptr(e4b->bd_sb, e4b->bd_group)",3,0,3
ISNULLSTARTBLOCK(got.br_startblock),1,2,3
np->csr6 || ioread32(ioaddr + IntrEnable),2,1,3
apic->isr_count < 0,2,1,3
helper == NULL,2,1,3
drv->state,2,1,3
desc == NULL,2,1,3
client == XFS_TRANSACTION || client == XFS_LOG,2,1,3
atomic_read(&adapter->status) & ZFCP_STATUS_ADAPTER_QDIOUP,2,1,3
qi != NULL,2,1,3
tp->irq_sync,2,1,3
!middle_len,2,1,3
nid == NUMA_NO_NODE || !node_online(nid),2,1,3
*out_surf || *out_buf,2,1,3
journal->j_free > 1,2,1,3
max_purges < nptcg,2,1,3
cur->bc_rec.a.ar_startblock != 0,2,1,3
rs->rs_cb_id.cbid_fn == reply_out_callback,2,1,3
!(len <= BFI_IOC_MSGLEN_MAX),2,1,3
irq_nr > MAX_INTERNAL_IRQS,2,1,3
"ctx && size, SKEIN_FAIL",2,1,3
!chip || !chip->pcm,3,0,3
a->instrlen > sizeof(insnbuf),2,1,3
"(int)offsetof(lnet_hdr_t, msg.get.src_offset) == 60",2,1,3
extent_buffer_under_io(eb),2,1,3
!emu || !emu->ops.update,3,0,3
!(ref->flags & E500_TLB_VALID),2,1,3
RB_EMPTY_NODE(&bp->b_rbnode),2,1,3
ifp != NULL,2,1,3
"""wrong val"", term->val.num == 3",2,1,3
notif_hdr->bNotifyType != WA_NOTIF_TRANSFER,2,1,3
mode != (ACCESS_READ_RAZ | ACCESS_WRITE_IGNORED),2,1,3
idx >= __end_of_fixed_addresses,3,0,3
table_group->group,2,1,3
BMI_COMMAND_FITS(BMI_DATASZ_MAX + sizeof(cid) + sizeof(rompatch_count)),1,2,3
list_empty(&op->pend_link),3,0,3
!in_nmi(),2,1,3
"(int)offsetof(lnet_hdr_t, msg.put.match_bits) == 48",2,1,3
mc.to,2,1,3
bnew + blen <= ltbno + ltlen,2,1,3
sbp->sb_blocklog >= BBSHIFT,2,1,3
"(int)offsetof(lnet_hdr_t, msg.hello.incarnation) == 32",2,1,3
pPacket->ActualLength == A_NETBUF_LEN(pktSkb),1,2,3
pt->type > NLA_TYPE_MAX,2,1,3
atomic_read(&set->ref) == 0,1,2,3
NFSD_MAX_SLOTS_PER_SESSION * sizeof(struct nfsd4_slot *) + sizeof(struct nfsd4_session) > PAGE_SIZE,2,1,3
(swsize != 0) != (swringp != NULL),2,1,3
sizeof(aux_msg) > 20,2,1,3
irq <= 0,3,0,3
!buffer->buf.addr,2,1,3
parent > 0,2,1,3
index >= EBITMAP_UNIT_NUMS,3,0,3
!conn->ksnc_tx_scheduled,2,1,3
rp->rbr_index > rp->rbr_table_size,2,1,3
!mutex_is_locked(&net_mutex),2,1,3
ev->type == LNET_EVENT_PUT,2,1,3
bits > 8,2,1,3
cl_lock_is_mutexed(sublock),3,0,3
rbp->rbp_credits == nbuffers,2,1,3
le16_to_cpu(bg->bg_free_bits_count) < num_bits,2,1,3
i == KS8695_NR_ADDRESSES,2,1,3
request->rq_replen != 0,2,1,3
!!pages != !!(gup_flags & FOLL_GET),2,1,3
FW_VERSION(av7110->arm_app) >= 0x261e,2,1,3
handle != NULL || (flags & EXT4_GET_BLOCKS_CREATE) == 0,2,1,3
!cpus_empty(*core),1,2,3
list_empty(&console_session.ses_bat_list),2,1,3
image->size % PAGE_SIZE != 0,2,1,3
timeout < AH_TIME_QUANTUM,2,1,3
getmd->md_refcount > 0,2,1,3
(int)sizeof(((lnet_magicversion_t *)0)->version_major) == 2,2,1,3
atomic_read(&sk_atm(vcc)->sk_wmem_alloc) >= 0,3,0,3
ih->protocol != IPPROTO_TCP,2,1,3
in_use < 0,2,1,3
sv->sv_id == SRPC_SERVICE_PING,2,1,3
w < 0,2,1,3
ARRAY_SIZE(node_state_attr) != NR_NODE_STATES,2,1,3
!the_lnet.ln_niinit_self,2,1,3
(obj->base.write_domain & ~I915_GEM_DOMAIN_GTT) != 0,2,1,3
npools > IOMMU_NR_POOLS,2,1,3
(reg) != 0x420,2,1,3
(bufsize) % sizeof(u32),2,1,3
from->hdr.info.magic == cpu_to_be16(XFS_DA3_NODE_MAGIC),2,1,3
"test_bit(node, qs->qs_conn_bm), ""node %u\n"", node",2,1,3
desc->skb,2,1,3
!tpacpi_inputdev,2,1,3
to->magic == XFS_DIR2_LEAF1_MAGIC || to->magic == XFS_DIR2_LEAFN_MAGIC,2,1,3
"sdp, bd->bd_tr == tr",3,0,3
0 == buf->pt[1].dma,2,1,3
shortest != NULL,2,1,3
oldblk->magic == XFS_ATTR_LEAF_MAGIC,2,1,3
*p + sizeof(len) + len > end,2,1,3
(mask & (ATTR_UID|ATTR_GID|ATTR_ATIME|ATTR_ATIME_SET| ATTR_MTIME_SET|ATTR_KILL_PRIV|ATTR_TIMES_SET)) == 0,2,1,3
be16_to_cpu(bests[findex]) != NULLDATAOFF,2,1,3
b->level && replace_key,2,1,3
CreditDistFunc == NULL,1,2,3
k >= ARRAY_SIZE(c->deps),2,1,3
(y + height) > dev->info->var.yres,2,1,3
!kacpid_wq,2,1,3
!(cee != NULL),2,1,3
group_value == SCIC_SDS_REMOTE_NODE_TABLE_FULL_SLOT_VALUE,2,1,3
args->alignment == 1,2,1,3
layr != NULL,3,0,3
!ap_msg->receive,2,1,3
seenzero == 0,2,1,3
ct->timeout.data == (unsigned long)ct,2,1,3
rc == ENOENT,2,1,3
(sizeof(struct bdx_stats) / sizeof(u64)) != i,2,1,3
flits > SGE_MAX_WR_LEN / sizeof(__be64),2,1,3
*length > (unsigned)MV_U3D_EP_MAX_LENGTH_TRANSFER,2,1,3
bar >= PCIM_IOMAP_MAX,2,1,3
dmabuf->vmapping_counter,2,1,3
sgi_source_id & ~7,2,1,3
rpc->srpc_bulk == NULL || ev->ev_fired,2,1,3
oa->o_valid & OBD_MD_FLGROUP,3,0,3
sizeof (struct obj_bsslist) != 4,2,1,3
ioc4_misc == NULL,2,1,3
ioc4_serial == NULL,2,1,3
udc->driver,2,1,3
"bpf_get_next_key(map_fd, &key, &key) == -1 && errno == ENOENT",3,0,3
imap.br_blockcount >= 1,2,1,3
!journal->j_committing_transaction,2,1,3
I915_NUM_RINGS > 16,2,1,3
(j + last_slot) >= reg->hr_blocks,2,1,3
!lh,2,1,3
from->magic == XFS_DA3_NODE_MAGIC,2,1,3
"(int)offsetof(lnet_hdr_t, msg.get.sink_length) == 64",2,1,3
(unsigned long)n & LIST_BL_LOCKMASK,3,0,3
inum != be64_to_cpu(dep->inumber),2,1,3
tmp != NULL,3,0,3
bn || XFS_IS_REALTIME_INODE(XFS_I(inode)),2,1,3
!ISNULLSTARTBLOCK(got.br_startblock),1,2,3
sizeof(priv->rates_24) != sizeof(mwl8k_rates_24),2,1,3
blk2->magic == XFS_ATTR_LEAF_MAGIC,2,1,3
conf != NULL,2,1,3
save_blk->magic == XFS_DA_NODE_MAGIC || save_blk->magic == XFS_DIR2_LEAFN_MAGIC || save_blk->magic == XFS_ATTR_LEAF_MAGIC,2,1,3
((unsigned long)&hp->mdesc) & (16UL - 1),2,1,3
fb_ptr == NULL,2,1,3
c->busaddr & 0x0000007F,3,0,3
btnum == XFS_BTNUM_BNO || btnum == XFS_BTNUM_CNT,2,1,3
pgd_none(*pgd) || pgd_bad(*pgd),2,1,3
atomic_read(&ch->kthreads_active) != 0,2,1,3
size <= 0 || size > EXT4_BLOCKS_PER_GROUP(ac->ac_sb),2,1,3
write_len > 64 - 4,2,1,3
args->rmtvaluelen == args->valuelen,2,1,3
UI_SIZE != 4,2,1,3
mutex_is_locked(&host_ui->ui_mutex),3,0,3
!freehdr.firstdb,2,1,3
txdp->host_control != 0,2,1,3
EFX_FARCH_FILTER_INDEX_MC_DEF != EFX_FARCH_FILTER_MC_DEF - EFX_FARCH_FILTER_UC_DEF,2,1,3
curid >= 0,2,1,3
del_nr > 0,3,0,3
hba,3,0,3
mrq->data->blksz > host->max_blk_size,2,1,3
be64_to_cpu(d->d_rtb_softlimit) <= be64_to_cpu(d->d_rtb_hardlimit),2,1,3
route->ksnr_peer == NULL,2,1,3
sizeof(par->mmap_map) != sizeof(__cg14_mmap_map),2,1,3
!journal->j_checkpoint_transactions,2,1,3
msg->msg_type == SRPC_MSG_TEST_REQST,2,1,3
prevdq != newdq,2,1,3
ret == -EIOCBQUEUED && !(iocb->ki_flags & IOCB_DIRECT),2,1,3
group != audit_watch_group,2,1,3
"(int)offsetof(lnet_hdr_t, dest_nid) == 0",2,1,3
addr != 0x72C0,2,1,3
!list_empty(&rbp->rbp_bufs),2,1,3
ISNULLSTARTBLOCK(new->br_startblock),1,2,3
nat_h245_hook != NULL,2,1,3
lp->tx_skbs[lp->tfd_end].skb != skb,2,1,3
flag >= MAX_FLAGS,3,0,3
item->refcount == 0,2,1,3
channel != OMAP_DSS_CHANNEL_LCD,2,1,3
ip->i_d.di_aformat == XFS_DINODE_FMT_BTREE,2,1,3
num >= 4096,2,1,3
ai->nr_groups != 1,2,1,3
key->alloc.ar_startblock != 0,2,1,3
(lsm != NULL) == ((body->valid & OBD_MD_FLEASIZE) != 0),2,1,3
PVCLOCK_FIXMAP_BEGIN + idx > PVCLOCK_FIXMAP_END,2,1,3
!mm || !q || !mqd || !mqd_mem_obj,2,1,3
ret1,2,1,3
u3d == NULL,2,1,3
"(XFS_AGINO_TO_OFFSET(cur->bc_mp, rec.ir_startino) % XFS_INODES_PER_CHUNK) == 0",2,1,3
tid >= t->ntids,2,1,3
req->rq_reqbuf != NULL,2,1,3
root->root_key.objectid != BTRFS_TREE_RELOC_OBJECTID,2,1,3
!*head,2,1,3
tx->tx_niov == 0,2,1,3
sizeof(gb_cmd) != sizeof(*cmd),3,0,3
grp->grp_nnode >= 1,2,1,3
percpu_init_rwsem(&cgroup_threadgroup_rwsem),2,1,3
h != NULL,2,1,3
(path->active > 0) && (path->active < XFS_DA_NODE_MAXDEPTH),2,1,3
!*comps,2,1,3
!(network->capability & WLAN_CAPABILITY_IBSS),2,1,3
mpic->fixups == NULL,2,1,3
dev->tx_duty_cycle >= 100 || dev->tx_duty_cycle <= 0,2,1,3
sizeof(uid_t) != sizeof(gid_t),2,1,3
!cur_th->t_refcount,2,1,3
!f,3,0,3
ichdr.count > 0 && ichdr.count < args->geo->blksize / 8,2,1,3
!done,2,1,3
ichdr_d->firstused >= tmp,2,1,3
"false, ""Invalid WirelessMode(%#x)!!\n"", rtlpriv->mac80211.mode",2,1,3
"vnode->pending_locks.next, ==, &fl->fl_u.afs.link",2,1,3
oldroothdr.back == 0,2,1,3
len > PPC440SPE_ADMA_DMA_MAX_BYTE_COUNT,2,1,3
"ptr_stale(c, &b->key, i)",2,1,3
num >= cpus_weight(*part->cpt_cpumask),1,2,3
state->inleaf == 1,2,1,3
sizeof(bitmap_super_t) != 256,2,1,3
lolnd_instanced,2,1,3
atomic_read(&cred->usage) != 0,2,1,3
udc->ep0_request,2,1,3
"device, device->state.disk == D_FAILED",2,1,3
"sdp, list_empty(&sdp->sd_ail2_list)",2,1,3
"bh, atomic_read(&bh->b_count) == 0",2,1,3
!the_lnet.ln_routing,2,1,3
src_cnt < 2,2,1,3
"false, ""Unable to obtain 32bit DMA for consistent allocations\n""",2,1,3
"p->object, ==, object",2,1,3
!sou->base.is_implicit,2,1,3
MC_CMD_MAC_STATS_OUT_DMA_LEN != 0,2,1,3
"buf != NULL, return ret;",3,0,3
vq->num_free != vq->vring.num,2,1,3
b->written && !i->keys,2,1,3
IS_ERR(reloc_root),2,1,3
transaction->t_state == T_FINISHED,2,1,3
nbulkiov <= LNET_MAX_IOV,2,1,3
(perms) > 0777,2,1,3
SSB_PCICORE_BCAST_ADDR != SSB_CHIPCO_BCAST_ADDR,2,1,3
to_item,2,1,3
fbno <= args->agbno,2,1,3
maxEdgePower > 0,1,1,2
"ice->pcm != NULL, return -EIO",1,1,2
dentry->d_flags & DCACHE_SHRINK_LIST,1,1,2
path[depth].p_ext == NULL && depth != 0,1,1,2
"fd2, F_SEAL_SHRINK",2,0,2
!pfn_valid(page_to_pfn(page)),1,1,2
"emu && blk, return -EINVAL",1,1,2
"info->channel < RME9652_NCHANNELS, return -EINVAL",1,1,2
target->num_nodes == 0,1,1,2
"self != NULL, return -EFAULT;",2,0,2
(dir->i_d.di_mode & S_IFMT) == S_IFDIR,1,1,2
!dbgdev || !dbgdev->dev || !adw_info,2,0,2
(*spte & PT64_BASE_ADDR_MASK) >> PAGE_SHIFT != page_to_pfn(page),1,1,2
uh == NULL,1,1,2
urb_entry->urb,1,1,2
btrfs_file_extent_disk_num_blocks(item) != 1,1,1,2
"0, ",1,1,2
*first,1,1,2
mutex_is_locked(&dir_ui->ui_mutex),1,1,2
"ISALIGNED((uintptr) di->rxd64, align)",1,1,2
rcu_dereference(nf_nat_irc_hook),1,1,2
logical_block_size == (mask+1) * MD_SECTOR_SIZE,1,1,2
node->in_parent != NULL,2,0,2
atomic_read(&imp->imp_replay_inflight) == 0,2,0,2
"conn_list && max_conns > 0, return -EINVAL",1,1,2
"comp_keys(&node->keys[i], &node->keys[i+1]) >= 0",1,1,2
!send_ioctx,2,0,2
"bpf_lookup_elem(map_fd, &key, &value) == 0 && value == 1234",2,0,2
iip->ili_fields & XFS_ILOG_AEXT,1,1,2
!(*flp)->fl_lmops->fl_break,1,1,2
length > NFS3_MAXNAMLEN,1,1,2
len >= skb->len,1,1,2
use_sg < 0,1,1,2
strlen(ss->name) > MAX_CGROUP_TYPE_NAMELEN,1,1,2
*count < ARRAY_SIZE(opp->sub_io_mem),1,1,2
"list_empty(&r->res_waitqueue),",1,1,2
"old_inode->i_state & I_FREEING, ""Found existing inode %p/%lu/%u state %lu in lock: "" ""setting data to %p/%lu/%u\n"", old_inode, old_inode->i_ino, old_inode->i_generation, old_inode->i_state, new_inode, new_inode->i_ino, new_inode->i_generation",1,1,2
"sdp, state != LM_ST_UNLOCKED",1,1,2
"opl3 != NULL, return -ENXIO",1,1,2
fid_is_idif(fid),1,1,2
!hwlock,2,0,2
timestamp < prev_timestamp,1,1,2
event != SND_SOC_DAPM_PRE_PMD,1,1,2
!ctrl->num_cells,1,1,2
"fcn != NULL, return -EINVAL",1,1,2
"0, ptrace(PTRACE_GETSIGINFO, child_pid, NULL, &info)",2,0,2
"ci->ci_num_cached != OCFS2_INODE_MAX_CACHE_ARRAY, ""Inode %""MLFu64"", num cached = %u, should be %u\n"", oi->ip_blkno, ci->ci_num_cached, OCFS2_INODE_MAX_CACHE_ARRAY",1,1,2
wd->sta.scanMgr.scanReqs[1] == 0,1,1,2
"test_bit(CACHE_SET_STOPPING, &c->flags)",1,1,2
vol->gluebi_refcount >= 0,1,1,2
(type != XHCI_CTX_TYPE_DEVICE) && (type != XHCI_CTX_TYPE_INPUT),1,1,2
be16_to_cpu(save_node->hdr.info.magic) == XFS_DA_NODE_MAGIC,1,1,2
desc->status & IRQ_INPROGRESS,1,1,2
"INT_GET(info->magic, ARCH_CONVERT) == XFS_DIR_LEAF_MAGIC",1,1,2
"cif, return",1,1,2
system_state != SYSTEM_BOOTING && is_vmalloc_addr((void *) x),1,1,2
btp == pb->pb_target,1,1,2
idx == index,1,1,2
next_item->prev != rmap_item,1,1,2
"comp_keys(&node_key, &cpukey) <= 0",1,1,2
be16_to_cpu(drop_leaf->hdr.info.magic) == XFS_DIR_LEAF_MAGIC,1,1,2
array->prog[i] != NULL,1,1,2
ARRAY_SIZE(gpu_process_speedos) != THRESHOLD_INDEX_COUNT,2,0,2
obj_priv->pages_refcount == 0,1,1,2
"sdp, relaxed_state_ok(state, new->gh_state, new->gh_flags)",1,1,2
"atomic_read(&client_stat->nid_exp_ref_count) == 0, ""nid %s:count %d\n"", libcfs_nid2str(client_stat->nid), atomic_read(&client_stat->nid_exp_ref_count)",1,1,2
(oi->ccrev == 12) || (oi->ccrev == 17) || (oi->ccrev == 22),1,1,2
regsva == SI_ENUM_BASE,1,1,2
channel != OMAP_DSS_CHANNEL_DIGIT && channel != OMAP_DSS_CHANNEL_LCD,1,1,2
"0, printk(""rc_type=%x\n"", rc->rc_type);",1,1,2
!(iip->ili_format.ilf_fields & (XFS_ILOG_DDATA | XFS_ILOG_DEXT | XFS_ILOG_DEV | XFS_ILOG_UUID)),1,1,2
irq != bdata->irq,2,0,2
cpu_evtchn_mask == NULL,1,1,2
unlikely(last->vm_end <= last->vm_start),1,1,2
start != end,1,1,2
num_op > (unsigned int) ((u16) -1),1,1,2
mtype >= DISPC_MEMTYPE_NUM || res_map == NULL || !size,1,1,2
efx->type->rxd_ring_mask & (efx->type->rxd_ring_mask + 1),1,1,2
env_end >= env_start && env_end <= env_start + scan_len,1,1,2
((current_stack_pointer() ^ this_cpu_read_stable(kernel_stack)) & ~(THREAD_SIZE - 1)) != 0,1,1,2
(ii->ii_flags & II_FL_VARKEY) == 0,1,1,2
"bio_flagged(io->io_bio, BIO_EOPNOTSUPP)",1,1,2
!memrar_is_valid_rar_type(z),1,1,2
"!(oi->ip_flags & OCFS2_INODE_CACHE_INLINE), ""Inode %llu not marked as inline anymore!\n"", (unsigned long long)oi->ip_blkno",1,1,2
ent->e_tree_depth,1,1,2
sblock_good->pagev[page_num].page == NULL,1,1,2
(buf = MALLOC(CBUFSIZ * CNBUFS)) != NULL,1,1,2
i == dpe->record_nr,1,1,2
map != conn->c_lcong,1,1,2
!req->num_pages,1,1,2
sizeof(channel->info->tx.param) != sizeof(u32),2,0,2
iser_conn->ib_conn->post_recv_buf_count != 0,1,1,2
ip->i_d.di_projid == 0,1,1,2
xlator_obj->seg_id > 0,1,1,2
inode->i_state != I_CLEAR,1,1,2
root->fs_info->current_insert.offset,1,1,2
cb->control != NULL,1,1,2
(!rwsem_is_locked(&mm->mmap_sem)) && (atomic_read(&mm->mm_users) != 0),1,1,2
"cl_page_in_io(page, io)",2,0,2
PageActive(page) && PageUnevictable(page),1,1,2
cmd->cmd_len > sizeof(cp->Request.CDB),1,1,2
"buf != NULL, return",1,1,2
KEY_CSUM(k) > 1,1,1,2
(channelId & 0xff) < dmaChannelCount_1,1,1,2
!sg_miter_next(&host->sg_miter),2,0,2
dma_nents == 0,1,1,2
(tp->t_log_res == 0) || (tp->t_log_res == logspace),1,1,2
hwgroup->handler != NULL,1,1,2
"(flags & XFS_QMOPT_ILOCKED) == 0 || xfs_isilocked(ip, XFS_ILOCK_EXCL)",1,1,2
*buffer_cnt == 0,1,1,2
!(iip->ili_format.ilf_fields & (XFS_ILOG_DDATA | XFS_ILOG_DBROOT | XFS_ILOG_DEV | XFS_ILOG_UUID)),1,1,2
state > 0,1,1,2
ring > VCS,1,1,2
system_state == SYSTEM_BOOTING ? x > MAXMEM : !phys_addr_valid(x),1,1,2
"dmab, return 0",1,1,2
!is_shadow_present_pte(*spte),1,1,2
limit > (1UL << 53),1,1,2
type >= MAX_SWAPFILES,1,1,2
(copyFragCount % db->fragSize) == 0,1,1,2
list_empty(&lli->lli_agl_list),2,0,2
"create && p_blkno == 0 && ocfs2_sparse_alloc(osb), ""ino %lu, iblock %llu\n"", inode->i_ino, (unsigned long long)iblock",1,1,2
nsm == NULL,1,1,2
bc != 0,1,1,2
!block->key_ready,1,1,2
"INT_GET(r1->ar_blockcount, ARCH_CONVERT) < INT_GET(r2->ar_blockcount, ARCH_CONVERT) || (INT_GET(r1->ar_blockcount, ARCH_CONVERT) == INT_GET(r2->ar_blockcount, ARCH_CONVERT) && INT_GET(r1->ar_startblock, ARCH_CONVERT) < INT_GET(r2->ar_startblock, ARCH_CONVERT))",1,1,2
(cpu_buffer->head_page == cpu_buffer->tail_page) && (cpu_buffer->head + length > cpu_buffer->tail),1,1,2
pages & (HV_L2_ENTRIES-1),1,1,2
i != (num_bhs - 1),1,1,2
(e->target & ~J_RANGE_MASK) != (e->code & ~J_RANGE_MASK),1,1,2
iv->bv_page != NULL,1,1,2
cohc->nbr_active_done && cohd_fin == NULL,1,1,2
sh_chan->completed_cookie != desc->cookie - 1,1,1,2
!dev->safe_state,1,1,2
!PageLocked(old_page),1,1,2
XFS_AGI_MAGIC == be32_to_cpu(agip->agi_magicnum),1,1,2
spin_is_locked(&ctx->cc_sec->ps_lock),1,1,2
destaddr != tipc_own_addr,1,1,2
!path->dentry->d_op,2,0,2
!next_free,2,0,2
atomic_read(&peer_req->pending_bios) == 0,1,1,2
status == FALSE,1,1,2
ext->oe_state == OES_TRUNC,1,1,2
(this->bbt_options & NAND_BBT_NO_OOB) && !(this->bbt_options & NAND_USE_FLASH_BBT),1,1,2
" actp->role == CNV_END_SHORT(COMP_ROLE_ACT), actp->role ",1,1,2
mp->nohomeok,2,0,2
chunk->size == 0,1,1,2
outloop:,2,0,2
!PageUptodate(oldpage),1,1,2
saved->magic,1,1,2
max_dma > low,1,1,2
sizeof(wl->pio_tailspace) < 4,2,0,2
"offsetof(typeof(*mea), mea_padding) != 0",1,1,2
!rdev->ops->assoc,1,1,2
sgcnt > adapter->sglen,1,1,2
slot_cnt,2,0,2
((u32) (PKTDATA(pkt)) & DMA_ALIGN_MASK) == 0,1,1,2
cur_parent == NULL || cur_parent->usage > 1,1,1,2
(!is_long_mode(vcpu) && is_pae(vcpu)) || (vcpu->cr3 & ~(PAGE_MASK | CR3_FLAGS_MASK)) == 0,1,1,2
"substream != NULL, goto out",1,1,2
be64_to_cpu(k1->br_startoff) < be64_to_cpu(k2->br_startoff),1,1,2
"false, ""fail H2C cmd - Fw download fail!!!\n""",1,1,2
type == NULL,1,1,2
"sdp, rgd->rd_free >= *n",1,1,2
size > PAGE_SIZE - sizeof(struct rpc_buffer),1,1,2
dfp || oldlen <= be16_to_cpu(hdr->bestfree[2].length),1,1,2
child->d_inode,1,1,2
indexes_count == MB_CACHE_INDEXES_COUNT,1,1,2
bus_id < 1 || bus_id > omap_i2c_nr_ports(),1,1,2
list_empty(&cell->vl_list),2,0,2
"((rmh.stat[0] >> (2*FIELD_SIZE)) & MASK_FIRST_FIELD) == mgr->capture_chips * 2, return -EINVAL",1,1,2
oldsfp->hdr.i8count == 0,1,1,2
list_empty(&device->go_diskless.list),1,1,2
"vp->emu != NULL && vp->hw != NULL, return",1,1,2
"card != NULL && id != NULL, return",1,1,2
"pv.nr, ==, count",2,0,2
xpage != NULL,1,1,2
"ht, tbl, new_hash + new_tbl->size",1,1,2
pool->sp_nwaking < 0,1,1,2
trans != 0,1,1,2
(bdp)->bd_vobj,1,1,2
"INT_GET(tmp_info->forw, ARCH_CONVERT) == drop_blk->blkno",1,1,2
"offsetof(struct sk_buff, queue_mapping) > 0xff",2,0,2
!policy->dead,1,1,2
sense_len > sizeof(*sense),2,0,2
pb->pb_flags & (PBF_DELWRI|_PBF_DELWRI_Q),1,1,2
req->r_ops[0].extent.osd_data != &req->r_data_in,1,1,2
"offsetof(typeof(*seq), ccmp) != offsetof(typeof(*seq), aes_cmac)",2,0,2
!sorted,1,1,2
!ext->oe_urgent,1,1,2
list_empty(se_mem_list),1,1,2
ancestor > BTRFS_FIRST_FREE_OBJECTID,1,1,2
"mb_test_bit(i << 1, buddy2)",2,0,2
"(l_fb_info->vIOBase != NULL), ""IO successfully mapped before mem detect\n""",1,1,2
antennadiv <= 3,1,1,2
&dev->power.lock,2,0,2
delta_w > delta,1,1,2
"amp, return",1,1,2
reg > ARRAY_SIZE(da7210_reg),1,1,2
!child->is_pcie,1,1,2
cplb.switch_d.size < cplb.switch_d.pos,1,1,2
cm_id_priv->state != IW_CM_STATE_CONN_RECV,2,0,2
(KERNEL_IMAGE_START & ~PMD_MASK) != 0,1,1,2
op->status == nfs_ok,1,1,2
"(l_fb_info->vIOBase != (unsigned char*)(-1)), ""l_fb_info->vIOBase mapped in write dac reg\n""",1,1,2
be16_to_cpu(map->size) >= XFS_DIR_LEAF_ENTSIZE_BYNAME(args->namelen),1,1,2
(nr_right + shift) >= max_entries,1,1,2
aport->hw_fragsize >= MIN_FRAGSIZE,1,1,2
!list_empty(&ilist),1,1,2
npages_to_npools(npages) == npools,1,1,2
!sbi->total_valid_node_count,1,1,2
ARRAY_SIZE(iwlagn_ipan_queue_to_tx_fifo) != IWLAGN_FIRST_AMPDU_QUEUE,1,1,2
unit_map[cpu] == NR_CPUS,1,1,2
mo->mo_dir_ops->mdo_is_subdir,1,1,2
param->phyid == cnfg->phy_layers[param->phyid].id,1,1,2
get_order(nr_pages) < KVM_CMA_CHUNK_ORDER - PAGE_SHIFT,1,1,2
&memcg_cache_mutex,1,1,2
!ops->direct_access,1,1,2
"test_bit(CACHEFILES_OBJECT_ACTIVE, &object->flags)",2,0,2
!CMD_TFO(cmd),1,1,2
"!cpumask_test_cpu(cpu, cptab->ctb_parts[cpt].cpt_cpumask)",2,0,2
__thread_has_fpu(task_thread_info(tsk)),1,1,2
vif->mmap_pages[pending_idx] == (void *)(~0UL),1,1,2
XFS_IS_UQUOTA_ON(tp->t_mountp),1,1,2
"false, (""SetHwReg8185(): invalid"" "" aci: %d !\n"", e_aci)",1,1,2
!(c->budg_data_growth & 7),1,1,2
!fa->fa_info,1,1,2
msp->opmode == OPMODE_SIMPLER,1,1,2
irq_info[irq].index != virq,1,1,2
"ras->ras_window_start + ras->ras_window_len >= ras->ras_stride_offset, ""window_start %lu, window_len %lu"" "" stride_offset %lu\n"", ras->ras_window_start, ras->ras_window_len, ras->ras_stride_offset",1,1,2
early_req->rq_repmsg,2,0,2
"(pixsize1 == pixsize2), ""pixsize the same in both aperture\n""",1,1,2
" !mb_test_bit(k, EXT4_MB_BITMAP(e4b))",1,1,2
"!test_bit(OBSOLETE_ZNODE, &zp->flags)",1,1,2
!in_atomic() && !in_irq() && !in_interrupt() && !irqs_disabled(),1,1,2
c->mo_dir_ops->mdo_lum_lmm_cmp,1,1,2
(1 << sk->sk_state) & (TCPF_TIME_WAIT | TCPF_NEW_SYN_RECV),1,1,2
!list_empty(&head),1,1,2
l2 != &old_cg->cg_links,1,1,2
snod->type != UBIFS_CS_NODE,1,1,2
attr_flags & ATTR_NOLOCK ? attr_flags & ATTR_DMI : 1,1,1,2
leader->exit_signal == -1,1,1,2
found || level != NILFS_BTREE_LEVEL_NODE_MIN,1,1,2
drvr_priv->iflist[*ifidx] != NULL,1,1,2
(!is_long_mode(vcpu) && is_pae(vcpu)) || (mmu->get_cr3(vcpu) & CR3_NONPAE_RESERVED_BITS) == 0,1,1,2
"offsetof(struct batadv_frag_packet, dest) != 4",1,1,2
"device, ascw->done != NULL",1,1,2
"offsetof(struct sha1_state, state) != 0",2,0,2
!c->space_fixup,2,0,2
MRST_NUM_RAR != ARRAY_SIZE(memrars),1,1,2
len <= CR_MAXSIZE,1,1,2
!list_empty(&father->children),1,1,2
seqnr != NULL,1,1,2
i > 12,1,1,2
!ctask->dtask,1,1,2
ext > AFFS_I(inode)->i_extcnt,2,0,2
"(codec_index == CS46XX_PRIMARY_CODEC_INDEX) || (codec_index == CS46XX_SECONDARY_CODEC_INDEX), return",1,1,2
length != bio->bi_iter.bi_size,1,1,2
b->written && oldsize >= 0 && bch_count_data(b) != oldsize,1,1,2
bcm->current_core->phy->type == BCM43xx_PHYTYPE_G,1,1,2
"offsetof(struct pt_regs, orig_gpr3) != offsetof(struct pt_regs, msr) + sizeof(long)",2,0,2
!cic->dead_key,1,1,2
atomic_read(&ctx->sc_refcount) == 0,1,1,2
"sdp, !(lck_ret & LM_OUT_ERROR)",1,1,2
"page_idx > ria->ria_stoff, ""Invalid page_idx %lu"" ""rs %lu re %lu ro %lu rl %lu rp %lu\n"", page_idx, ria->ria_start, ria->ria_end, ria->ria_stoff, ria->ria_length, ria->ria_pages",1,1,2
tcp_ctask->sent > ctask->total_length,1,1,2
findex < be32_to_cpu(free->hdr.nvalid),1,1,2
!dev->em2820_write_regs || !dev->em2820_read_reg,1,1,2
"gl, !list_empty(&gl->gl_reclaim)",1,1,2
"offsetof(struct sk_buff, next) != 0",1,1,2
cnt == ifp->if_bytes / (uint)sizeof(*base),1,1,2
!(list_empty(&pdrv_obj->dev_list)),1,1,2
"lsap != NULL, return -1;",2,0,2
pte_write(*ptep) && !pte_dirty(pte),1,1,2
" actp->len >= 6 && actp->len%3 == 0, actp->len ",1,1,2
root->fs_info->cache_size == 0,1,1,2
host->curr.data,1,1,2
"CFS_HOP(hs, put) != NULL",1,1,2
extent_root->current_insert.offset == 0,1,1,2
"INT_GET(dup->freetag, ARCH_CONVERT) == XFS_DIR2_DATA_FREE_TAG",1,1,2
!list_empty(&b->written),1,1,2
IS_ERR(ctx->mrec),2,0,2
XFS_AGF_GOOD_VERSION(be32_to_cpu(agfp->agf_versionnum)),1,1,2
ze <= DP_EMAX,2,0,2
con->state != CON_STATE_CONNECTING,1,1,2
ld->fb,1,1,2
is_huge_zero_page(page),2,0,2
"((rmh.stat[1]>>7)&0x5F) >= PCXHR_PLAYBACK_STREAMS, return -EINVAL",1,1,2
!tpm_ppi_handle,1,1,2
dd->namelen == 0,2,0,2
vmsg && vmsg->lm_bufcount >= 4,1,1,2
"page >= 0 && page < emu->max_cache_pages, return NULL",1,1,2
(1UL << FAULT_AROUND_ORDER) > PTRS_PER_PTE,1,1,2
file_priv,1,1,2
cursor->vector_offset >= bio_vec->bv_len,1,1,2
"hdr, return NULL",1,1,2
"plugin->dst_width > 0, ",1,1,2
skb->protocol != ETH_P_IP,1,1,2
cpu >= 0 && cpu < nr_cpu_ids,2,0,2
config->hpd_reg_cnt > ARRAY_SIZE(hdmi->hpd_regs),1,1,2
ctxt->wc_status != IB_WC_SUCCESS,1,1,2
i > NL80211_MAX_SUPP_REG_RULES,1,1,2
next_time != 0,1,1,2
"rcu_read_lock_sched_held() || lockdep_is_held(&pwq_lock), ""sched RCU or pwq_lock should be held""",1,1,2
"INT_GET(leaf2->hdr.info.magic, ARCH_CONVERT) == XFS_DIR2_LEAFN_MAGIC",1,1,2
todo < 0 || todo > ec_dev->din_size,2,0,2
it->cache != net->ipv6.mfc6_cache_array,1,1,2
!timer_pending(&exp_timeout),1,1,2
"plug != NULL && params != NULL, return -ENXIO",1,1,2
dt->do_body_ops->dbo_write,1,1,2
"probe == INT_GET(leaf->hdr.count, ARCH_CONVERT) || args->oknoent",1,1,2
"save_blk->magic == INT_GET(save_info->magic, ARCH_CONVERT)",1,1,2
"ldb == xfs_dir2_byte_to_db(mp, XFS_DIR2_LEAF_OFFSET)",1,1,2
!usb_pipeisoc(channel->endpoint) || usb_pipein(channel->endpoint),1,1,2
!file->f_mapping->a_ops->get_xip_mem,1,1,2
cpu_to_node(this_cpu) == nid,1,1,2
"drop_blk->index < INT_GET(node->hdr.count, ARCH_CONVERT)",1,1,2
ctask->unsol_count < 0,1,1,2
"plugin->access == SNDRV_PCM_ACCESS_RW_INTERLEAVED || format->channels <= 1, return -ENXIO",1,1,2
pool_id <= (u64) U32_MAX,1,1,2
xd->xname,1,1,2
unit_map[tcpu] == unit,1,1,2
(mddev->dev_sectors & ~((sector_t)mddev->chunk_size / 512 - 1)) - (conf->chunk_size / 512) - stripe_addr != sector_nr,1,1,2
sc->sc_bslot[avp->av_bslot] != ATH_IF_ID_ANY,1,1,2
!(range_length < (1 << btp->pbr_sshift)),1,1,2
freeseen == 7,1,1,2
locale_idx < ARRAYSIZE(g_locale_5g_table),1,1,2
!list_empty(&nes->entry_list),1,1,2
efx->net_dev->priv != efx,1,1,2
scsi_sg_count(cmd) > 16,1,1,2
"!xfs_alloc_busy_search(args->mp, args->agno, args->agbno, args->len)",1,1,2
iip->ili_format.ilf_dsize <= ip->i_df.if_bytes,1,1,2
lcfg,1,1,2
"(HPI_CONTROL_LAST_INDEX + 1 == 27), controltype_strings_match_defs",1,1,2
"iface, return -EINVAL",1,1,2
mask & XFS_AT_PROJID,1,1,2
fld->lsf_control_exp,1,1,2
bio->bi_error,2,0,2
x < PAGE_OFFSET || (system_state != SYSTEM_BOOTING && is_vmalloc_addr((void *)x)),1,1,2
atomic_read(&pb->pb_hold) >= 0,1,1,2
"""wrong number of groups"", 2 == evlist->nr_groups",2,0,2
"(rbits & ~0xfffff) == 0, return -EINVAL",1,1,2
(struct list_head *) e == &con->writequeue,1,1,2
list_empty(&lv->lv_item->li_cil),1,1,2
!file && !bitmap->mddev->bitmap_info.offset,1,1,2
sizeof(struct usb_req_write_regs) + USB_MAX_IOWRITE16_COUNT * sizeof(struct reg_data) > sizeof(usb->req_buf),1,1,2
"subformat <= SNDRV_PCM_SUBFORMAT_LAST, return NULL",1,1,2
ci->ci_mode == F2FS_ENCRYPTION_MODE_INVALID,1,1,2
obd->obd_cntr_base == 0,1,1,2
root->prio_tree_node != old,1,1,2
nf_conntrack_destroyed == NULL,1,1,2
DSP_FAILED(status) || (dev_obj->hbridge_context != NULL),1,1,2
hlist_unhashed(&export->exp_nid_hash),1,1,2
page_pools.epp_pools,2,0,2
(unsigned long)addr & 3,2,0,2
(unsigned long)(this_cpu_sp0() - current_stack_pointer()) >= THREAD_SIZE,1,1,2
be16_to_cpu(info->magic) == XFS_DA_NODE_MAGIC || be16_to_cpu(info->magic) == XFS_DIRX_LEAF_MAGIC(state->mp) || be16_to_cpu(info->magic) == XFS_ATTR_LEAF_MAGIC,1,1,2
ib_conn->state == ISER_CONN_UP,1,1,2
dqp->q_blkno != HOLESTARTBLOCK,1,1,2
index <= max - 1,1,1,2
i < be32_to_cpu(btp->count),1,1,2
sizeof(struct xhci_device_control) != (8+8+8*31)*32/8,1,1,2
!thresholds,1,1,2
!cpu_online(me),1,1,2
"GFS2_SB(inode), (ip->i_di.di_mode & S_IFMT) == (inode->i_mode & S_IFMT)",1,1,2
prev != sseq->node_list,1,1,2
offset >= priv->cfg->eeprom_size,1,1,2
lsn == NULL,1,1,2
cpa->processed > numpages,1,1,2
nimaps == 1,1,1,2
!olck->ols_hold,2,0,2
dp->max_synthdev >= SNDRV_SEQ_OSS_MAX_SYNTH_DEVS,1,1,2
"bpf_update_elem(map_fd, &key, &value, BPF_ANY) == 0",2,0,2
e.names_count | e.numbers_count | e.condc,1,1,2
"INT_GET(leaf->hdr.stale, ARCH_CONVERT) > 1",1,1,2
mp->tx_curr_desc == mp->tx_used_desc,1,1,2
!(info->flags & SHMEM_TRUNCATE),1,1,2
b->sets->data->seq != i->seq,1,1,2
is_t4(adap->params.chip),1,1,2
mddev->chunk_size != mddev->new_chunk,1,1,2
"(int)offsetof(struct hsm_attrs, hsm_compat) == 0, ""found %lld\n"", (long long)(int)offsetof(struct hsm_attrs, hsm_compat)",1,1,2
"!alloc_profile_is_valid(flags, 0)",1,1,2
addr + size > chunk->end_addr,1,1,2
iser_conn->state != ISER_CONN_DOWN,1,1,2
be16_to_cpu(free->bests[findex]) >= length,1,1,2
!mem_list,1,1,2
reg >= RST_DEVICES_NUM,1,1,2
rw == WRITE && !dev->writeable,1,1,2
ctx.idx_out < clone->bi_vcnt,1,1,2
"sdp, ((int)sdp->sd_log_commited_revoke) >= 0",1,1,2
!omap_dma_base,1,1,2
"snd_pcm_format_linear(dst_format->format) != 0, return -ENXIO",1,1,2
dst,1,1,2
e4b == NULL,1,1,2
sizeof(struct slob_page) != sizeof(struct page),1,1,2
rcu_dereference(ip_nat_sdp_hook),1,1,2
file->f_path.dentry,1,1,2
"ip->i_sbd, height",1,1,2
!vma->vm_ops || !vma->vm_ops->nopage,1,1,2
"dma->right_slot == chip->src_right_play_slot, ",1,1,2
sizeof(struct kvm_vcpu) > VCPU_STRUCT_SIZE/2,1,1,2
TX_RING_SIZE > 0x1000,1,1,2
!rvoice,2,0,2
"sdp, !atomic_read(&sdp->sd_unlinked_count)",1,1,2
obj->base.write_domain,1,1,2
"pcm_channel->pcm_reader_scb->parent_scb_ptr == NULL, ; ",1,1,2
atomic_read(&inode->i_count) == 1,1,1,2
"htab_bolt_mapping(dart_tablebase+16*MB, base + size, dart_tablebase+16*MB, mode_rw, mmu_linear_psize)",1,1,2
"kcontrol->info != NULL, return -EINVAL",1,1,2
file_ext->flow_ctrl_creds <= 0,1,1,2
"!rv, dlm_print_rsb(r);",1,1,2
phr->h.specific_error > MIN_STRV_PACKET_SIZE && phr->h.specific_error < 1000,1,1,2
p->numa_faults_buffer_memory,1,1,2
"(int)offsetof(struct som_attrs, som_blocks) == 24, ""found %lld\n"", (long long)(int)offsetof(struct som_attrs, som_blocks)",1,1,2
"preamp < 4, return",1,1,2
sizeof(*cmd) != sizeof(i2400m_NBOOT_BARKER),1,1,2
from->magic == XFS_DIR2_FREE_MAGIC || from->magic == XFS_DIR3_FREE_MAGIC,1,1,2
pos + fskb->len != offset + len,1,1,2
cpu_cache_get(malloc_sizes[INDEX_AC].cs_cachep) != &initarray_generic.cache,1,1,2
first_peer_device(device)->connection->net_conf == NULL,1,1,2
"!spin_is_locked(lock), lock, ""already unlocked""",1,1,2
(addr & (PAGE_SIZE-1)) != 0,1,1,2
rate != SB8_RATE(11025) && rate != SB8_RATE(22050),2,0,2
token.len <= buflens[1],1,1,2
udpcksm && tcpcksm,1,1,2
CONFIG_PHYSICAL_START & (__KERNEL_ALIGN - 1),1,1,2
"0 <= idx && idx < stats->ls_num, ""idx %d, ls_num %hu\n"", idx, stats->ls_num",2,0,2
!(VLAN_N_VID == BFI_ENET_VLAN_ID_MAX),1,1,2
!PageCgroupLocked(pc),1,1,2
list_empty(&left_buf->dirty),1,1,2
&nvbo->bo.resv->lock.base,1,1,2
runtime->period_size > 0xffff + 1,1,1,2
!ivec,1,1,2
!!obj_request->img_request ^ (obj_request->which == BAD_WHICH),1,1,2
offset < PAGE_CACHE_SIZE,1,1,2
"stmp3xxx_dma_running(STMP3XXX_DMA(chain->channel, chain->bus))",1,1,2
(value & ~0x000F) == 0x0000,1,1,2
lli->lli_size_sem_owner != current,1,1,2
gctx->gc_base.cc_sec,1,1,2
"chip->dsp_code_to_load && chip->comm_page, return -EPERM",1,1,2
index == be16_to_cpu(leaf->hdr.count) || be32_to_cpu(leaf->ents[index].hashval) >= args->hashval,1,1,2
tp && IS_LEAF(tp),1,1,2
!cmd->se_tfo->task_sg_chaining,1,1,2
nat->info.ct->status & IPS_NAT_DONE_MASK,1,1,2
"voice != NULL, return",1,1,2
"!PageLocked(old_page), old_page",1,1,2
"chip->ops->out8, return",1,1,2
d_refcount(de) == 1,1,1,2
ql != NULL,1,1,2
"sdp, !mapping->nrpages",1,1,2
atomic_read(&llh->llh_refcount) > 0 && atomic_read(&llh->llh_refcount) < 0x5a5a,1,1,2
"id != NULL, return -EINVAL",1,1,2
"chip->pcm_spdif != NULL, return -EIO",1,1,2
"(index >= 0) && (index <= INT_GET(leaf->hdr.count, ARCH_CONVERT))",1,1,2
rs->rs_repbuf->lm_bufcount == 3,1,1,2
VMALLOC_START >= VMALLOC_END,2,0,2
!map->active,1,1,2
"cgroup_css(cgrp, i)->cgroup != cgrp",1,1,2
"""failed leadking files"", nr == nr_end",2,0,2
blk_addr >= MAX_BLKADDR(sbi),1,1,2
rs->rs_nlocks < RS_MAX_LOCKS,1,1,2
!cohc->allocated && (list_empty(&cohc->active) || list_empty(&cohc->queue)),1,1,2
(status == STATUS_SUCCESS) || (status == STATUS_PENDING),1,1,2
"chip->ops->write_codec, return",1,1,2
!S_ISDIR(dir->i_mode),1,1,2
pid >= MAX_PID,1,1,2
xfs_dir_trace_buf,1,1,2
ref_table.entries && object,1,1,2
(end_pfn) & (pageblock_nr_pages - 1),2,0,2
"FD(evsel, nr_cpu, thread_index) >= 0",1,1,2
!(c->vfs_sb->s_flags & MS_RDONLY) || c->remounting_rw,1,1,2
!nv_connector->native_mode,1,1,2
"rmh->cmd_len<PCXHR_SIZE_MAX_CMD, return -EINVAL",1,1,2
"instance, !(avail_space % stride)",1,1,2
!country_ie_regdomain,1,1,2
param.wdsize == 0 || param.dummy_count == 0,1,1,2
d->do_body_ops->dbo_read_prep,1,1,2
num >= cpumask_weight(part->cpt_cpumask),2,0,2
"tp, ""NULL transport"", return",1,1,2
"IS_ALIGNED((unsigned long)di->rxd32, align)",1,1,2
!thread_group_empty(current),1,1,2
r_xprt->rx_buf.rb_cwndscale <= 0,1,1,2
cl_object_attr_guard(obj),2,0,2
counter_index >= counters_per_chip,1,1,2
((uintptr) bi + dtoh32(bi->length)) <= ((uintptr) list + buflen),1,1,2
list_empty(&device->resync_work.list),1,1,2
"sizeof(""""prefix) > MAX_PARAM_PREFIX_LEN",1,1,2
num_entries == 0,2,0,2
IS_ERR(drv),1,1,2
be32_to_cpu(r1->ar_startblock) + be32_to_cpu(r1->ar_blockcount) <= be32_to_cpu(r2->ar_startblock),1,1,2
extent_root->current_insert.flags == extent_root->current_insert.offset,1,1,2
"vdso_alloc_per_cpu(smp_processor_id(), lowcore)",1,1,2
CXL_API_VERSION != 1,1,1,2
((ulong32) rspq->rspbuf & 0xFFFFFFE0) == (ulong32) rspq->rspbuf,1,1,2
sizeof(*ack) > ack_size,1,1,2
"htab_bolt_mapping(base, base + size, __pa(base), mode_rw, mmu_linear_psize, mmu_kernel_ssize)",1,1,2
indexp == NULL,1,1,2
"chip->playback.pcm_ctl, return -EIO",1,1,2
bearer_id < MAX_BEARERS,1,1,2
"snd_pcm_format_linear(format->format) != 0, return -ENXIO",1,1,2
"mcrd, return",1,1,2
"IS_ALIGNED((uintptr) skb->data, 2)",1,1,2
vma->vm_start >= _addr + PMD_SIZE,1,1,2
srev == 3,1,1,2
atomic_read(&req->count) != 1,1,1,2
cnt == 1 || cnt == 2,1,1,2
snap->size == snap_size,1,1,2
slabp->active >= cachep->num,1,1,2
k < 0,1,1,2
sizeof *f0 == sizeof f0->f_seq + sizeof f0->f_oid + sizeof f0->f_ver,1,1,2
"offsetof(struct cfctrl, serv.layer) == 0",2,0,2
cgrp->subsys[i] != dummytop->subsys[i],1,1,2
ip_nat_pptp_hook_inbound,1,1,2
"rfile->input != NULL || rfile->output != NULL, return -ENXIO",1,1,2
exts[nr].compression || exts[nr].encryption,1,1,2
d_backing_inode(subdir),2,0,2
"lkb->lkb_astparam, dlm_print_lkb(lkb);",1,1,2
args->msg_size == 0,1,1,2
off % RDS_FRAG_SIZE,2,0,2
"noise_dist <= (snd_pcm_sframes_t)runtime->silence_threshold, ",1,1,2
"rgd->rd_sbd, x <= length",1,1,2
num_ops == 1 || (write_request && num_ops == 2),1,1,2
nents != 1,1,1,2
size + offset > PAGE_SIZE,1,1,2
idx > bio->bi_vcnt,1,1,2
extra > isl_oid[n].range,2,0,2
ip_nat_tftp_hook,1,1,2
list_empty(&u->link),2,0,2
"rcu_is_watching(), ""rcu_read_lock_sched() used illegally while idle""",1,1,2
cmd != REQ_IDETAPE_READ && cmd != REQ_IDETAPE_WRITE,2,0,2
atomic_read(&efip->efi_next_extent) >= nextents,1,1,2
prev != sseq->zone_list,1,1,2
!(IsListEmpty(&(_pAdapt)->FreeSglBuffers)),1,1,2
q_depth <= BFA_IOCFC_QDEPTH_MAX,1,1,2
sizeof(channel->info->tx.param) != sizeof(u8),2,0,2
"pipe_index < px_num(chip), return -EINVAL",1,1,2
model,1,1,2
btrfs_root_bytenr(&root->root_item) != cur->bytenr,1,1,2
!ret && newid != id,1,1,2
len > maxstrlen,1,1,2
ll_d_hlist_empty(&inode->i_dentry),1,1,2
"""popping non-kernel context!\n""",1,1,2
dt->do_index_ops->dio_insert,1,1,2
"sdp, ((int)sdp->sd_log_commited_buf) >= 0",1,1,2
"*firstblock == NULLFSBLOCK || XFS_FSB_TO_AGNO(mp, *firstblock) == XFS_FSB_TO_AGNO(mp, bma->firstblock) || (flist->xbf_low && XFS_FSB_TO_AGNO(mp, *firstblock) < XFS_FSB_TO_AGNO(mp, bma->firstblock))",1,1,2
!rate,2,0,2
head_blk <= INT_MAX && (xfs_daddr_t) num_scan_bblks - head_blk >= 0,1,1,2
!ss->create,1,1,2
vif->dealloc_task,1,1,2
(XFS_BUF_ISERROR(bp)) == 0,1,1,2
(pb->pb_flags & _PBF_DELWRI_Q) == 0,1,1,2
VNHEAD(vp) == NULL,1,1,2
wport->byte_count % wport->frame_size == 0,1,1,2
type->name == NULL,1,1,2
first_fn && ref_obsolete(first_fn->raw),1,1,2
"channel < NR_APUS, return",1,1,2
hcrx == NULL || !(hcrx->ccid3hcrx_state == TFRC_RSTATE_NO_DATA || hcrx->ccid3hcrx_state == TFRC_RSTATE_DATA),1,1,2
"F2FS_P_SB(dentry_page), *max_slots < 0",1,1,2
!list_empty(&ieee80211_crypto_algs),1,1,2
node->ref_mod == 0,1,1,2
"val != 0, return -EINVAL",1,1,2
atomic_read(&anon_vma->external_refcount) <= 0,1,1,2
extending && (i_size_read(inode) != new_i_size),1,1,2
irq < IRQ_MV78XX0_GPIO_0_7 || irq > IRQ_MV78XX0_GPIO_24_31,1,1,2
list_empty(&xfs_mount_list),1,1,2
ret == -EIOCBQUEUED && !(file->f_flags & O_DIRECT),1,1,2
lli->lli_size_sem_owner == NULL,1,1,2
i < ARRAYSIZE(chan_info_nphy_2055),1,1,2
bit != ctx->index_hw,1,1,2
!(rq->cmd_flags & REQ_ON_PLUG),1,1,2
(vma->vm_end % HPAGE_SIZE) != 0,1,1,2
&lockres->spinlock,1,1,2
"!bio_flagged(bio, BIO_EOPNOTSUPP)",1,1,2
!fcoe,1,1,2
"htab_bolt_mapping(base, dart_tablebase, __pa(base), mode_rw, mmu_linear_psize, mmu_kernel_ssize)",1,1,2
mapi == 1,1,1,2
"cpumask_test_cpu(cpu, cpu_present_mask)",1,1,2
osb->s_clustersize_bits > 20,1,1,2
"""wrong name"", !strcmp(perf_evsel__name(evsel), ""raw 0x2:u"")",1,1,2
card->cmdbuffer,1,1,2
be16_to_cpu(info->magic) == XFS_ATTR_LEAF_MAGIC,1,1,2
"notify != NULL && notify->n_register != NULL && notify->n_unregister != NULL, return -EINVAL",1,1,2
xen_start_info->nr_pages >= MAX_GUEST_PAGES,1,1,2
!chip->dsp_code_to_load || !chip->comm_page,1,1,2
list_empty(&path->nodes[i]->dirty),1,1,2
MAX_NUMNODES*4 > PAGE_SIZE/2,1,1,2
"oss_buffer_size >= 0, err = -EINVAL; goto failure",1,1,2
!mutex_is_locked(&efx->spi_lock),1,1,2
"emu->ops.get_voice != NULL, return",1,1,2
"info->channel < HDSPM_MAX_CHANNELS, return -EINVAL",1,1,2
!bio->bi_vcnt,1,1,2
bcm->current_core->rev >= 5,1,1,2
skb_headroom(skb) < sizeof(*untd_hdr_cmp),1,1,2
pci_id->driver_data >= ARRAY_SIZE(models),1,1,2
__ksp0 & CPU_MASK_VALUE,1,1,2
ret & VM_FAULT_FALLBACK,2,0,2
len > KEY_SIZE(k),2,0,2
is_empty_shadow_page(page->page_hpa),1,1,2
map_context->flush_request >= sc->stripes,1,1,2
ctrl->first_req,1,1,2
mask == 1 || mask == 3 || mask == 7,1,1,2
"(channel <= 14), (""2G but channel>14"")",1,1,2
bfa_fcs_port_is_initiator(port) ^ bfa_fcs_port_is_target(port),1,1,2
"(!__reg_is_valid_request(rd->alpha2, &this_request))",1,1,2
start_entry <= c_ptr->highest_node,1,1,2
!mem_load_req,1,1,2
!list_empty(&tsk->children),1,1,2
"""wrong refcnt"", mg->refcnt, 4",1,1,2
iip->ili_fields != 0,1,1,2
mp->tx_used_desc != mp->tx_curr_desc,1,1,2
parent->blockptrs[parent_slot] != leaf->header.blocknr,1,1,2
d_refcount(cfs_fs_pwd(current->fs)),1,1,2
"&next_lip->li_ail == &ailp->xa_ail || XFS_LSN_CMP(next_lip->li_lsn, lip->li_lsn) <= 0",1,1,2
"gl, ret != LM_OUT_ASYNC",1,1,2
osd_req != NULL,2,0,2
"XFS_IFORK_FORMAT(ip, whichfork) != XFS_DINODE_FMT_BTREE || XFS_IFORK_NEXTENTS(ip, whichfork) > ifp->if_ext_max",1,1,2
rqbd->rqbd_refcount == 0,2,0,2
sizeof(struct dot11_delba) == DOT11_DELBA_LEN,1,1,2
seg_len < len,1,1,2
"memcmp(pte, empty_zero_page, PAGE_SIZE)",1,1,2
list_empty(&upcall_lists[i]),1,1,2
"sdp, sdp->sd_log_num_buf + sdp->sd_log_num_jdata == sdp->sd_log_commited_buf",1,1,2
efx->mcdi && atomic_read(&efx->mcdi->iface.state) != MCDI_STATE_QUIESCENT,1,1,2
"asoc->base.dead, ""Assoc is not dead"", return",1,1,2
PfnCount <= MAX_MULTIPAGE_BUFFER_COUNT,1,1,2
"dev_priv, pipe, PCH_DP_D",1,1,2
wq->sq.in_use < 0 && wq->sq.in_use < wq->sq.size,1,1,2
nret == fs->freereg - first,1,1,2
rcu_dereference(ip_nat_pptp_hook_expectfn),1,1,2
PageLRU(page_tail),1,1,2
inode->i_state & I_NEW,2,0,2
wret < 0,1,1,2
"IS_ALIGNED((uintptr) di->rxd32, align)",1,1,2
group != e4b->bd_group && pa->pa_len != 0,2,0,2
!HC_IS_RUNNING(xhci_to_hcd(xhci)->state),1,1,2
i == BFA_MSIX_LPU_ERR,1,1,2
"op->state, ==, FSCACHE_OP_ST_PENDING",2,0,2
xe <= DP_EMAX,2,0,2
rq->bio == NULL,1,1,2
bnew + blen <= ltend,1,1,2
sizeof(priv->rates) != sizeof(mwl8k_rates),1,1,2
curr_djob,1,1,2
!ext4_ext_is_uninitialized(ex) && split_flag & (EXT4_EXT_MAY_ZEROOUT | EXT4_EXT_MARK_UNINIT1 | EXT4_EXT_MARK_UNINIT2),1,1,2
blkio_policy[blkiop->plid],1,1,2
"channel < NR_APUS, return 0",1,1,2
phr != NULL,1,1,2
(h->cbh_hwm & CBH_MASK) == 0,1,1,2
"OCFS2_I(inode)->ip_orphaned_slot != orphaned_slot && OCFS2_I(inode)->ip_orphaned_slot != OCFS2_INVALID_SLOT, ""Inode %""MLFu64"": Node %d "" ""says it's orphaned in slot %d, we think it's in %d\n"", OCFS2_I(inode)->ip_blkno, be32_to_cpu(resp->r_hdr.h_node_num), orphaned_slot, OCFS2_I(inode)->ip_orphaned_slot",1,1,2
((ulong32) rspq->rspbuf & 0xFFFFF000) == (ulong32) rspq->rspbuf,1,1,2
size & 4095,1,1,2
"rcu_is_watching(), ""ist_enter didn't work""",1,1,2
xe <= SP_EMAX,2,0,2
denali->buf.tail >= sizeof(denali->buf.buf),1,1,2
tx_queue->insert_count - tx_queue->read_count > efx->type->txd_ring_mask,1,1,2
cb != NULL,1,1,2
"(&next_lip->li_ail == &ailp->xa_ail) || (XFS_LSN_CMP(next_lip->li_lsn, lip->li_lsn) <= 0)",1,1,2
"what == 0, return -EINVAL",1,1,2
!interval_is_intree(&node->li_node),2,0,2
"skb_headroom(skb) >= (LAP_ADDR_HEADER+LAP_CTRL_HEADER), return;",2,0,2
list_empty(&l_buf->dirty),1,1,2
pi->sih->buscorerev == 7,1,1,2
!log,1,1,2
"""can't get session"", session",2,0,2
XFS_DQ_IS_LOCKED(udqp),1,1,2
"itemlist, return -EINVAL",1,1,2
!list_empty(&mp->mapper),1,1,2
!(range_base & (loff_t)btp->pbr_smask),1,1,2
chip_rev,1,1,2
sizeof(struct skb_frame_desc) > sizeof(skb->cb),1,1,2
"device, peer_device->connection->agreed_pro_version >= 89",2,0,2
buff && klen,1,1,2
dma_size > DMA_BUF_SIZE,1,1,2
!cur || (cur->bc_private.b.flags & XFS_BTCUR_BPRV_WASDEL),1,1,2
head->next_pending != f,1,1,2
atomic_read(&job->js_refcount) > 0,1,1,2
(!(lock_flags & XFS_IOLOCK_SHARED)) || (ip->i_itemp->ili_flags & XFS_ILI_IOLOCKED_ANY),1,1,2
(type == AUDIT_MAC_IPSEC_ADDSPD || type == AUDIT_MAC_IPSEC_DELSPD) && !xp,1,1,2
last_complete < 0,1,1,2
dev->ats_cap && dev->ats_enabled,1,1,2
len > crypto_blkcipher_blocksize(cipher) * 2,1,1,2
"freehdr.firstdb == dp->d_ops->free_max_bests(mp) * (fdb - xfs_dir2_byte_to_db(args->geo, XFS_DIR2_FREE_OFFSET))",1,1,2
__closure_type(*cl) > MAX_CLOSURE_TYPE,1,1,2
sampsize == 1 || sampsize == 2,1,1,2
rh == NULL,1,1,2
tsk->state & (TASK_STOPPED|TASK_TRACED),1,1,2
to_pci_dev(dev)->dma_mask,2,0,2
!imp->imp_rq_pool,1,1,2
from_obj->ring != ring,1,1,2
wl->resched == FALSE,1,1,2
!list_empty(&event->private_data_list),1,1,2
swidx >= 0 && swidx + nb <= wport->swbuf_size,1,1,2
!mutex_trylock(&clobj->cob_inode->i_mutex),2,0,2
new_inode->i_nlink == 0,1,1,2
lpar_addr >= map.r1.base + map.r1.size,1,1,2
"f != NULL && f->pool != NULL, return -EINVAL",1,1,2
lip == (xfs_log_item_t*)base,1,1,2
(rq->flags & REQ_DRIVE_TASKFILE) && rq->nr_sectors > 256,1,1,2
(adapter->state == SXG_STATE_INITIALIZING) || (adapter->state == SXG_STATE_HALTING),1,1,2
!list_empty(&bd->bd_ail_gl_list),1,1,2
i >= NUM_IOCTLS,1,1,2
"(args->index == INT_GET(hdr->count, ARCH_CONVERT)-1) || (INT_GET(entry->hashval, ARCH_CONVERT) <= (INT_GET((entry+1)->hashval, ARCH_CONVERT)))",1,1,2
priv == 0,1,1,2
IS_LEAF(tn),1,1,2
bbio != NULL,1,1,2
!(ap->flags & ATA_FLAG_IN_EH),1,1,2
(void *)tmp >= (void *)container_entity,1,1,2
kmalloc_caches->size < sizeof(struct kmem_cache_node),1,1,2
netbk->mmap_pages[pending_idx] == (void *)(~0UL),1,1,2
diff > ring->w_nr,2,0,2
mem_cgroup_is_obsolete(mem),1,1,2
ARRAY_SIZE(iwl5000_default_queue_to_tx_fifo) != 10,1,1,2
"F2FS_I_SB(dn->inode), !need_put && index",1,1,2
!cp->use_count,1,1,2
log->l_grant_reserve_cycle-1 == log->l_grant_write_cycle,1,1,2
atomic_read(&device->md_io_in_use) == 1,1,1,2
" 1 <= CNV_END_SHORT(supp->top) && CNV_END_SHORT(supp->top) <=99, supp->top ",1,1,2
"sdp, !released",1,1,2
"(HPI_SOURCENODE_LAST_INDEX - HPI_SOURCENODE_NONE + 1) == (12), sourcenode_strings_match_defs",1,1,2
val >= 0,1,1,2
n > 3,1,1,2
rcu_dereference(ip_nat_sip_hook),1,1,2
frame_len && list_empty(&se_cmd->t_mem_list),1,1,2
pps == NULL,1,1,2
"ip->i_sbd, S_ISREG(ip->i_di.di_mode)",1,1,2
!is_bad_inode(inode),1,1,2
me->arch.init_stub_count > me->arch.init_stub_max,1,1,2
direction != DMA_TO_DEVICE,1,1,2
task_thread_info(tsk)->status & TS_USEDFPU,1,1,2
"!test_and_clear_bit(packet->tlabel, tp->pool)",1,1,2
"fd2, F_SEAL_WRITE",2,0,2
tape->merge_stage_size,1,1,2
o2->mo_ops->moo_swap_layouts,1,1,2
cli->cl_mgc_los != NULL,1,1,2
q->flush_pending_idx == q->flush_running_idx,1,1,2
"offsetof(struct batadv_unicast_packet, dest) != 4",1,1,2
cow_len == 0,2,0,2
tup->rst,2,0,2
!(len < ((BTE_LEN_MASK + 1) << L1_CACHE_SHIFT)),1,1,2
rxb->real_dma_addr & ~DMA_BIT_MASK(36),1,1,2
qc->waiting == NULL,1,1,2
i1 == end1 || i2 == end2,2,0,2
"INT_GET(info->magic, ARCH_CONVERT) == XFS_DA_NODE_MAGIC",1,1,2
"lock != NULL, ""Non-existing lock: ""LPX64""\n"", lockh->cookie",1,1,2
iip->ili_pushbuf_flag != 0,1,1,2
ip->i_d.di_nblocks == 0,2,0,2
"!pending_tx_is_head(vif, head)",1,1,2
"INT_GET(oldroot->hdr.info.magic, ARCH_CONVERT) == XFS_DA_NODE_MAGIC",1,1,2
"periods >= 4, return -EINVAL",1,1,2
i > BYT_BCLK_FREQS,1,1,2
info->control.rates[0].idx < 0,1,1,2
aarch64_insn_is_bcond(insn),1,1,2
atomic_long_read(&c->clean_zn_cnt) >= 0,1,1,2
"dp != NULL, return 0",1,1,2
(mask_4u & ~(0xfffffc0000000000UL)) || (mask_4v & ~(0xfffUL)),1,1,2
minor < 0 || minor >= SNDRV_OSS_MINORS,1,1,2
msg->msg_hdr.type == LNET_MSG_PUT,2,0,2
start & ~HPAGE_MASK,1,1,2
ctx->mech_type,1,1,2
(pad + SDPCM_HDRLEN) <= (int)(pkt->len),1,1,2
disk == NULL,1,1,2
(flags & (XFS_USER_QUOTA | XFS_GROUP_QUOTA)) != (XFS_USER_QUOTA | XFS_GROUP_QUOTA),1,1,2
pcm != chip->pcm_dig,2,0,2
dest_link != *l_ptr,1,1,2
"(!(iip->ili_inode->i_itemp->ili_flags & XFS_ILI_IOLOCKED_SHARED)) || xfs_isilocked(iip->ili_inode, XFS_IOLOCK_SHARED)",1,1,2
!buffer_uptodate(path->nodes[level]),1,1,2
le16_to_cpu(next_free) <= 1,1,1,2
"online_css(ss, dummytop)",1,1,2
!frames,2,0,2
tp->mo_dir_ops->mdo_rename,1,1,2
repo->bus_type != PS3_BUS_TYPE_SB,2,0,2
d_count(de) > 0,1,1,2
ABS(BCME_LAST) == (ARRAY_SIZE(linuxbcmerrormap) - 1),1,1,2
root->current_insert.offset,1,1,2
"chip->ops->in8, return 0",1,1,2
"device, list_empty(&device->read_ee)",2,0,2
is_slave(dest),1,1,2
!pte_none(get_fixmap_pte(vaddr)),2,0,2
!inode->i_sb,1,1,2
bo->count < 0,1,1,2
"(INT_GET(save_info->forw, ARCH_CONVERT) == drop_blk->blkno) || (INT_GET(save_info->back, ARCH_CONVERT) == drop_blk->blkno)",1,1,2
cplb.init_i.size <= cplb.init_i.pos,1,1,2
"check_addr(usb, addr) == 0",1,1,2
bf != NULL,1,1,2
osc_obd->obd_magic == OBD_DEVICE_MAGIC,1,1,2
request_is_queued(req),2,0,2
opg->ops_lock == NULL,2,0,2
packet->tlabel > 63 || packet->tlabel < 0,1,1,2
"!PageLocked(fault_page), fault_page",1,1,2
it->cache != mfc_cache_array,1,1,2
&ctx->cc_sec->ps_lock,1,1,2
path_root_bh(dest) != path_root_bh(src),2,0,2
"resmap_page_reserved(res_map, page_nr)",1,1,2
!lc->nr_elements,2,0,2
obdo_cachep == NULL,1,1,2
!RB_EMPTY_NODE(&last->rb_node),1,1,2
(mid_blk == first_blk && mid_blk+1 == *last_blk) || (mid_blk == *last_blk && mid_blk-1 == first_blk),1,1,2
pkt->bio->bi_vcnt != pkt->frames,1,1,2
!mutex_is_locked(&ubi->dbg_buf_mutex),1,1,2
radix_tree_exceptional_entry(page),1,1,2
num >= max,1,1,2
"if (!node) { printk(""jffs_write_node(): node == NULL\n""); return -EINVAL; }",1,1,2
ISPOWEROF2(ntxd),1,1,2
raw->__totlen < sizeof(struct jffs2_raw_xattr),1,1,2
template == NULL,1,1,2
!list_empty(&root->fs_info->trans),1,1,2
(drive->dev_flags & IDE_DFLAG_BLOCKED) && blk_pm_request(rq) == 0,1,1,2
ptr != NULL,1,1,2
(iter->head_page == cpu_buffer->commit_page) && (iter->head + length > rb_commit_index(cpu_buffer)),1,1,2
!list_empty(&lo->plh_segs),1,1,2
sizeof(struct inet6_skb_parm) > sizeof(dummy_skb->cb),1,1,2
ip->i_update_core == 0,1,1,2
dhd && (ifidx < DHD_MAX_IFS),1,1,2
list_empty(&log->synclist),1,1,2
!list_empty(&this_flusher.list),1,1,2
inode->i_mapping->a_ops->readpages,2,0,2
remap_pfn_iter + P2M_PER_PAGE > remap_pfn + size,1,1,2
reserved_huge_pages < change_in_reserve,1,1,2
!rwsem_is_locked(&tlb->mm->mmap_sem),1,1,2
prev_blk != (*first_bh)->b_blocknr,1,1,2
controller_idx >= 0 && controller_idx < ARRAY_SIZE(map32),1,1,2
pss_ctl & __PSS_LMEM_INIT_DONE,1,1,2
ichdr.count > 0 && ichdr.count < XFS_LBSIZE(mp) / 8,1,1,2
ret != 0 && conn->c_xmit_sg == rm->m_nents,1,1,2
!pcm || !device,1,1,2
storvsc_drv_obj->OnHostReset,1,1,2
"if (!fmc) { printk(KERN_ERR ""jffs_sync_erase(): fmc == NULL\n""); return; }",1,1,2
chunk->map[i] > 0,1,1,2
XFS_BUF_PTR(bp) != NULL,1,1,2
t->data != write_block(b),1,1,2
__builtin_constant_p(type),1,1,2
Value & LASI_STATUS_LS_ALARM,1,1,2
"!e || !in_cache(mq, e)",2,0,2
index >= state->num_comps,1,1,2
hwidx >= STATUS_RING_SIZE,1,1,2
iov->iov_len > PAGE_SIZE,1,1,2
"dev >= 0 && dev < SNDRV_OSS_INFO_DEV_COUNT, return -ENXIO",1,1,2
sizeof(dma_addr_t) > sizeof(struct page *),1,1,2
"(subdevice_id & 0xfff0) == INDIGO_DJ, return -ENODEV",1,1,2
unregister_inet6addr_notifier(&qeth_l3_ip6_notifier),1,1,2
ktp != NULL,1,1,2
!reader,1,1,2
"offsetof(struct batadv_unicast_frag_packet, dest) != 4",1,1,2
!list_empty(&buf->dirty),1,1,2
msg_pos->page_pos >= bv->bv_len,1,1,2
"lpn, ""%x,%llx"", lp->lockname.ln_type, lp->lockname.ln_number",1,1,2
fdt->max_fds <= NR_OPEN_DEFAULT,1,1,2
NULL == ch,1,1,2
atomic_read(&cookie->usage) <= 0,2,0,2
spin_is_locked(&policy->pol_nrs->nrs_lock),1,1,2
"ergo(pg->cp_sync_io != NULL, PageLocked(vmpage))",1,1,2
!addr4or5 && addr6,1,1,2
"ht, old_tbl, old_hash",1,1,2
list_empty(&ls->ls_los_list),1,1,2
slabp->active == cachep->num,1,1,2
lov_lockhp,1,1,2
Driver->OnReceiveCallback,1,1,2
reply->ur_lens[i] > 0,1,1,2
vmsg != NULL && vmsg->lm_bufcount >= 2,1,1,2
conn->ksnc_rx_ready,2,0,2
spin_is_locked(&c->space_lock),1,1,2
"INT_GET(entry1->hashval, ARCH_CONVERT) == INT_GET(entry2->hashval, ARCH_CONVERT)",1,1,2
le32_to_cpu(el->l_recs[0].e_cpos),1,1,2
!(is_removed(cs)),1,1,2
!bf[1].offset,1,1,2
!IS_ERR(env),2,0,2
level == PT32E_ROOT_LEVEL,1,1,2
"cfs_fs_pwd(current->fs) == new_ctx->pwd, ""%p != %p\n"", cfs_fs_pwd(current->fs), new_ctx->pwd",1,1,2
cnr != to_tnr,1,1,2
sizeof(struct dot11_cts_frame) == DOT11_CTS_LEN,1,1,2
target == pb->pb_target,1,1,2
"call->state, >, RXRPC_CALL_COMPLETE",2,0,2
blkinfo->magic == cpu_to_be16(XFS_DIR2_LEAFN_MAGIC) || blkinfo->magic == cpu_to_be16(XFS_ATTR_LEAF_MAGIC),1,1,2
(chan == SDPCM_DATA_CHANNEL) || (chan == SDPCM_EVENT_CHANNEL) || (chan == SDPCM_TEST_CHANNEL) || (chan == SDPCM_GLOM_CHANNEL),1,1,2
!ret || !path1->slots[0],1,1,2
RB_EMPTY_ROOT(&ad->sort_list[REQ_ASYNC]),1,1,2
!XFS_SB_VERSION_HASQUOTA(&mp->m_sb),1,1,2
"test_and_set_bit(RFCOMM_TTY_RELEASED, &dev->flags)",1,1,2
frames_write != pkt->write_size,1,1,2
devctl & SBSDIO_DEVCTL_CA_INT_ONLY,1,1,2
mdev->al_tr_pos < MD_AL_MAX_SIZE,1,1,2
pfn >= MAX_GUEST_PAGES,1,1,2
*hash_ptr == mp,1,1,2
"dma_has_cap(DMA_ZERO_SUM, device->cap_mask) && !device->device_prep_dma_interrupt",1,1,2
msgBody,1,1,2
btrfs_item_offset(leaf->items + i) + btrfs_item_size(leaf->items + i) != BTRFS_LEAF_DATA_SIZE(root),1,1,2
ds == 0,1,1,2
freezer->state == STATE_FROZEN,1,1,2
"start == ALIGN(start, root->sectorsize) && (end + 1) == ALIGN(end + 1, root->sectorsize)",1,1,2
"!nv_iclass(obj, NV_MEMOBJ_CLASS)",1,1,2
msg->p.length,1,1,2
"sleeping_pmac == chip, return -ENODEV",1,1,2
reg >= NITIO_NUM_REGS,2,0,2
XFS_DQ_IS_HASH_LOCKED(h),1,1,2
"shift, inst, rstctrl_offs",1,1,2
"ergo(rc == 0, lgi->lgi_attr.la_valid & LA_SIZE)",1,1,2
!xen_feature(XENFEAT_auto_translated_physmap) && phys_to_machine_mapping_valid(pfn),1,1,2
tx_queue->stopped,1,1,2
d_backing_inode(next),2,0,2
!(flags & TTU_MIGRATION),1,1,2
flags & (XFSMNT_UQUOTA | XFSMNT_PQUOTA | XFSMNT_GQUOTA),1,1,2
"new.frozen, &new",1,1,2
start_dev && start_dev->bus_index > 10,1,1,2
!pqn,1,1,2
"ins->master_mix_scb !=NULL, return -EINVAL ",1,1,2
is_root_cache(cachep),1,1,2
snap->features == snap_features,1,1,2
drvr_priv->iflist[*ifidx]->net != NULL,1,1,2
len > ISP1362_BUF_SIZE,1,1,2
swidx >= 0 && swidx + nb <= rport->swbuf_size,1,1,2
mapcount != mapcount2,1,1,2
status == -ENOSR || status == -ECHRNG || status == -EALREADY || status == -EIO,1,1,2
device->tconn->net_conf == NULL,1,1,2
o->do_ops->do_object_sync,1,1,2
"q, ==, p",2,0,2
drop_leaf->hdr.info.magic == cpu_to_be16(XFS_ATTR_LEAF_MAGIC),1,1,2
pid >= (unsigned long)pid_max,1,1,2
"(channel > 14), (""5G but channel<=14"")",1,1,2
objp != slabp->s_mem + objnr * cachep->buffer_size,1,1,2
list_empty(&first_peer_device(device)->connection->sender_work.q),1,1,2
bsdv->bsd_svc == SPTLRPC_BULK_SVC_NULL || bsdv->bsd_svc == SPTLRPC_BULK_SVC_INTG || bsdv->bsd_svc == SPTLRPC_BULK_SVC_PRIV,1,1,2
!inc,2,0,2
"bpf_update_elem(map_fd, &key, &value, BPF_NOEXIST) == -1 && errno == E2BIG",2,0,2
"(char *)dep - (char *)hdr == be16_to_cpu(*xfs_dir3_data_entry_tag_p(mp, dep))",1,1,2
wlext == &(bcm->core_80211_ext[i]),1,1,2
FW_CDEV_ISO_CONTEXT_TRANSMIT != FW_ISO_CONTEXT_TRANSMIT || FW_CDEV_ISO_CONTEXT_RECEIVE != FW_ISO_CONTEXT_RECEIVE,1,1,2
found->elem.seq > cur->elem.seq,1,1,2
"""wrong name"", !strcmp(perf_evsel__name(evsel), ""mem:0x0:w:up"")",1,1,2
parent->blockptrs[parent_slot] != btrfs_header_blocknr(&node->header),1,1,2
CCP_AES_CTX_KSB_COUNT != 1,2,0,2
!list_empty(&xprt->xpt_ready),1,1,2
from->obj == NULL,1,1,2
"to == INT_GET(btp->count, ARCH_CONVERT)",1,1,2
"INT_GET(tmp_info->back, ARCH_CONVERT) == old_blk->blkno",1,1,2
"INT_GET(dep->inumber, ARCH_CONVERT) != args->inumber",1,1,2
IS_ERR(ipcp),1,1,2
exid->spa_how != SP4_NONE,1,1,2
"ocfs2_rec_clusters(el, &el->l_recs[0])",1,1,2
!RB_EMPTY_NODE(&arq->rb_node),1,1,2
!tclass || tclass >= ARRAY_SIZE(secclass_map),2,0,2
"""wrong name"", !strcmp(perf_evsel__name(evsel), ""raw 0x2"")",1,1,2
!uv_nmi_cpu_mask,1,1,2
flags & XFS_LOG_FORCE,1,1,2
"atomic_read(&page->first_page->_count) <= 0, page",1,1,2
!(vma->vm_flags & (VM_READ | VM_EXEC | VM_WRITE)),2,0,2
!hwif->dma_master,1,1,2
!zone_bm,1,1,2
"ins->adc_input != NULL,return -EINVAL",1,1,2
be64_to_cpu(dep->inumber) == xfs_dir2_sf_get_parent_ino(sfp),1,1,2
"sdp, al->al_alloced <= al->al_requested",1,1,2
channel <= 200,1,1,2
dt->do_ops->do_declare_xattr_del,1,1,2
mm->nr_ptes,1,1,2
list_empty(&used),1,1,2
"pcm_channel->src_slot >= 0 && pcm_channel->src_slot <= DSP_MAX_SRC_NR, return ",1,1,2
rpc->srpc_bulk == NULL,2,0,2
(sizeof(VMSTORAGE_PROTOCOL_VERSION) % 4) == 0,1,1,2
ss->module && !module_refcount(ss->module),1,1,2
current->nsproxy->user_ns != daemon->user_ns,1,1,2
ref->tree != tree,1,1,2
!btrfs_is_leaf(btrfs_buffer_node(cur)),1,1,2
tgt && tgt->ltd_exp,2,0,2
extent_op->generation != orig_generation,1,1,2
"dp+INT_GET(ohead->oh_len, ARCH_CONVERT) <= lp",1,1,2
slot >= -1 && slot <= ring->nr_slots - 1,1,1,2
!name || !(S_ISREG(mode) || S_ISDIR(mode)),1,1,2
!mem_obj,1,1,2
IEEE80211_TX_STATUS_HEADROOM != sizeof(struct ieee80211_tx_status_rtap_hdr),1,1,2
msg->l.type != CEPH_MSG_DATA_NONE,1,1,2
!hlist_empty(&hashlimit_net->htables),1,1,2
(be16_to_cpu(map->size) & 0x3) == 0,1,1,2
isci_device->isci_port->isci_host == NULL,1,1,2
"ichdr->freemap[mapindex].size >= xfs_attr_leaf_newentsize(args->namelen, args->valuelen, mp->m_sb.sb_blocksize, NULL)",1,1,2
"cif && data, return -EINVAL",1,1,2
!opts->subsys_bits,1,1,2
"ins->asynch_tx_scb->parent_scb_ptr == ins->master_mix_scb, return -EINVAL",1,1,2
le16_to_cpu(el->l_next_free_rec) != le16_to_cpu(el->l_count),1,1,2
skb->csum_offset + 2 > offset,1,1,2
_smp_processor_id() != 0,1,1,2
p->mo_dir_ops->mdo_name_insert,1,1,2
"ins->pcm_input != NULL,return -EINVAL",1,1,2
"stats->ls_cnt_header[i].lc_name != NULL, ""Missing obd_stat initializer obd_op "" ""operation at offset %d.\n"", i - num_private_stats",1,1,2
rtype != rpcrdma_noch && wtype != rpcrdma_noch,1,1,2
min_size > fw_priv->alloc_size,1,1,2
&cache_lock,1,1,2
end_npools <= page_pools.epp_max_pools,1,1,2
"quirk, return -EINVAL",1,1,2
&dev->dev.mutex,1,1,2
LST_IS_EMPTY(msgList),1,1,2
!(pgd_flags(spgd) & _PAGE_PRESENT),2,0,2
create && ret == 0,1,1,2
"rcu_read_lock_held() || cgroup_lock_is_held(), ""cgroup_path() called without proper locking""",1,1,2
cgrp->subsys[i] != cgroup_dummy_top->subsys[i],1,1,2
sbp->sb_fdblocks == freeblks,1,1,2
!ols->ols_hold,2,0,2
offload_to_mirror >= map->layout_map_count,1,1,2
"ip_nat_initialized(conntrack, maniptype)",1,1,2
(hdr.firstdb % dp->d_ops->free_max_bests(dp->i_mount)) == 0,1,1,2
!req->rq_cli_ctx,2,0,2
bip->bli_buf == bp,1,1,2
"(subdevice_id & 0xfff0) == MONA, return -ENODEV",1,1,2
dev < min_dev || max_dev <= dev,1,1,2
o->do_ops->do_object_lock,1,1,2
data.colors[MAX_BINDINGS - 1] != -1,1,1,2
irq < FIRST_LEGACY_IRQ || irq >= FIRST_LEGACY_IRQ + num_ictlrs * 32,1,1,2
prev != sseq->cluster_list,1,1,2
offset <= mp->m_super->s_maxbytes,2,0,2
"FIELD_SIZEOF(struct sk_buff, vlan_proto) != 2",2,0,2
!xs->bucket->bu_bhs[0] || !xe || ocfs2_xattr_is_local(xe),1,1,2
len == lblock,1,1,2
kfd == NULL,2,0,2
"!cgroup_css(cgroup_dummy_top, ss)",1,1,2
timer_pending(&dwork->timer),1,1,2
legacy_count > nr_irqs,1,1,2
list_empty(&device->unplug_work.list),1,1,2
!spin_is_locked(&task->sighand->siglock),1,1,2
!req->r_locked_dir,1,1,2
usb_pipetype(urb->pipe) == PIPE_BULK,1,1,2
db->nextIn == db->fragTotalSize,1,1,2
blkcg->pd[i],1,1,2
atomic_read(&svsk->sk_inuse)<2,1,1,2
ret < 0 || ret != AES_BLOCK_SIZE,1,1,2
req->r_data_out.type != CEPH_OSD_DATA_TYPE_PAGES,1,1,2
drvr_priv && ifidx && (ifidx < DHD_MAX_IFS),1,1,2
*start < search_start,1,1,2
total == len,1,1,2
used + to_free > EXT4_I(inode)->i_reserved_data_blocks,1,1,2
"pag->pagf_levels[XFS_BTNUM_BNOi] == INT_GET(agf->agf_levels[XFS_BTNUM_BNOi], ARCH_CONVERT)",1,1,2
!nblocks,1,1,2
(!dev) && (!subname),2,0,2
!lstart && mapping->nrpages,1,1,2
!may,1,1,2
wn < oi->wsize,1,1,2
hdr->coh_pages == 0,2,0,2
"cio->cui_tot_nrsegs >= cio->cui_nrsegs, ""tot_nrsegs: %lu, nrsegs: %lu\n"", cio->cui_tot_nrsegs, cio->cui_nrsegs",1,1,2
EFX_IRQ_MOD_MAX > (1 << FRF_CZ_TC_TIMER_VAL_WIDTH),1,1,2
oti == NULL || oti->oti_handle == (void *)DESC_PRIV,1,1,2
relId > 0,1,1,2
pages > RPCSVC_MAXPAGES,1,1,2
hwif == NULL,1,1,2
WORK_CPU_LAST << WORK_STRUCT_FLAG_BITS >= PAGE_OFFSET,1,1,2
device->resync->used == 0,1,1,2
(base0 + size0) <= base0,1,1,2
le->opcode == 0,1,1,2
PageDirty(dpage),1,1,2
n_pfns > size_r,2,0,2
"ohri->rst_shift, ohri->st_shift, 0, oh->clkdm->pwrdm.ptr->prcm_offs, oh->prcm.omap4.rstctrl_offs, oh->prcm.omap4.rstst_offs",1,1,2
!timer_period,1,1,2
FreeBlocks == pAdapt->AllRcvBlockCount,1,1,2
chunk->copied >= chunk->size,1,1,2
"rcu_read_lock_held() || lockdep_is_held(&cgroup_tree_mutex) || lockdep_is_held(&cgroup_mutex), ""cgroup_[tree_]mutex or RCU read lock required""",1,1,2
db != mp->m_dirdatablk,1,1,2
rcu_dereference(ip_nat_pptp_hook_outbound),1,1,2
isci_device->isci_port == NULL,1,1,2
delta > 0,2,0,2
!(chip->digital_modes & (1 << mode)),2,0,2
i >= dma->n_dma_pages,1,1,2
start > EXT4_BLOCKS_PER_GROUP(sb),1,1,2
(preempt_count() & PREEMPT_MASK) >= PREEMPT_MASK-10,1,1,2
"list_first_entry(&seqid->sequence->list, struct nfs_seqid, list) != seqid",1,1,2
desc->bd_md_count == 0,2,0,2
sksec->sid != SECINITSID_UNLABELED,1,1,2
&reg_mutex,1,1,2
(state != super_state(SUPER_STATE_RUN)) && (state != super_state(SUPER_STATE_IDLE)),2,0,2
be16_to_cpu(bf[0].length) == mp->m_dirblksize - dp->d_ops->data_entry_offset(),1,1,2
!card || !kcontrol->info,2,0,2
*procroot_ret == NULL,1,1,2
flags & IA64_PSR_I,1,1,2
entry->bitmap,1,1,2
be16_to_cpu(blkinfo->magic) == XFS_DA_NODE_MAGIC,1,1,2
stats->ojs_hash == NULL,1,1,2
img_request->write_request == write_request,1,1,2
!kobj || !kobj->sd,1,1,2
timer->state & HRTIMER_STATE_CALLBACK,1,1,2
priv_cb_pos->response_buffer.size < heci_hdr->length + priv_cb_pos->information,1,1,2
cio->cui_tot_nrsegs >= cio->cui_nrsegs,1,1,2
!(_i->mount_opt & BTRFS_MOUNT_PANIC_ON_FATAL_ERROR),1,1,2
" 1 <= actp->id && actp->id <= 99, actp->id ",1,1,2
ctask->data_count,1,1,2
mem && mem->flags & DMA_MEMORY_EXCLUSIVE,1,1,2
spec->multiout.dac_nids != spec->dac_nids,1,1,2
!(vq)->in_use,1,1,2
!list_empty(xprt_list),1,1,2
is_unevictable_lru(lru),1,1,2
list_empty(&device->resync_reads),1,1,2
"codec_addr <= HDA_MAX_CODEC_ADDRESS, return -EINVAL",1,1,2
*(unsigned long *)&page->ptl,1,1,2
"spec->stream_digital_playback, return -EINVAL",1,1,2
idx < lck->lls_nr,2,0,2
freq > 1000,1,1,2
ieee754sp_isnan(r),1,1,2
"!lrucare && PageLRU(oldpage), oldpage",1,1,2
lock->l_granted_mode & (LCK_PW | LCK_EX),1,1,2
rate = 48000,1,1,2
&xadc->mutex,2,0,2
rval == 0 || dp->i_d.di_size == mp->m_dirblksize,1,1,2
from > attr_len,1,1,2
journal_head_cache == NULL,1,1,2
!list_empty(&pchnl->pio_completions),1,1,2
n > sizeof(shadow),2,0,2
"ISALIGNED((uintptr) pktdata, sizeof(u16))",1,1,2
"!buffer_migrate_lock_buffers(head, sync)",1,1,2
"!lkb->lkb_status, dlm_print_lkb(lkb);",2,0,2
tp->t_log_res == 0 || tp->t_log_res == logspace,1,1,2
mfp < 0 || mfp >= MFP_PIN_MAX,2,0,2
!oh,1,1,2
(requested_addr - base_addr) >= isci_request->request_alloc_size,1,1,2
base_con == NULL,1,1,2
extent_type != BTRFS_FILE_EXTENT_PREALLOC,1,1,2
skb->nfctinfo == IP_CT_RELATED || skb->nfctinfo == IP_CT_RELATED_REPLY,1,1,2
"(ddb_in32(DDB_INTCS) & 0xffffff0f) == ddb_calc_pdar(DDB_INTCS_BASE, DDB_INTCS_SIZE, 8, 0, 0)",1,1,2
!bp->b_error,2,0,2
list_empty(&bp->b_hash_list),1,1,2
dt->do_ops->do_attr_set,1,1,2
m->mo_ops->moo_file_unlock,1,1,2
"(subdevice_id & 0xfff0) == LAYLA24, return -ENODEV",1,1,2
msg->msg_rxpeer != NULL,2,0,2
!x,1,1,2
!channel->used_flags,1,1,2
radio->nrssi[1] == -1000,1,1,2
"INT_GET(bf[0].length, ARCH_CONVERT) >= INT_GET(bf[1].length, ARCH_CONVERT)",1,1,2
"cfs_fs_mnt(current->fs) == new_ctx->pwdmnt, ""%p != %p\n"", cfs_fs_mnt(current->fs), new_ctx->pwdmnt",1,1,2
!list_empty(&sci->sc_copied_buffers),1,1,2
chan != NULL,1,1,2
addr,2,0,2
"header_size > blocksize, ""bucket %llu has header size "" ""of %u which exceed block size\n"", (unsigned long long)xs->bucket.bu_bhs[0]->b_blocknr, header_size",1,1,2
sizeof(dev->keycode) < KONTROLS4_BUTTONS,1,1,2
from_tnr - cnr + i - from == mx,1,1,2
"PageAnon(dirty_page), dirty_page",1,1,2
"!rcu_is_cpu_idle(), ""srcu_read_unlock() used illegally while idle""",1,1,2
"GETARG_A(getcode(fs,&e)) == fs->nactvar",1,1,2
chlnew != NULL,1,1,2
mdc_obd->obd_type != NULL,1,1,2
sizeof(SXG_CONFIG) == HW_CFG_SECTION_SIZE + SW_CFG_SECTION_SIZE,1,1,2
!filp,1,1,2
!base_ni,2,0,2
xe == DP_EMIN,2,0,2
(char *)dep - (char *)d == be16_to_cpu(*xfs_dir2_data_entry_tag_p(dep)),1,1,2
wbuf->offs + c->min_io_size <= c->leb_size,1,1,2
vol->removed,1,1,2
"sdp, get_gl2gl(io_gl) == i_gl",1,1,2
"oh->prcm.omap2.module_offs, ohri->rst_shift, ohri->st_shift",1,1,2
ident_cnt != size,1,1,2
rbd_id > 0,1,1,2
!list_empty(&_io_jobs),1,1,2
"request_irq(ipi, icp_ops->ipi_action, IRQF_PERCPU, ""IPI"", NULL)",1,1,2
hdr_s->count && (be16_to_cpu(hdr_s->count) < (XFS_LBSIZE(mp)/8)),1,1,2
cf_sk->layer.dn->transmit,1,1,2
mei_hdr->length > MEI_RD_MSG_BUF_SIZE,1,1,2
"sdp, atomic_read(&sdp->sd_log_blks_free) >= old",1,1,2
pad < DHD_SDALIGN,1,1,2
FALCON_PHY_ID_ID_WIDTH != MDIO45_PRT_DEV_WIDTH,1,1,2
(val * 50000) + 900000 < min_uV,1,1,2
cluster_bcast_nodes.count != 0,1,1,2
wc->refs[level] <= 1,1,1,2
!pos,1,1,2
min_idx_lebs == ubifs_calc_min_idx_lebs(c),1,1,2
(mapindex >= 0) && (mapindex < XFS_ATTR_LEAF_MAPSIZE),1,1,2
!list_empty(&wq->flusher_overflow),1,1,2
"sdp, tr",1,1,2
ret < 0 || search_start != *offset,1,1,2
"dip->i_sbd, !error",1,1,2
"card != NULL && device_data != NULL, return -ENXIO",1,1,2
count == be32_to_cpu(btp->count) - be32_to_cpu(btp->stale),1,1,2
mcpm_loopback(tc2_cache_off) != 0,1,1,2
ctx->cc_ops,1,1,2
cno == 0,1,1,2
"XFS_AGF_GOOD_VERSION( INT_GET(agfp->agf_versionnum, ARCH_CONVERT))",1,1,2
page_index >= SCRUB_PAGES_PER_BIO,1,1,2
testTMode(GET_OPCODE(*pc)) && GET_OPCODE(*pc) != OP_TESTSET && GET_OPCODE(*pc) != OP_TEST,1,1,2
(flags == XFS_ITRUNC_DEFINITE) || (flags == XFS_ITRUNC_MAYBE),1,1,2
cgroup_dummy_top->subsys[i]->cgroup != cgroup_dummy_top,1,1,2
"!right_el->l_next_free_rec, ""Inode %llu: Rotate fails "" ""because rightmost leaf block %llu is empty\n"", (unsigned long long)OCFS2_I(inode)->ip_blkno, (unsigned long long)right_leaf_bh->b_blocknr",1,1,2
"doomed_exp != obd->obd_self_export, ""self-export is hashed by NID?\n""",1,1,2
"key_type(c, key) < UBIFS_INVALID_KEY",2,0,2
address & ~PMD_PAGE_MASK,1,1,2
cur->bc_private.b.flist == pcur->bc_private.b.flist,1,1,2
cont->subsys[i]->cgroup != cont,1,1,2
host->num_sg == 0,1,1,2
!system_wq || !system_long_wq || !system_nrt_wq,1,1,2
ri->skb != NULL,1,1,2
((ULONG_PTR)netDevice->SendBuffer & (PAGE_SIZE-1)) == 0,1,1,2
origin != SEEK_DATA && origin != SEEK_HOLE,1,1,2
unit_size < static_size + (dyn_size >= 0 ? dyn_size : 0),1,1,2
!page || !PageHead(page),1,1,2
(u64) xpc_remote_copy_buffer != L1_CACHE_ALIGN((u64) xpc_remote_copy_buffer),1,1,2
!name || !parent_sd,1,1,2
findex < dp->d_ops->free_max_bests(mp),1,1,2
((iflags & BMV_IF_DELALLOC) != 0) || (map[i].br_startblock != DELAYSTARTBLOCK),1,1,2
btrfs_item_offset(leaf->items) + btrfs_item_size(leaf->items) != BTRFS_LEAF_DATA_SIZE(root),1,1,2
dt->do_ops->do_declare_xattr_set,1,1,2
"ip->i_sbd, GFS2_EA2NEXT(prev) == ea",1,1,2
(reg & 0x3) != 0,2,0,2
dhd != NULL,1,1,2
XFS_BUF_ISBUSY(iclog->ic_bp),1,1,2
"emu->max_voices > 0, return -EINVAL",1,1,2
"matched || INT_GET(dfp->length, ARCH_CONVERT) >= INT_GET(dup->length, ARCH_CONVERT)",1,1,2
(XFS_IS_GQUOTA_ON(tp->t_mountp) ? ip->i_d.di_gid : ip->i_d.di_projid) == be32_to_cpu(gdqp->q_core.d_id),1,1,2
!newBinNode,1,1,2
hlist_unhashed(&req->l_exp_flock_hash),1,1,2
sz > sizeof(ptdata),2,0,2
desc->pg_lseg,1,1,2
"oss_period_size >= 0, err = -EINVAL; goto failure",1,1,2
(node_id < 0) || (node_id > 7),1,1,2
ldt != NULL,2,0,2
mdev->state.role == R_PRIMARY,1,1,2
h->order >= MAX_ORDER,1,1,2
"curdb < INT_GET(free->hdr.firstdb, ARCH_CONVERT) + INT_GET(free->hdr.nvalid, ARCH_CONVERT)",1,1,2
channel < 0 || channel >= maldata->num_rx_chans || size > MAL_MAX_RX_SIZE,1,1,2
"rcu_dereference_check(ioc->ioc_data, lockdep_is_held(&ioc->lock)) == cic",1,1,2
rq->cmd_type != REQ_TYPE_FS && !(rq->cmd_flags & REQ_DISCARD),1,1,2
flags & ~(GFP_DMA | GFP_LEVEL_MASK | __GFP_NO_GROW),1,1,2
tcp_ctask->sent + size > ctask->sc->request_bufflen,1,1,2
*sglen_cbfn != NULL,1,1,2
cpt >= 0 && cpt < LNET_CPT_NUMBER,2,0,2
ret > 0 && iocb->ki_left == 0,1,1,2
"test_bit(CREATE_BARRIER, &mdev->tconn->flags) == 0",1,1,2
"right >= 0 && right <= 100, return -EIO",1,1,2
mount_crypt_stat->num_global_auth_toks == 0,1,1,2
ddb_in32(DDB_INT3STAT) == 0,1,1,2
" actq->bottom[act_endian] <= 99 , i<<8 | actq->bottom[act_endian] ",1,1,2
c->bi.idx_growth >= 0,2,0,2
!(iomapp->iomap_flags & IOMAP_DELAY),1,1,2
"ice->pcm_pro != NULL, return -EIO",1,1,2
dentry->d_parent->d_inode != dir,1,1,2
!list_empty(&dev_priv->ring[i].request_list),1,1,2
entry->object != 0,1,1,2
be16_to_cpu(dead_info->magic) == XFS_DA_NODE_MAGIC,1,1,2
EFX_FARCH_FILTER_TABLE_RX_MAC != (EFX_FILTER_MAC_WILD >> 2),1,1,2
domain->revmap_type != IRQ_DOMAIN_MAP_LINEAR,1,1,2
"INT_GET(info->magic, ARCH_CONVERT) == XFS_DIR2_LEAFN_MAGIC",1,1,2
out + in > vq->vring.num,1,1,2
R_REG (&wlc_hw->regs-> clk_ctl_st) & CCS_HTAVAIL,1,1,2
xfs_bmbt_disk_get_startoff(r1) + xfs_bmbt_disk_get_blockcount(r1) <= xfs_bmbt_disk_get_startoff(r2),1,1,2
n > ni_660x_max_gate_pin,1,1,2
(new_size != 0) || (fork == XFS_ATTR_FORK) || (ip->i_delayed_blks == 0),1,1,2
"uuid_equal(&ip->i_d.di_uuid, &mp->m_sb.sb_uuid)",1,1,2
n_num <= max_n_num,1,1,2
c->refcnt != 0,1,1,2
slack_bytes < COMPOUND_ERR_SLACK_SPACE,1,1,2
"(args->index >= 0) && (args->index <= INT_GET(leaf->hdr.count, ARCH_CONVERT))",1,1,2
msglen + PTLRPC_GSS_HEADER_SIZE <= rs->rs_repbuf_len,1,1,2
cgroup_init_root_id(&rootnode),1,1,2
le16_to_cpu(nex.ee_len) == 0,1,1,2
mp->iomap_bn != IOMAP_DADDR_NULL,1,1,2
out_num + in_num > ARRAY_SIZE(sgs),1,1,2
"(args->index == 0) || (INT_GET(entry->hashval, ARCH_CONVERT) >= INT_GET((entry-1)->hashval, ARCH_CONVERT))",1,1,2
item->ri_buf[0].i_len == (sizeof(xfs_efi_log_format_t) + ((efi_formatp->efi_nextents - 1) * sizeof(xfs_extent_t))),1,1,2
(csrow < 0) || (csrow >= CHIPSELECT_COUNT),1,1,2
map_and_fenceable && !map_and_fenceable,1,1,2
peer_req->i.size == 0,1,1,2
wdsize == 0 || dummy_count == 0,1,1,2
&mvm->time_event_lock,2,0,2
"sdp, (((int)sdp->sd_log_commited_buf) >= 0) || (((int)sdp->sd_log_commited_databuf) >= 0)",1,1,2
rsp->gp_state != GP_PASSED,2,0,2
"ice, tmp",2,0,2
ata_dev_present(master) || ata_dev_present(slave),1,1,2
idx < 0 || idx >= NUM_DEFAULT_KEYS,1,1,2
skb->ip_summed != CHECKSUM_HW,1,1,2
"if (!node) { printk(KERN_ERR ""JFFS: jffs_garbage_collect_next: "" ""No oldest node found!\n""); err = -1; goto jffs_garbage_collect_next_end; }",1,1,2
"OCFS2_I(inode)->ip_orphaned_slot != OCFS2_INVALID_SLOT && OCFS2_I(inode)->ip_orphaned_slot != (*orphaned_slot), ""Inode %""MLFu64"": This node thinks it's "" ""orphaned in slot %d, messaged it's in %d\n"", OCFS2_I(inode)->ip_blkno, OCFS2_I(inode)->ip_orphaned_slot, *orphaned_slot",1,1,2
ntic->t_flags & XLOG_TIC_PERM_RESERV,1,1,2
"!nodes_intersects(*pmask, node_states[N_HIGH_MEMORY])",1,1,2
"speed != 0, return;",1,1,2
VN_CACHED(VFS_I(ip)) == 0,1,1,2
rcvq,1,1,2
"sdp, !i_gh.gh_gl->gl_object",1,1,2
((struct svc_rdma_op_ctxt *)(unsigned long)wr->wr_id)->wr_op != wr->opcode,1,1,2
obj_priv->pages_refcount,1,1,2
length > NFS2_MAXPATHLEN,1,1,2
!system_wq || !system_long_wq || !system_nrt_wq || !system_unbound_wq,1,1,2
"HPTE_V_COMPARE(hpte_v, w0) && (w0 & HPTE_V_VALID)",1,1,2
update->u_lens[i] > 0,1,1,2
logical == le32_to_cpu(curp->p_idx->ei_block),1,1,2
!vb_dev_info,1,1,2
xdr_sge_no > sge_count,1,1,2
i == ifp->if_bytes / (uint)sizeof(*trp),1,1,2
!ps3av.available,1,1,2
atomic_read(&pps->usage) == 0,1,1,2
!((ips >= SYSMMU_MDMA) && (ips < S5P_SYSMMU_TOTAL_IPNUM)),1,1,2
"ins->master_mix_scb->next_scb_ptr == ins->the_null_scb, return -EINVAL",1,1,2
sector < nr_sectors,1,1,2
reg != w->reg,1,1,2
mutex_is_locked(&c->tnc_mutex),2,0,2
!ac_data(cachep),1,1,2
!pkt,1,1,2
" supp->len == 6, supp->len ",1,1,2
info->magic == cpu_to_be16(XFS_ATTR_LEAF_MAGIC),1,1,2
rq->cmd_type != REQ_TYPE_FS,2,0,2
len > L1_CODE_LENGTH,1,1,2
len != ccid2_seq_len,1,1,2
(xenstored_ready <= 0),1,1,2
&lsm->lsm_lock,2,0,2
num_counters == 0,1,1,2
index <= 0,1,1,2
iter->head_page == cpu_buffer->tail_page,1,1,2
sectors > attr->max_sectors,1,1,2
size != (int) size,1,1,2
"!IS_ALIGNED(wq->cpu_wq.v, align)",1,1,2
nseq,1,1,2
cookhash != XFS_DA_MAXHASH,1,1,2
data->trace_pages.prev->next != &data->trace_pages,1,1,2
p->se.on_rq,1,1,2
!kn->parent,1,1,2
EFX_FARCH_FILTER_TABLE_RX_MAC != (EFX_FILTER_MAC_FULL >> 2),1,1,2
efx->type->txd_ring_mask & (efx->type->txd_ring_mask + 1),1,1,2
!ss->destroy,1,1,2
vma != NULL,1,1,2
direction != DMA_FROM_DEVICE,1,1,2
offset >= 0 && offset + len <= ubi->peb_size,2,0,2
ubifs_zn_cow(znode),2,0,2
(bio->bi_size & 0x1ff) == 0,1,1,2
(pchnl->dw_state == CHNL_STATEREADY) || (pchnl->dw_state == CHNL_STATEEOS),1,1,2
!list_empty(&dev_priv->ring[i].active_list),1,1,2
page_to_nid(page) != zone_to_nid(zone),1,1,2
pglen + readdir->pgbase > PAGE_CACHE_SIZE,1,1,2
obj->cob_transient_pages == 0,2,0,2
es->start + es->len < es->start,1,1,2
percpu_read(paravirt_lazy_mode) != mode,1,1,2
req_sglen_cbfn != NULL,1,1,2
GC_MARK(b) || GC_SECTORS_USED(b),1,1,2
sizeof(data) < size,1,1,2
S_ISDIR(vi->i_mode),2,0,2
&ar_pci->ps_lock,2,0,2
nr_pages >= buffer->pages,1,1,2
sb_desc->next == 0,1,1,2
ARCH_P4_MAX_CCCR > X86_PMC_MAX_GENERIC,1,1,2
"ext4_group_lock_ptr(sb, e4b->bd_group)",2,0,2
!mix,2,0,2
imp_conn->oic_conn,2,0,2
state == HW_OFF_RAMRET && !ram_retention,1,1,2
save_blk->magic == XFS_DA_NODE_MAGIC || save_blk->magic == XFS_DIRX_LEAF_MAGIC(state->mp) || save_blk->magic == XFS_ATTR_LEAF_MAGIC,1,1,2
"""wrong refcnt"", other_mg->refcnt, 1",1,1,2
!pp || !bdev,1,1,2
page_pools.epp_waitqlen > 0,1,1,2
" actq->top[act_endian] <= 99 , i<<8 | actq->top[act_endian] ",1,1,2
"dma_has_cap(DMA_SLAVE, device->cap_mask) && !device->device_terminate_all",1,1,2
xpc_partition_engaged(XPC_PARTID(part)),1,1,2
buf > clear_page_array + ARRAY_SIZE(clear_page_array),1,1,2
vgic->type != VGIC_V2,1,1,2
!cg->subsys[ss->subsys_id],1,1,2
le->link >= hw->ports,1,1,2
!list_empty(&dev_priv->render_ring.active_list),1,1,2
"pool != NULL, return",1,1,2
"chip->ops->reset_dsp, return",1,1,2
"!rcu_is_cpu_idle(), ""rcu_read_unlock_bh() used illegally while idle""",1,1,2
"be64_to_cpu(dep->inumber) == xfs_dir2_sf_get_inumber(sfp, &sfp->hdr.parent)",1,1,2
psgl == NULL,1,1,2
dp + sizeof(xlog_op_header_t) <= lp,1,1,2
!is_data && refs_to_drop != 1,2,0,2
maldata->num_rx_chans <= 0 || maldata->num_rx_chans > 32,1,1,2
"!test_bit(PG_locked, &page->flags)",1,1,2
"vdso_alloc_per_cpu(0, S390_lowcore)",1,1,2
phy->type != BCM43xx_PHYTYPE_A,1,1,2
req->rq_reqbuf == NULL || (req->rq_pool && req->rq_reqbuf->lm_bufcount == 3),1,1,2
rl2->lcn != LCN_RL_NOT_MAPPED,1,1,2
s_caller,1,1,2
"minor >= 0 && minor < SNDRV_OSS_MINORS, return -EINVAL",1,1,2
dma_size > mx1_mx2_pcm_hardware.period_bytes_max,1,1,2
"XFS_LSN_CMP(log->l_last_sync_lsn, be64_to_cpu(iclog->ic_header.h_lsn)) <= 0",1,1,2
tbl == net_core_table,1,1,2
size & ~DART_SIZE_U4_SIZE_MASK,1,1,2
ip->i_alloc != NULL,1,1,2
!(cgroup_is_removed(cgrp)),1,1,2
net,1,1,2
snod->type == UBIFS_IDX_NODE,2,0,2
"!""Illegal routing manager message received\n""",1,1,2
need_to_create_worker(pool),1,1,2
di->rxin == di->rxout,1,1,2
dabuf,1,1,2
offset == TX_CPU_BASE && (tp->tg3_flags2 & TG3_FLG2_5705_PLUS),1,1,2
sspi->rstc,2,0,2
cfqd->nr_blkcg_linked_grps <= 0,1,1,2
"MEM_CGROUP_ZSTAT(mz, lru) < (1 << compound_order(page))",1,1,2
cm_id_priv->state != IW_CM_STATE_CONN_SENT,2,0,2
rq->migration_thread != current,1,1,2
pools[np_idx][ng_idx] != NULL,1,1,2
pathname_len > MNTPATHLEN,1,1,2
IS_ERR(pck) || IS_ERR(parent),1,1,2
mic.len <= msg->lm_buflens[mic_idx],1,1,2
!mutex_is_locked(&pndevs->lock),2,0,2
UcodeSel == SXG_UCODE_SYSTEM,1,1,2
*bpp != NULL,1,1,2
&freezer->lock,1,1,2
!osd_data->pagelist->length,1,1,2
"opl3->r_port != 0, return -ENODEV",1,1,2
ts->tv_nsec > (long)U32_MAX,1,1,2
!crypto_tfm_alg_blocksize(tfm),1,1,2
"tp->rto_pending, ""rto_pending not set"", return",1,1,2
len >= HEX_CHARS,1,1,2
!(numbytes < (1 << btp->bt_sshift)),1,1,2
list_empty(&obd->obd_exports),1,1,2
"htab_bolt_mapping(base, base + size, base, mode_rw, mmu_linear_psize)",1,1,2
!(nlk_sk(sk)->flags & NETLINK_KERNEL_SOCKET),1,1,2
(res->lnb_file_offset & ~CFS_PAGE_MASK) + res->len <= PAGE_CACHE_SIZE,1,1,2
ctx - clk_rst_suspend != ARRAY_SIZE(clk_rst_suspend),1,1,2
vuart_private.in_use < 1,1,1,2
free >= BLK_RING_SIZE,1,1,2
"memcmp(&parent_key, &leaf_key, sizeof(struct btrfs_disk_key))",1,1,2
cycle - 1 == tail_cycle,1,1,2
v >= 0,1,1,2
layr->ctrlcmd != NULL,2,0,2
!is_mmio_pfn(pfn),1,1,2
be16_to_cpu(leaf->hdr.stale) == from - to,1,1,2
smp_processor_id() != i,1,1,2
context_handle->mech_type->gm_ops->gss_wrap_bulk,1,1,2
ctl->key_idx > 3,1,1,2
tcp_conn->in.copy < 0,1,1,2
ret == AOP_TRUNCATED_PAGE,1,1,2
"sh->qd_idx >= 0 && !test_bit(R5_UPTODATE, &sh->dev[sh->qd_idx].flags)",1,1,2
p_proc_object->last_coff == NULL,1,1,2
bcm->noisecalc.channel_at_start == bcm43xx_current_radio(bcm)->channel,1,1,2
!(on_disk_sector & 7U),1,1,2
"index == be16_to_cpu(leaf->hdr.count) || INT_GET(leaf->ents[index].hashval, ARCH_CONVERT) >= args->hashval",1,1,2
"buf != NULL, return -EINVAL",1,1,2
"sdp, height",1,1,2
nd,1,1,2
drop_blk->magic == XFS_ATTR_LEAF_MAGIC,1,1,2
dqp->dq_flnext == dqp->dq_flprev,1,1,2
bounded == TRUE || wlc->macintstatus == 0,1,1,2
atomic_read(&mdev->local_cnt),1,1,2
txq->index != mp->txq_primary,1,1,2
bip->bli_orig != NULL,1,1,2
(!is_long_mode(vcpu) && is_pae(vcpu)) || (vcpu->arch.mmu.get_cr3(vcpu) & CR3_NONPAE_RESERVED_BITS) == 0,1,1,2
index >= SG_MEMPOOL_NR,1,1,2
leader->tgid != current->tgid,1,1,2
"sdp, (existing->gh_flags & GL_LOCAL_EXCL) || !(new->gh_flags & GL_LOCAL_EXCL)",1,1,2
!(blk_special_request(rq) || blk_sense_request(rq)),1,1,2
args->len >= args->minlen && args->len <= args->maxlen,1,1,2
rbio->faila == rbio->bbio->num_stripes - 1,1,1,2
qp == NULL,2,0,2
run_all,1,1,2
tail + length > BUF_PAGE_SIZE,1,1,2
np->rx_skbs[id],1,1,2
"0,return NULL",1,1,2
rcu_dereference(nf_nat_amanda_hook),1,1,2
entry->val,1,1,2
mp->tx_desc_count < 0,1,1,2
xqm,1,1,2
kbc->rst,2,0,2
page->index < 0,1,1,2
"device, ds == 0",1,1,2
0 == (sg_len & ~MV_DMA_BOUNDARY),1,1,2
b->written && oldsize >= 0 && bch_count_data(&b->keys) != oldsize,1,1,2
!(dead_key & CIC_DEAD_KEY),1,1,2
magic == cpu_to_be16(XFS_DIR2_LEAFN_MAGIC) || magic == cpu_to_be16(XFS_DIR3_LEAFN_MAGIC) || magic == cpu_to_be16(XFS_ATTR_LEAF_MAGIC),1,1,2
ac->avail > 0 || !l3,1,1,2
ep->num_ptds == 0,2,0,2
!image,2,0,2
!ctl || !ctl->card,2,0,2
"(int)sizeof(((struct hsm_attrs *)0)->hsm_compat) == 4, ""found %lld\n"", (long long)(int)sizeof(((struct hsm_attrs *)0)->hsm_compat)",1,1,2
e4b->bd_buddy_page == NULL,2,0,2
!__builtin_constant_p(__mask) || !(__mask) || !is_valid_mask(__mask) || (__mask) != (__type)(__mask),1,1,2
calc_seq_nr != seq_nr,1,1,2
addr & (align-1),1,1,2
"0, ptrace(PTRACE_GETEVENTMSG, child_pid, NULL, &msg)",2,0,2
"oh, name",2,0,2
cdp->i_d.di_nlink >= 2,1,1,2
offset + len <= (char *)dup + be16_to_cpu(dup->length) - (char *)d,1,1,2
atomic_read(&rs->rs_refcount) > 0,2,0,2
typeb == UBIFS_DENT_KEY || typeb == UBIFS_XENT_KEY,1,1,2
list_empty(&rq->active_list),1,1,2
"lustre_msg_buf(req->rq_clrbuf, 0, 0) == req->rq_reqmsg",1,1,2
" tailptr >= MSG_OUTBOUND_POST_STACK, return 0",1,1,2
whichfork == XFS_ATTR_FORK || ip->i_delayed_blks == 0,1,1,2
rdev->ddev->irq_enabled && rdev->irq.pflip_refcount[crtc] <= 0,1,1,2
pte_file(__swp_entry_to_pte(arch_entry)),1,1,2
"priv != NULL, return 0;",1,1,2
!list_empty(&drv->netdev_list),1,1,2
!ret_addr,1,1,2
d->do_body_ops->dbo_bufs_get,1,1,2
!list_empty(&tracer->ptraced),1,1,2
"memcmp(parent_key, node->keys, sizeof(struct btrfs_disk_key))",1,1,2
"dongle != NULL, return -1;",1,1,2
packet->XferPagePacket,1,1,2
save->pwd,1,1,2
mp->m_sb_bp != NULL,1,1,2
"""wrong refcnt"", mg->refcnt, 3",1,1,2
mech->gm_ops->gss_import_sec_context,1,1,2
"fdb == xfs_dir2_byte_to_db(mp, XFS_DIR2_FREE_OFFSET)",1,1,2
!kvm_is_reserved_pfn(pfn),2,0,2
size & ~PMD_PAGE_MASK,1,1,2
" 1 <= CNV_END_SHORT(supp->bottom) && CNV_END_SHORT(supp->bottom) <=99, supp->bottom ",1,1,2
ring->outstanding_lazy_seqno,1,1,2
magic == cpu_to_be16(XFS_DA_NODE_MAGIC),1,1,2
node->level != level,1,1,2
pll->active == 0,1,1,2
&eb->lock,1,1,2
"reset_gpio, 1",1,1,2
index > SG_MEMPOOL_NR,1,1,2
!slot,1,1,2
sizeof(struct iovec) * FUSE_IOCTL_MAX_IOV > PAGE_SIZE,1,1,2
!list_empty(&work->link),1,1,2
c < count,1,1,2
req->dirtied_ino_d <= UBIFS_MAX_INO_DATA * 4,2,0,2
atomic_read(&nfsi->data_updates) != 0,1,1,2
"req_capsule_has_field(pill, field, loc)",2,0,2
stats == job->js_jobstats,1,1,2
lidp->lid_flags & XFS_LID_DIRTY,1,1,2
num_bytes > 4,1,1,2
&list_lock,2,0,2
"rrawmidi != NULL, return -EINVAL",1,1,2
dabuf->data == (void *)XFS_BUF_PTR(dabuf->bps[0]),1,1,2
totsize > sizeof(xfs_attr_sf_hdr_t) || args->addname || !(mp->m_flags & XFS_MOUNT_ATTR2) || dp->i_d.di_format == XFS_DINODE_FMT_BTREE,1,1,2
vn_count(VFS_I(rsumip)) == 1,1,1,2
"*firstblock == NULLFSBLOCK || XFS_FSB_TO_AGNO(mp, *firstblock) == XFS_FSB_TO_AGNO(mp, bma.firstblock) || (flist->xbf_low && XFS_FSB_TO_AGNO(mp, *firstblock) < XFS_FSB_TO_AGNO(mp, bma.firstblock))",1,1,2
ip->i_gdquot || !XFS_IS_GQUOTA_ON(mp),1,1,2
kvm->arch.sca->cpu[id].sda,1,1,2
vallen == sizeof(*info),1,1,2
lr.state & LR_STATE_MASK,1,1,2
msg->lm_bufcount <= 4,1,1,2
cs5530_init_chip(),1,1,2
!mutex_is_locked(&key_tfm_list_mutex),2,0,2
(be32_to_cpu(free->hdr.firstdb) % xfs_dir2_free_max_bests(mp)) == 0,1,1,2
nbad > bf->bf_nframes,1,1,2
src_cnt < 9,1,1,2
"!__same_type((p), bool *) && !__same_type((p), unsigned int *) && !__same_type((p), int *)",1,1,2
driver->OnLinkStatusChanged,1,1,2
user->pool == NULL,1,1,2
sge_count > RPCSVC_MAXPAGES,1,1,2
list_empty(&queue->ctrl_status_q),1,1,2
size >= PAGE_CACHE_SIZE,1,1,2
info->magic == cpu_to_be16(XFS_DA_NODE_MAGIC),1,1,2
filename == NULL && file == NULL,1,1,2
!node->checked,1,1,2
!hlist_unhashed(&arq->hash),1,1,2
cpcm->pcm_channel != NULL,1,1,2
len > ghc->len,2,0,2
ISPOWEROF2(nrxd),1,1,2
FreeBuffers == (pAdapt->AllRcvBlockCount * SXG_RCV_DESCRIPTORS_PER_BLOCK),1,1,2
old->nr > new->nr,1,1,2
"!EXT4_HAS_RO_COMPAT_FEATURE(sb, EXT4_FEATURE_RO_COMPAT_QUOTA)",1,1,2
!file && !bitmap->offset,1,1,2
ctor || dtor,1,1,2
sizeof(arvif->u.ap.tim_bitmap) != sizeof(tim_info->tim_bitmap),1,1,2
wd->sta.scanMgr.scanReqs[0] == 0,1,1,2
lli_len > remainder,1,1,2
!array,1,1,2
!dma_is_consistent(pScript) && L1_CACHE_BYTES < dma_get_cache_alignment(),1,1,2
type >= FC_FC4_PROV_SIZE,2,0,2
" ((size % 2) == 0), return -EINVAL",1,1,2
gpn > ARRAY_SIZE(s3c_gpios),1,1,2
!msgcount,1,1,2
!T_TASK(cmd),1,1,2
aport->hw_fragsize <= MAX_FRAGSIZE,1,1,2
!stream->buffer,2,0,2
dev_addr == NULL || eth_addr == NULL,1,1,2
((ULONG_PTR)netDevice->ReceiveBuffer & (PAGE_SIZE-1)) == 0,1,1,2
!fimc,1,1,2
"dlm, res, iter.node_map, DLM_ASSERT_MASTER_FINISH_MIGRATION",2,0,2
tid->tx_buf[cindex] != NULL,1,1,2
!node->pending,2,0,2
os_cppr->index != 0,1,1,2
page_pools.epp_max_pools,2,0,2
node->seqnum == uiter->i,1,1,2
sizeof(struct dot11_auth) == DOT11_AUTH_FIXED_LEN,1,1,2
MAX77836_REGULATOR_CURRENT_LIMIT_HIGH_START + MAX77836_REGULATOR_CURRENT_LIMIT_HIGH_STEP * 0xf != MAX77836_REGULATOR_CURRENT_LIMIT_MAX,1,1,2
totsize > sizeof(xfs_attr_sf_hdr_t) || args->addname,1,1,2
sizeof(struct sxg_rcv_descriptor_block) == SXG_RCV_DESCRIPTOR_BLOCK_SIZE,1,1,2
subclass + XFS_LOCK_INUMORDER < (1 << (XFS_MMAPLOCK_SHIFT - XFS_IOLOCK_SHIFT)),1,1,2
"comp_keys(&node->ptrs[slot].key, &cpukey) <= 0",1,1,2
j > sg->dma_npages,1,1,2
((PAGE_SIZE << order) % unmap_q->map_size),1,1,2
!list_empty(&child->ptrace_list),1,1,2
OCFS2_XATTR_BUCKET_SIZE == osb->s_clustersize,1,1,2
"ISALIGNED(offset, sizeof(u32))",1,1,2
lock->cll_state != CLS_INTRANSIT,2,0,2
protgroup_len % 8,2,0,2
"!(oi->ip_flags & OCFS2_INODE_CACHE_INLINE), ""Clear inode of %""MLFu64"", inode has a bad flag\n"", oi->ip_blkno",1,1,2
(dmacHw_DESC_t *) pRing->pProg == pRing->pHead,1,1,2
(XFS_BUF_BFLAGS(bp) & (XBF_STALE|XBF_DELWRI)) != (XBF_STALE|XBF_DELWRI),1,1,2
TX_BUFFS_AVAIL(de) < 0,1,1,2
"EFX_OWORD_FIELD(nic_stat, STRAP_PINS) != strap_val",1,1,2
nrbits > 0,2,0,2
p->mo_dir_ops->mdo_lookup,1,1,2
remaining && list_empty(&se_cmd->t_mem_list),1,1,2
sc->beacon.bslot[avp->av_bslot] != ATH_IF_ID_ANY,1,1,2
flags & RPC_TASK_ASYNC,1,1,2
!tlv320dac33_codec,1,1,2
"0, printk(""unknown LM state %d\n"", lmstate);",1,1,2
gen == orig_gen,1,1,2
sizeof(struct usb_req_write_regs) + count * sizeof(struct reg_data) > sizeof(usb->req_buf),1,1,2
list_empty(&mdev->resync_reads),1,1,2
atomic_read(&region->vm_usage) != 1,1,1,2
segid < nldr_obj->dload_segs,1,1,2
cli_gctx,1,1,2
ch->port.count < 0,1,1,2
"old_tbl, old_hash",1,1,2
i != pos,1,1,2
low > high,1,1,2
sizeof(*(p1)) != sizeof(long),2,0,2
clk_prepare(pclk0) < 0,1,1,2
!(lockres->l_flags & OCFS2_LOCK_ATTACHED),2,0,2
ctx != dev_priv->ring[RCS].default_context,1,1,2
chnl_ioc_obj.buf == pbuf,1,1,2
XFS_QI_MPLNDQUOTS(mp) == 0,1,1,2
list_empty(&rpclist),2,0,2
"!pending_tx_is_head(netbk, head)",1,1,2
ARRAY_SIZE(smap) >= PCPU_DFL_MAP_ALLOC || ARRAY_SIZE(dmap) >= PCPU_DFL_MAP_ALLOC,1,1,2
journal->j_len == 0,2,0,2
unlikely(region->vm_top < region->vm_end),1,1,2
(BufferSize == SXG_RCV_DATA_BUFFER_SIZE) || (BufferSize == SXG_RCV_JUMBO_BUFFER_SIZE),1,1,2
lli_len > bd.remainder,1,1,2
PIL_RESERVED(pil),1,1,2
!hasjumps(t),1,1,2
fe->i_flags & cpu_to_le32(OCFS2_SYSTEM_FL),1,1,2
nvscPacket,1,1,2
op->lock <= b->level,1,1,2
type > NF3FIFO,1,1,2
"dlm, res->lockname.name, res->lockname.len, mle->vote_map, 0",1,1,2
!pipe(pipe_2),1,1,2
page->mapping->host != inode,1,1,2
ops->hop_compare != NULL,1,1,2
!list_empty(&rect->task_head),1,1,2
sw_idx == hw_idx,1,1,2
"dp->max_synthdev <= SNDRV_SEQ_OSS_MAX_SYNTH_DEVS, return",1,1,2
vma->vm_ops,2,0,2
c->header.nritems == 1,1,1,2
next_frag_len <= 0xffff,1,1,2
sm->scaninfo != NULL,1,1,2
EFX_FARCH_FILTER_TABLE_RX_IP != (EFX_FILTER_TCP_WILD >> 2),1,1,2
!omap4_wkupgen_base,1,1,2
ss->subsys_id >= CGROUP_BUILTIN_SUBSYS_COUNT,1,1,2
"gl->gl_sbd, ret == 0",1,1,2
"open_param & LLOG_OPEN_NEW, ""%#x\n"", open_param",1,1,2
EFX_FILTER_TABLE_RX_MAC != (EFX_FILTER_RX_MAC_WILD >> 2),1,1,2
"comp_keys(&leaf_key, &cpukey) >= 0",1,1,2
!msg->hdr.data_len,1,1,2
sge_no >= xprt->sc_max_sge,1,1,2
" 1 <= supp->id && supp->id <= 99, supp->id ",1,1,2
reg->flags != DWARF_REG_OFFSET,2,0,2
"htab_bolt_mapping(base, base + size, __pa(base), mode_rw, mmu_linear_psize)",1,1,2
cgroup_subsys[ss->subsys_id] != ss,1,1,2
"list_empty(&r->res_convertqueue),",1,1,2
item->ri_buf[i].i_addr != 0,1,1,2
!push_seq || push_seq <= cil->xc_ctx->sequence,1,1,2
object->cookie->parent != NULL,1,1,2
!(flags & ~LU_SEQ_RANGE_MASK),1,1,2
"(INT_GET(drop_info->forw, ARCH_CONVERT) == save_blk->blkno) || (INT_GET(drop_info->back, ARCH_CONVERT) == save_blk->blkno)",1,1,2
be64_to_cpu(d->d_rtbcount) >= (xfs_qcnt_t) -totalrtbdelta,1,1,2
"!IS_ALIGNED(iova, size)",1,1,2
"shift != mmu_psize_defs[get_slice_psize(mm, addr)].shift",1,1,2
push_seq <= cil->xc_ctx->sequence,1,1,2
XFS_BUF_VALUSEMA(bip->bli_buf) <= 0,1,1,2
"(subdevice_id & 0xfff0) == GINA24, return -ENODEV",1,1,2
plane == OMAP_DSS_VIDEO1,1,1,2
"p != NULL, return",1,1,2
tp->rx_opt.sack_ok && (tp->sacked_out + tp->lost_out > tp->packets_out),1,1,2
queue >= IWM_TX_DATA_QUEUES,1,1,2
"src->parent_scb_ptr == NULL, return -EINVAL ",1,1,2
 (avail % db->fragSize) == 0,1,1,2
sd->s_flags & SYSFS_FLAG_REMOVED,1,1,2
msg->msg_md == NULL,2,0,2
count > MAX_LEDS,1,1,2
!xor_status->name,1,1,2
fd[nr_cpu][counter][thread_index] >= 0,1,1,2
*idx <= nextents,1,1,2
from->magic == XFS_DIR2_LEAF1_MAGIC || from->magic == XFS_DIR3_LEAF1_MAGIC || from->magic == XFS_DIR2_LEAFN_MAGIC || from->magic == XFS_DIR3_LEAFN_MAGIC,1,1,2
nd_libs >= np_libs,1,1,2
!list_empty(&nfsi->open_files),1,1,2
irq != 0xff,1,1,2
cmd->use_sg == 0,1,1,2
atomic_read(&job->js_refcount) == 0,1,1,2
"offsetof(struct sha256_state, state) != 0",2,0,2
((uint32) (PKTDATA(pkt)) & DMA_ALIGN_MASK) == 0,1,1,2
ltnew + rlen <= ltend,1,1,2
"!test_bit(nid, pol->v.nodes)",1,1,2
!kvm->arch.sca,1,1,2
!ocfs2_supports_discontig_bh(osb),1,1,2
sdb == NULL,1,1,2
"src_format != NULL && dst_format != NULL, return -ENXIO",1,1,2
"R_REG(sii->osh, &cc->clk_ctl_st) & htavail",1,1,2
page->mapping != (struct address_space *)anon_vma,1,1,2
(int)cy_as_usb_out == (int)cy_as_direction_out,1,1,2
sizeof(struct dot11_addba_resp) == DOT11_ADDBA_RESP_LEN,1,1,2
sizeof(clocks) != 4,2,0,2
!d_unhashed(actual),1,1,2
last_index != end_idx,1,1,2
!((to + len) % state->win_size <= (to + len)),1,1,2
!last_eb_bh,1,1,2
ed->ed_next != NULL,2,0,2
publ->key == key,1,1,2
!oldroot->hdr.info.back,1,1,2
(be16_to_cpu(hdr->count) > 0) && (be16_to_cpu(hdr->count) < (XFS_LBSIZE(mp)/8)),1,1,2
hdr->taglen > NFS4_MAXTAGLEN,1,1,2
publ->ref == ref,1,1,2
header->snapc != NULL,1,1,2
(mp->m_resblks - mp->m_resblks_avail) != 0,1,1,2
"XFS_LIC_ISFREE(licp, i)",1,1,2
"notif_event != 0, return -EINVAL",1,1,2
"index == 0 || INT_GET(leaf->ents[index - 1].hashval, ARCH_CONVERT) <= args->hashval",1,1,2
!__dlm_lockres_unused(lockres),1,1,2
!list_empty((&sc->sc_txbuf)),1,1,2
smc->old_counts.counts[*b] != 0,1,1,2
(strlen(sz_uuid) + 1) < sizeof(sz_sect_name),1,1,2
!task->task_size,1,1,2
token->len >= sizeof(*khdr) + blocksize + sizeof(*khdr) + 16,1,1,2
super->s_rename_pos != ta->pos,2,0,2
"INT_GET(data->hdr.bestfree[0].length, ARCH_CONVERT) >= length",1,1,2
de != NULL,2,0,2
vers >= program->nrvers || !program->version[vers],1,1,2
"new_tbl, new_hash",1,1,2
"""wrong name"", !strcmp(perf_evsel__name(evsel), ""mem:0x0:x:k"")",1,1,2
"pc->mem_cgroup, page",1,1,2
!*vpp,1,1,2
"INT_GET(block->hdr.magic, ARCH_CONVERT) == XFS_DIR2_DATA_MAGIC",1,1,2
c < 0,1,1,2
buf->head[0].iov_base + offset + headlen != msg_start + blocksize,1,1,2
bch_keylist_empty(&op->keys),1,1,2
help,1,1,2
"INT_GET(dfp[-1].length, ARCH_CONVERT) >= INT_GET(dfp[0].length, ARCH_CONVERT)",1,1,2
nchildren > 1,1,1,2
max > limit,1,1,2
"rpcm_file != NULL, return -EINVAL",1,1,2
"ifp->if_broot_bytes <= (XFS_IFORK_SIZE(ip, whichfork) + XFS_BROOT_SIZE_ADJ(ip))",1,1,2
"tid != NULL, return -EINVAL",1,1,2
match_reg_offset < RCM_SIZE,1,1,2
btrfs_root_bytenr(&root->root_item) != lower->bytenr,1,1,2
(trap == 0x380) || (trap == 0x480),1,1,2
mm->core_waiters,1,1,2
uctx->pd_in_use,1,1,2
leaf->ents[lowstale].address == cpu_to_be32(XFS_DIR2_NULL_DATAPTR),1,1,2
"!lock_is_held(&rcu_bh_lock_map), ""Illegal context switch in RCU-bh"" "" read-side critical section""",1,1,2
c->mul > 2,1,1,2
bus_id < 1 || bus_id > ports,1,1,2
sport->curr_rx_desc != sport->dummy_rx_desc,1,1,2
d->do_body_ops->dbo_bufs_put,1,1,2
a > 0 || adir >= 0,1,1,2
(old_request->status != aborted) && (old_request->status != completed),1,1,2
pages > BITS_PER_LONG,1,1,2
!opts->subsys_bits && !opts->none,1,1,2
req->flags == 0,1,1,2
adjust_next && next->anon_vma && anon_vma != next->anon_vma,1,1,2
left_start >= total_secs,1,1,2
"cmp_reg(&a15_regs[i-1], &a15_regs[i]) >= 0",1,1,2
page_count,2,0,2
xfs_dir2_trace_buf,1,1,2
!ctask->data_count,1,1,2
neighbour,1,1,2
!*css,1,1,2
readb(&desc->stat),2,0,2
sk->sk_prot->twsk_prot == NULL,1,1,2
NR_CPUS << WORK_STRUCT_FLAG_BITS >= PAGE_OFFSET,1,1,2
irq < IRQ_DOVE_GPIO_0_7 || irq > IRQ_DOVE_HIGH_GPIO,1,1,2
(placement->fpfn || placement->lpfn) && (bo->mem.num_pages > (placement->lpfn - placement->fpfn)),1,1,2
"cb != NULL, return;",2,0,2
"attr->ia_size, <=, 0xffffffff",1,1,2
"ins->spdif_pcm_input_scb != NULL,return -EINVAL",1,1,2
host->h_server,1,1,2
dt->do_ops->do_write_locked,1,1,2
frame_header->fis_type != SATA_FIS_TYPE_PIO_SETUP,1,1,2
"sdp, error == sizeof(struct gfs2_rindex)",1,1,2
"op->state, ==, FSCACHE_OP_ST_INITIALISED",2,0,2
((u32) (pkt->data) & DMA_ALIGN_MASK) == 0,1,1,2
list_empty(&inst->alg.cra_list),1,1,2
"attrib->magic == IAS_ATTRIB_MAGIC, return;",2,0,2
!VN_ISDIR(src_vp),1,1,2
!lcnbmp_vi,2,0,2
"sk != NULL, return -1;",1,1,2
mode == SC_LSEG_SR,1,1,2
obj->read_domains & I915_GEM_GPU_DOMAINS,1,1,2
dpaux->rst,2,0,2
lmm != NULL,2,0,2
oc->numdevs <= i,1,1,2
ref != jeb->last_node,1,1,2
urb->status == -EINPROGRESS,1,1,2
m || (req->rq_state & RQ_POSTPONED),1,1,2
"! in_hugepage_area((*tlb)->mm->context, addr)",1,1,2
"is_master_copy(lkb), dlm_print_lkb(lkb);",1,1,2
logs == 1,1,1,2
ch->reason == xpInterrupted,2,0,2
((ulong) (pkt->data) & DMA_ALIGN_MASK) == 0,1,1,2
(vma->vm_start % HPAGE_SIZE) != 0,1,1,2
ac_data(malloc_sizes[0].cs_cachep) != &initarray_generic.cache,1,1,2
col >= PERF_HPP_DIFF__MAX_INDEX,1,1,2
page,2,0,2
le32_to_cpu(right->header.max_entries) <= nr_right + shift_,1,1,2
inited,1,1,2
*bmc,1,1,2
d->debugfs == NULL,1,1,2
acpi && amd,1,1,2
buffer,1,1,2
q_req->sbale_curr == ZFCP_QDIO_LAST_SBALE_PER_SBAL,1,1,2
dma_mapping_error(dma_addr),1,1,2
res != NULL,1,1,2
ca->counts[b] == 0,1,1,2
IS_ERR(shadow) && PTR_ERR(shadow) == -ENOENT,1,1,2
"memcmp(pgdir, empty_zero_page, PAGE_SIZE)",1,1,2
address >= (1 << 16),1,1,2
osc_object_is_locked(osc),2,0,2
type >= OCFS2_NUM_LOCK_TYPES,2,0,2
tipc_ref_table.entries && object,1,1,2
sizeof(struct efx_rx_page_state) + EFX_PAGE_IP_ALIGN + EFX_RX_USR_BUF_SIZE > PAGE_SIZE / 2,1,1,2
ip->i_d.di_mode != 0,2,0,2
"(!(lock_flags & XFS_IOLOCK_SHARED)) || xfs_isilocked(ip, XFS_IOLOCK_EXCL|XFS_IOLOCK_SHARED)",1,1,2
ring->outstanding_lazy_request == NULL,1,1,2
skb->csum + 2 > offset,1,1,2
d_refcount(de) > 0,1,1,2
cnr != from_tnr,1,1,2
ctx->mode != fi->i_crypt_info->ci_data_mode,1,1,2
(status & IF_CS_C_S_TX_DNLD_RDY) == 0,1,1,2
!cpu_is_omap24xx() && !cpu_is_omap34xx(),1,1,2
ABS(-BCME_LAST) == (ARRAY_SIZE(bcmerrorstrtable) - 1),1,1,2
rcu_dereference(ip_nat_ftp_hook),1,1,2
"bus, &sh, data, count",1,1,2
!list_empty(&rescuer->scheduled),1,1,2
scn->trunk_state == BFA_TRUNK_ONLINE || scn->trunk_state == BFA_TRUNK_OFFLINE,1,1,2
seg >= 16,1,1,2
adapter->Stats.XmtQLen,1,1,2
epc > clear_page_array + ARRAY_SIZE(clear_page_array),1,1,2
!rq->dl.dl_nr_migratory,1,1,2
&clusterip_lock,1,1,2
data_size == bio->bi_size,1,1,2
iclog->ic_refcnt > 0,1,1,2
len > SM_MAXSTRLEN,1,1,2
"ip->i_sbd, !get_v2fp(file)",1,1,2
!conn->data_tx_tfm,1,1,2
bind_node_1 < 0 || bind_node_1 >= g->p.nr_nodes,1,1,2
logitem->qli_dquot,1,1,2
"(ddb_in32(DDB_BOOTCS) & 0xffffff0f) == ddb_calc_pdar(DDB_BOOTCS_BASE, DDB_BOOTCS_SIZE, 8, 0, 0)",1,1,2
cmd->sglist_len >= SG_MEMPOOL_NR,1,1,2
ip_nat_pptp_hook_expectfn,1,1,2
comp_data != NULL,1,1,2
!rl2,2,0,2
ct_nob + desc->bd_enc_iov[i].kiov_len <= desc->bd_nob_transferred,1,1,2
s->stream_id != SNDRV_PCM_STREAM_PLAYBACK,1,1,2
clockevents_sanity_check(dev),1,1,2
"off + INT_GET(dup->length, ARCH_CONVERT) <= be16_to_cpu(dfp->offset)",1,1,2
hnode != NULL,2,0,2
drv_fxns,1,1,2
pte && !pte_none(*pte),1,1,2
"nagcount == oagcount || INT_GET(agi->agi_length, ARCH_CONVERT) == mp->m_sb.sb_agblocks",1,1,2
(sromrev == 2) || (sromrev == 3),1,1,2
!bau_tabp->watching,1,1,2
irq > 256,1,1,2
ac->ac_bits_given != 0,2,0,2
page_zonenum(page) != zone,1,1,2
dio_pages_present(dio) == 0,1,1,2
!fimc || !fimc_vb,1,1,2
(unsigned long *)ptr2 - (unsigned long *)ptr1 != 1,1,1,2
!search_bytes,1,1,2
"instance, actual_length <= packet_size",1,1,2
"(ptr >= 0) && (ptr < chip->wave.size), return 0",1,1,2
queue->tx_devq_packets <= BCM43xx_PIO_MAXTXDEVQPACKETS,1,1,2
d_count(new_ctx->pwd),1,1,2
pipe != hctx->pipe,1,1,2
"priv->magic == IRTTY_MAGIC, return 0;",1,1,2
wq->flush_color != next->flush_color,1,1,2
!(pvma->vm_flags & VM_SHARED),1,1,2
!timer_pending(&wbuf->timer),1,1,2
tid >= MWL8K_MAX_TID,2,0,2
hwhi->use < 0,1,1,2
enable_bit != WRPLL_PLL_ENABLE,1,1,2
!(gpgd.flags & _PAGE_PRESENT),1,1,2
refcnt >= atomic_read(&tw->tw_refcnt),1,1,2
rec_file,1,1,2
th->th_dev->dd_ops->dt_trans_cb_add,1,1,2
!ampdu->p,1,1,2
rdev->ddev->irq_enabled && rdev->irq.sw_refcount[ring] <= 0,1,1,2
"xfs_isilocked(ip, XFS_IOLOCK_EXCL|XFS_IOLOCK_SHARED)",1,1,2
d->dd_ops->dt_trans_stop,1,1,2
"lpn,",1,1,2
old_blk->magic == XFS_DA_NODE_MAGIC || old_blk->magic == XFS_DIRX_LEAF_MAGIC(state->mp) || old_blk->magic == XFS_ATTR_LEAF_MAGIC,1,1,2
pfn < zone->zone_start_pfn,1,1,2
!overlay,1,1,2
ci->ci_num_cached >= OCFS2_INODE_MAX_CACHE_ARRAY,1,1,2
sigsize >= msg_last_seglen(req->rq_reqbuf),1,1,2
!gpio_is_valid(gpio_num),1,1,2
newpage->mapping != oldpage->mapping,1,1,2
"symbol_index >= 0 && symbol_index < ins->symbol_table.nsymbols, return",1,1,2
IS_ERR(drv) || !drv,1,1,2
"dev_priv, to_intel_crtc(crtc)",1,1,2
cpu_has_rixi,1,1,2
"find_vma_prev(vma->vm_mm, vma->vm_start, &near) != vma",1,1,2
vmx->pml_pg,1,1,2
!(kn->s_flags & SYSFS_FLAG_REMOVED),1,1,2
!lower_dentry,1,1,2
unlikely(!buflen),1,1,2
ioc->pdir_size >= 4 * 1024 * 1024,1,1,2
"sdp, list_empty(&ul->ul_list)",1,1,2
exts[nr].num_bytes != exts[nr].disk_num_bytes,1,1,2
dev->dd_ops->dt_ro,1,1,2
tipc_cltr_bcast_nodes.count != 0,1,1,2
atomic_read(&volume->usage) <= 0,1,1,2
num_bytes > btrfs_super_total_bytes(&root->fs_info->super_copy),1,1,2
(*spte & PT64_BASE_ADDR_MASK) != page_to_pfn(page) << PAGE_SHIFT,1,1,2
!queue->tx_suspended,1,1,2
divider_is_fixed(div),2,0,2
current->io_wait != NULL,1,1,2
ring->sync_seqno[i],1,1,2
ci->ci_size != ext4_encryption_key_size(ci->ci_data_mode),1,1,2
task->cred != task->real_cred,1,1,2
ret < 0 && ret != -EAGAIN && ret != -EROFS,1,1,2
p == reaper || reaper->exit_state,1,1,2
"chip->ops->dma_write, return",1,1,2
q->flush_seq & seq,1,1,2
osc_obd->obd_type->typ_name != NULL,1,1,2
!(elem->flags & 1),1,1,2
(mapindex >= 0) && (mapindex < XFS_DIR_LEAF_MAPSIZE),1,1,2
nrxd <= D32MAXDD,1,1,2
pfn_valid(*pfn_base),1,1,2
ip_nat_pptp_hook_outbound,1,1,2
cont->subsys[i] != dummytop->subsys[i],1,1,2
(uncached_space.start << 24) != ARC_UNCACHED_ADDR_SPACE,1,1,2
ret != rc,1,1,2
" ""Assertion failed: line %d file '%s'\n"" "" -> '%s'\n"" "" -> 0x%08lX\n"", __LINE__, __FILE__, str, (u32) p1",1,1,2
!list_empty(head),1,1,2
!(c->budg_dd_growth & 7),1,1,2
"offsetof(typeof(*k), lk_padding) != 0",1,1,2
(old->lv_buf && old->lv_buf_len && old->lv_niovecs) || old->lv_buf_len == XFS_LOG_VEC_ORDERED,1,1,2
!KPARAM_IS_LOCKED(p.mod),1,1,2
dio->block_in_file >= dio->final_block_in_request,1,1,2
"inum != INT_GET(dep->inumber, ARCH_CONVERT)",1,1,2
msg != NULL,2,0,2
!xor_node,1,1,2
(v & XFS_MASK64HI(12)) == 0,1,1,2
NULL == chained_block,2,0,2
!cfqq->queued[crq->is_sync],1,1,2
!task->t_task_buf,1,1,2
was_blocked,1,1,2
r2t->data_count < 0,1,1,2
pmd_protnone(*pmdp),1,1,2
(dmacHw_DESC_t *) pRing->pEnd-> llp == pRing->pProg,1,1,2
"down_trylock(&oi->ip_io_sem), ""Clear inode of %""MLFu64"", io_sem is locked\n"", oi->ip_blkno",1,1,2
be16_to_cpu(leaf1->hdr.count) + be16_to_cpu(leaf2->hdr.count) == oldsum,1,1,2
rsp_sglen_cbfn != NULL,1,1,2
"INT_GET(leaf_s->hdr.info.magic, ARCH_CONVERT) == XFS_ATTR_LEAF_MAGIC",1,1,2
space <= BBTOB(tail_blocks),1,1,2
SHARED_KERNEL_PMD,1,1,2
old_blk->magic == be16_to_cpu(old_info->magic),1,1,2
irq_bindcount[irq] == 0,1,1,2
!list_empty(&tmp_cg_links),1,1,2
"INT_GET(agi->agi_unlinked[bucket_index], ARCH_CONVERT) != agino",1,1,2
"left >= 0 && left <= 100, return -EIO",1,1,2
free <= 0,2,0,2
"PageCgroupUsed(pc), page",1,1,2
getsda(i2c) != 1,1,1,2
sb_desc,1,1,2
p->reversed,1,1,2
start < resv->r_start,1,1,2
"inode->i_data.nrpages == 0, ""inode=%lu/%u(%p) nrpages=%lu, see "" ""http://jira.whamcloud.com/browse/LU-118\n"", inode->i_ino, inode->i_generation, inode, inode->i_data.nrpages",1,1,2
page_idx >= 0 && page_idx <= ifp->if_bytes / (uint)sizeof(xfs_bmbt_rec_t),1,1,2
size > PAGE_SIZE*VMAP_MAX_ALLOC,2,0,2
write > BUF_PAGE_SIZE,1,1,2
io_mode,1,1,2
!ctx->on_validate_list,1,1,2
"old_blk->magic == INT_GET(old_info->magic, ARCH_CONVERT)",1,1,2
page_to_pfn(page) != pfn,1,1,2
reloc_root->commit_root != NULL,1,1,2
!type_ids[vx->type],1,1,2
n_new_file_size != p_s_inode->i_size,1,1,2
key->type != BTRFS_EXTENT_DATA_KEY,1,1,2
HYPERVISOR_shared_info == &dummy_shared_info,1,1,2
wd->sta.bssList.bssCount,1,1,2
sizeof(encode) != 2,2,0,2
cvp->v_type == VLNK,1,1,2
be16_to_cpu(leaf1->hdr.info.magic) == XFS_DIR2_LEAFN_MAGIC,1,1,2
ret && ret != -EEXIST,1,1,2
EFX_FILTER_TABLE_TX_MAC != EFX_FILTER_TABLE_RX_MAC + 2,1,1,2
"(ptr >= 0) && (ptr < chip->ramc.size), return 0",1,1,2
EFX_FARCH_FILTER_TABLE_RX_IP != (EFX_FILTER_UDP_WILD >> 2),1,1,2
rcu_dereference(nf_nat_sdp_hook),1,1,2
ip->i_qadata != NULL,1,1,2
qc->flags & ATA_QCFLAG_SG,1,1,2
"memcmp(new_resid, &oldres->lr_name, sizeof oldres->lr_name) != 0",1,1,2
ctx->mode != fi->i_crypt_info->ci_mode,1,1,2
PPC_MSG_UNUSED != 2,1,1,2
gcwq->pools[0].cpu != smp_processor_id(),1,1,2
!list_empty(&_complete_jobs),1,1,2
cnfg->phy_layers[phyid].frm_layer->id == phyid,1,1,2
rcu_dereference(ip_nat_pptp_hook_exp_gre),1,1,2
idx < 0 || idx >= NUM_DEFAULT_KEYS + NUM_DEFAULT_MGMT_KEYS,1,1,2
!(tmp->iomap_flags & IOMAP_HOLE),1,1,2
page_count(p) == 0,1,1,2
"""wrong refcnt"", other_mg->refcnt, 2",1,1,2
start + count <= BITS_PER_BITMAP,2,0,2
rx_buf->skb && rx_buf->page,1,1,2
"phys_io.nb_uid >= (MIXART_MAX_CARDS * 2), return -EINVAL",1,1,2
save_blk->magic == XFS_DIR_LEAF_MAGIC,1,1,2
"if (!f) { printk(""jffs_setattr(): Invalid inode number: %lu\n"", inode->i_ino); D3(printk (KERN_NOTICE ""notify_change(): up biglock\n"")); up(&fmc->biglock); res = -EINVAL; goto out; }",1,1,2
hc->tx_p && !hc->tx_x_calc,1,1,2
first + count > (sb->s_blocksize << 3),1,1,2
"memb , printk(""num_nodes=%u n=%u node=%u\n"", ls->ls_num_nodes, n, node);",1,1,2
"!(TxIntrEPList[epid].command & IO_MASK(USB_EP_command, enable))",1,1,2
xd->node == (void *)xd,1,1,2
bcm->noisecalc.nr_samples < 8,1,1,2
hwidx >= 0 && hwidx + nb <= wport->hwbuf_size,1,1,2
issemalocked(&((dqp)->q_flock)),1,1,2
inum < INOSPEREXT,2,0,2
sizeof(dtd->part2) != 8,2,0,2
"port->c_src.count == 0,",1,1,2
"pag->pagf_longest == INT_GET(agf->agf_longest, ARCH_CONVERT)",1,1,2
call->type->name != NULL,2,0,2
!upriv,2,0,2
iocb->ki_users != 1,1,1,2
"XFS_BUF_FSPRIVATE(bp, void *) == NULL",1,1,2
oldflags & VM_WRITE,1,1,2
handle->lgh_ctxt,1,1,2
"xfs_dir2_byte_to_db(mp, curoff) == curdb",1,1,2
block_group->total_bitmaps >= max_bitmaps,1,1,2
oi != NULL,1,1,2
current_block + ar.len > EXT4_MAX_BLOCK_FILE_PHYS,1,1,2
"shift, inst, rstst_offs",1,1,2
"sdp, ul->ul_count > 1",1,1,2
nrbits <= 32,2,0,2
cplb.init_i.size < cplb.init_i.pos,1,1,2
stats->n_stats != MESH_STATS_NUM,1,1,2
"INT_GET(curr->magic, ARCH_CONVERT) == XFS_DA_NODE_MAGIC || INT_GET(curr->magic, ARCH_CONVERT) == XFS_DIRX_LEAF_MAGIC(state->mp) || INT_GET(curr->magic, ARCH_CONVERT) == XFS_ATTR_LEAF_MAGIC",1,1,2
"INT_GET(rblock->bb_level, ARCH_CONVERT) == 1",1,1,2
chunk->sg_mapped,1,1,2
HZ >= 4,1,1,2
cpu_cache_get(kmalloc_caches[INDEX_AC]) != &initarray_generic.cache,1,1,2
(!call_again) && (ip != NULL),1,1,2
err == -ENOSPC,2,0,2
"!reiserfs_test_le_bit(0, (unsigned long *)bh->b_data)",1,1,2
"(index >= 0) && (index <= INT_GET(hdr->count, ARCH_CONVERT))",1,1,2
c1,1,1,2
IS_ERR(dir),1,1,2
pipe != hc->tx_pipe,1,1,2
atomic_long_read(&ioc->refcount) <= 0,2,0,2
bp->b_map_count == 1,2,0,2
inode->i_state & (I_FREEING | I_CLEAR),1,1,2
bcm->noisecalc.core_at_start == bcm->current_core,1,1,2
"bfa_q_is_on_q(&port->rport_q, rport)",1,1,2
RX_DC_ENTRIES != (16 << RX_DC_ENTRIES_ORDER),1,1,2
obj_request->bio_list != NULL,1,1,2
NFSD_MAX_SLOTS_PER_SESSION * sizeof(struct nfsd4_slot) + sizeof(struct nfsd4_session) > PAGE_SIZE,1,1,2
r1 != NULL,1,1,2
"!pci_find_capability(efx->pci_dev, PCI_CAP_ID_MSIX)",1,1,2
vma->shared.vm_set.head->shared.vm_set.head != vma,1,1,2
"fid_res_name_eq(f, name)",1,1,2
con->nodeid == 0,1,1,2
(t&1),1,1,2
msg->msg_tx_committed,2,0,2
((struct ethhdr *)skb->data)->h_proto != skb->protocol,1,1,2
m->mo_ops->moo_ref_add,1,1,2
!is_bad_inode(real_dent->d_inode),1,1,2
((inum - xic->first_ino) % inodes_per_cluster) == 0,1,1,2
rport->pwwn != plogi->port_name,1,1,2
what == ABORT_DISK_IO,1,1,2
!frontswap_has_exclusive_gets,1,1,2
ic->i_cm_id,2,0,2
err_pos_lut[din] == 0xfff,1,1,2
&pwq_lock,1,1,2
!(size & (size - 1)),1,1,2
ldb == XFS_DIR2_LEAF_FIRSTDB(mp),1,1,2
"INT_GET(dup->length, ARCH_CONVERT) <= INT_GET(bf[2].length, ARCH_CONVERT)",1,1,2
dev->irq_enabled && ring->irq_refcount == 0,1,1,2
pad < BRCMF_SDALIGN,1,1,2
ci->ci_size != f2fs_encryption_key_size(ci->ci_data_mode),1,1,2
len == read,2,0,2
"cgroup_css(cgrp, i)",1,1,2
ci->ci_mode == EXT4_ENCRYPTION_MODE_INVALID,1,1,2
header_pages < 1,1,1,2
!ci->i_snap_realm->cached_context,1,1,2
dt->do_ops->do_declare_create,1,1,2
!XFS_BUF_ISASYNC(bp),1,1,2
wbc->sync_mode != WB_SYNC_NONE,1,1,2
"(int)sizeof(((struct som_attrs *)0)->som_mountid) == 8, ""found %lld\n"", (long long)(int)sizeof(((struct som_attrs *)0)->som_mountid)",1,1,2
XFS_QI_UQIP(mp) || XFS_QI_GQIP(mp),1,1,2
!range_is_zero(&seq->lss_space) && range_is_sane(&seq->lss_space),1,1,2
board_ram_size <= (128 << 20),1,1,2
got.br_state == XFS_EXT_NORM || got.br_state == XFS_EXT_UNWRITTEN,1,1,2
eb->h_suballoc_slot,1,1,2
"rstc->rcdev, rstc->id",2,0,2
&cli->cl_loi_list_lock.lock,2,0,2
(((uintptr_t)bi_private) & 3) != 0,1,1,2
!result->d_inode,1,1,2
cfpkt_getlen(pkt) < rfml->fragment_size,1,1,2
ib_conn == NULL,1,1,2
obj->pending_write_domain == I915_GEM_DOMAIN_CPU,1,1,2
"!cpus_equal(tmp, cpumask)",1,1,2
!list_empty(&lo->queue_head),1,1,2
adapter->asictype == SAHARA_REV_B,1,1,2
m->mo_ops->moo_ref_del,1,1,2
seqno != request->seqno,1,1,2
"!PageTransHuge(newpage), newpage",1,1,2
num_pages != ttm->num_pages,1,1,2
ex->fe_len >= EXT4_BLOCKS_PER_GROUP(ac->ac_sb),1,1,2
mdev->tconn->asender.task == NULL,1,1,2
list_empty(&bp->pb_hash_list),1,1,2
!i915_gem_obj_is_pinned(ctx_obj1),1,1,2
IWL_SISO_FIRST_ACTION != 0,1,1,2
!*ipp,1,1,2
cwq->nr_in_flight[i],1,1,2
channel < 0 || channel >= maldata->num_tx_chans,1,1,2
be16_to_cpu(bf[0].length) == mp->m_dirblksize - dp->d_ops->data_entry_offset,1,1,2
local_softirq_pending(),1,1,2
!timing,1,1,2
&pcpu_lock,2,0,2
"IS_ALIGNED((unsigned long)pktdata, sizeof(u16))",1,1,2
"oi->ip_metadata_cache.ci_num_cached, ""Clear inode of %""MLFu64"", inode has %u cache items\n"", oi->ip_blkno, oi->ip_metadata_cache.ci_num_cached",1,1,2
(nr < 0) || (nr >= NR_CPUS),1,1,2
last_vcn >= 0 && first_vcn > last_vcn,2,0,2
drbg_blocklen(drbg) != crypto_blkcipher_blocksize(tfm),1,1,2
"ins->asynch_tx_scb == NULL, return -EINVAL",1,1,2
le32_to_cpu(rec->e_clusters) < new_clusters,1,1,2
"XFS_LSN_CMP( log->l_last_sync_lsn, INT_GET(iclog->ic_header.h_lsn, ARCH_CONVERT) )<=0",1,1,2
le32_to_cpu(nex.ee_block) != cex->ec_block,1,1,2
"htab_bolt_mapping(base, dart_tablebase, __pa(base), mode_rw, mmu_linear_psize)",1,1,2
target < fs->pc,1,1,2
!list_empty(&packet->driver_list),1,1,2
pd == mnt->mnt_sb->s_root,1,1,2
page_count(page + i),1,1,2
list_empty(&listHead),1,1,2
"is_pipe_allocated(chip, pipe->index), return -EINVAL",1,1,2
!trail->length,1,1,2
"0, ""unknown LM state %d"", lmstate",1,1,2
(offset & 3) || (len & 3),2,0,2
stale == be32_to_cpu(btp->stale),1,1,2
SDEIIR,1,1,2
"list_empty(&r->res_lookup),",1,1,2
hlist_unhashed(&arq->hash),1,1,2
(m1 >= 2) && (m1 <= 7),1,1,2
!list->prev,1,1,2
ret != n,1,1,2
dqp->MPL_PREVP != NULL,1,1,2
B43_TAB_NOISESCALEG_SIZE != ARRAY_SIZE(b43_tab_noisescaleg2),1,1,2
super->s_rename_dir != ta->dir,2,0,2
protocol != htons(ETH_P_IP),1,1,2
"!error && start_r, printk(""error %d\n"", error);",1,1,2
!(gcwq->flags & GCWQ_FREEZING),1,1,2
!is_large_pte(*sptep),1,1,2
"memcmp((void *)entry->code, ideal_nop, 5) != 0",1,1,2
retried,1,1,2
(unsigned long)VMEM_MAP + VMEM_MAP_SIZE > VMEM_MAP_MAX,1,1,2
c->bi.min_idx_lebs == ubifs_calc_min_idx_lebs(c),2,0,2
task_pid(current) != daemon->pid,1,1,2
pcie_port >= ARRAY_SIZE(enable_pcie_bus_num_war),2,0,2
as->argc < n,1,1,2
req->rq_reqbuf_len >= req->rq_reqlen,2,0,2
sent != len,1,1,2
chip->pipe_alloc_mask,2,0,2
!list_empty(&EXT4_I(inode)->i_prealloc_list),1,1,2
slot != conf->copies,1,1,2
vmbus_driver_obj->OnIsr != NULL,1,1,2
lp->flags & LPROPS_INDEX,2,0,2
"port != NULL && ev != NULL, return -EINVAL",1,1,2
msg->lm_buflens[segment] <= newsize,2,0,2
mutex_is_locked(&cld->cld_lock),2,0,2
sizeof(struct unix_skb_parms) > sizeof(dummy_skb->cb),1,1,2
tcp_conn->in.copy <= 0,1,1,2
cbp == NULL,1,1,2
*hpage,1,1,2
doff < BRCMF_SDALIGN,1,1,2
opc == CAPA_OPC_OSS_WRITE || opc == CAPA_OPC_OSS_RW || opc == CAPA_OPC_OSS_TRUNC,1,1,2
"lp->prev_req > DLM_LOCK_NL,",1,1,2
gd,1,1,2
!fs_info,1,1,2
sizeof(struct p_connection_features) != 80,1,1,2
"data->put >= 0 && data->put < 4*2*2, return -EINVAL",1,1,2
"SIGTRAP, WSTOPSIG(status)",2,0,2
!received,1,1,2
blkno == 1,1,1,2
voffset < index,1,1,2
!PKTNEXT(p),1,1,2
pwq->nr_in_flight[i],1,1,2
"INT_GET(agi->agi_unlinked[bucket_index], ARCH_CONVERT) != NULLAGINO",1,1,2
"(subdevice_id & 0xfff0) == MIA, return -ENODEV",1,1,2
!prev_node->scanned_prev_free,1,1,2
"(notif_event & MSG_TYPE_MASK) == MSG_TYPE_NOTIFY, return -EINVAL",1,1,2
(be16_to_cpu(hdr_s->count) > 0) && (be16_to_cpu(hdr_s->count) < (XFS_LBSIZE(mp)/8)),1,1,2
(len&~(4-1)) != 0,1,1,2
"btrfs_node_blockptr(parent, parent_slot) != btrfs_header_blocknr(node)",1,1,2
"oap->oap_magic == OAP_MAGIC, ""Bad oap magic: oap %p, "" ""magic 0x%x\n"", oap, oap->oap_magic",1,1,2
(flags & (XFS_PROJ_QUOTA | XFS_USER_QUOTA)) != (XFS_PROJ_QUOTA | XFS_USER_QUOTA),1,1,2
"(int)offsetof(struct som_attrs, som_compat) == 0, ""found %lld\n"", (long long)(int)offsetof(struct som_attrs, som_compat)",1,1,2
list_empty(&msgq),1,1,2
length > data->length,1,1,2
RADIX_INDEX(vma) != RADIX_INDEX(old),1,1,2
!q->priv_ops,1,1,2
device->mr == NULL,1,1,2
pc->mem_cgroup != from,1,1,2
!button,1,1,2
"lsap->magic == LMP_LSAP_MAGIC, return -1;",2,0,2
!twl4030_codec,1,1,2
!last_request->intersect && rd != cfg80211_regdomain,1,1,2
exit_state != EXIT_ZOMBIE,1,1,2
port,1,1,2
"(char *)&leaf->ents[INT_GET(leaf->hdr.count, ARCH_CONVERT)] <= (char *)XFS_DIR2_LEAF_BESTS_P(ltp)",1,1,2
pfn_to_mfn(pfn) != pfn,1,1,2
have_unacked == 0,1,1,2
!cgdev,1,1,2
clk_src != DSS_SRC_DSI1_PLL_FCLK && clk_src != DSS_SRC_DSS1_ALWON_FCLK,1,1,2
base != CONFIG_LINUX_LINK_BASE,1,1,2
pte_val(*pg) & (_PAGE_PRESENT | _PAGE_HASHPTE),1,1,2
"chip->ops->out32, return",1,1,2
drop_blk->magic == XFS_DIR_LEAF_MAGIC,1,1,2
!(ttm->page_flags & TTM_PAGE_FLAG_USER),1,1,2
"INT_GET(leaf1->hdr.info.magic, ARCH_CONVERT) == XFS_DIR_LEAF_MAGIC",1,1,2
target->num_nodes != from->num_nodes,1,1,2
cplb.init_d.pos < 1 + cplb_data[ZERO_P].valid + cplb_data[L1D_MEM].valid,1,1,2
flags & ~CREATE_MASK,1,1,2
atomic_read(&qhp->ep->com.kref.refcount) < 2,2,0,2
atomic_read(&page_tail->_count) <= 0,1,1,2
"index == INT_GET(leaf->hdr.count, ARCH_CONVERT) || INT_GET(leaf->ents[index].hashval, ARCH_CONVERT) >= args->hashval",1,1,2
list_empty(&vcpu->free_pages),1,1,2
GET_OPCODE(fs->f->code[list]) == OP_JMP && (GETARG_A(fs->f->code[list]) == 0 || GETARG_A(fs->f->code[list]) >= level),1,1,2
core >= 0,1,1,2
!list_empty(&new_holder->event_list),1,1,2
clk->use_cnt == 0,1,1,2
"if (!f) { printk(""jffs_setattr(): Invalid inode number: %lu\n"", inode->i_ino); D3(printk (KERN_NOTICE ""notify_change(): up biglock\n"")); mutex_unlock(&fmc->biglock); res = -EINVAL; goto out; }",1,1,2
!omap_irq_base,1,1,2
"INT_GET(((xfs_attr_leafblock_t *) bp->data)->hdr.info.magic, ARCH_CONVERT) == XFS_ATTR_LEAF_MAGIC",1,1,2
"ins->codec_in_scb != NULL,return -EINVAL",1,1,2
"sc->rcdev, sc->resets[i]",2,0,2
"card != NULL && numid != 0, return NULL",1,1,2
(bvec->bv_offset + bvec->bv_len) > PAGE_SIZE,1,1,2
(dev->host_hw_state & H_RST) != H_RST,1,1,2
"cgroup_css(cgroup_dummy_top, ss)->cgroup != cgroup_dummy_top",1,1,2
atomic_read(&rdma->sc_xprt.xpt_ref.refcount) != 0,1,1,2
!mem_cont,1,1,2
sih != NULL,1,1,2
index < sizeof(req->rq_req_swab_mask) * 8,2,0,2
fsb != NULLFSBLOCK,1,1,2
"cookie, !test_bit(FSCACHE_COOKIE_CREATING, &object->cookie->flags)",1,1,2
!rgd->rd_rs_cnt,1,1,2
!reg_data[reg + i].writable,1,1,2
ret == 0 || path->slots[0] == 0,1,1,2
(unsigned)(last - first) <= 1,1,1,2
page_count(pgtable) != 1,1,1,2
ocfs2_resv_empty(resv),2,0,2
" supp->role == CNV_END_SHORT(COMP_ROLE_SUPL), supp->role ",1,1,2
" 1 <= supp->bottom && supp->bottom <= 99, supp->bottom ",1,1,2
fork == XFS_DATA_FORK || (fork == XFS_ATTR_FORK && ((sync && !(mp->m_flags & XFS_MOUNT_WSYNC)) || (sync == 0 && (mp->m_flags & XFS_MOUNT_WSYNC)))),1,1,2
"card && hw && ops, return NULL",1,1,2
cfpkt_getlen(pkt) >= rfml->fragment_size,1,1,2
sizeof(struct dot11_ba) == DOT11_BA_LEN + DOT11_BA_BITMAP_LEN,1,1,2
!host->timeout_clk,1,1,2
Result,1,1,2
reg + len > ISL1208_REG_USR2 + 1,2,0,2
(ha->tgt.qla_tgt != NULL) || (ha->tgt.tgt_ops != NULL),1,1,2
map->layout_map_count != 3,1,1,2
!rd && !alpha2,1,1,2
"rcu_is_watching(), ""rcu_read_lock() used illegally while idle""",1,1,2
dst_len == 0,1,1,2
req->dirtied_page <= 1,2,0,2
atomic_read(&task->real_cred->usage) < 2,1,1,2
sizeof(skb->cb) < sizeof(struct netem_skb_cb),1,1,2
!ocfs2_is_empty_extent(&(path_leaf_el(path)->l_recs[0])),1,1,2
"INT_GET(leaf1->hdr.stale, ARCH_CONVERT) + INT_GET(leaf2->hdr.stale, ARCH_CONVERT) == oldstale",1,1,2
xfs_chashlist_zone != NULL,1,1,2
cluster >= TC2_CLUSTERS,2,0,2
!oldsbsec->initialized,1,1,2
"PageHead(page) && compound_order(page) != order, page",1,1,2
pConfig->transferType == dmacHw_TRANSFER_TYPE_PERIPHERAL_TO_MEM,1,1,2
"(int)sizeof(((struct som_attrs *)0)->som_incompat) == 4, ""found %lld\n"", (long long)(int)sizeof(((struct som_attrs *)0)->som_incompat)",1,1,2
clusterid != ib_cluster,1,1,2
!bdev || !ph1,1,1,2
i >= 0,1,1,2
firstread < (PKTLEN(pkt)),1,1,2
sizeof(struct ovs_skb_cb) > sizeof(dummy_skb->cb),1,1,2
dmadata->dmacount < 0,1,1,2
sizeof(ht_cap_ie_t) == HT_CAP_IE_LEN,1,1,2
ret < 0 || ret != DES_BLOCK_SIZE,1,1,2
"offsetof(struct task_struct, thread.i387.fxsave) & 15",1,1,2
ptr > end,2,0,2
slotid < 0 || slotid >= NFS4_MAX_SLOT_TABLE,1,1,2
mp->m_sb.sb_logsectlog >= BBSHIFT,1,1,2
"sbi, IS_ERR(inode)",1,1,2
!need_put && index,1,1,2
tp->t_log_count == 0 || tp->t_log_count == logcount,1,1,2
dolock,1,1,2
task_ptrace(p),1,1,2
snap->size != rbd_dev->header.snap_sizes[index],1,1,2
p->mo_dir_ops->mdo_name_remove,1,1,2
"emu->hw != NULL, return -EINVAL",1,1,2
olck->ols_lock == NULL,2,0,2
"INT_GET(oldroot->hdr.info.magic, ARCH_CONVERT) == XFS_DIR2_LEAFN_MAGIC",1,1,2
(u32) mp->tx_desc_area & 0xf,1,1,2
FALCON_PHY_ID_10G != MDIO45_XPRT_ID_IS10G,1,1,2
(mask & ~SISF_CORE_BITS) == 0,1,1,2
"gl->gl_sbd, gfs2_glock_is_held_excl(gl)",1,1,2
sdt->app_tag == 0xffff || sdt->ref_tag == 0xffffffff,1,1,2
!VN_MAPPED(vp),1,1,2
hbridge_context,1,1,2
(e->target & 3) != 0,1,1,2
netDevice->ReceiveSectionCount == 0,1,1,2
ac->ac_bits_wanted != 1,2,0,2
vdso64_pages + 2 > VDSO64_MAXPAGES,1,1,2
atomic_read(&ctx->reqs_active),1,1,2
!(forbidden_pages_map && free_pages_map),1,1,2
iomap_bsize - iomap_delta > 0,1,1,2
"htab_bolt_mapping(start, end, __pa(start), _PAGE_ACCESSED | _PAGE_DIRTY | _PAGE_COHERENT | PP_RWXX, mmu_linear_psize)",1,1,2
!list_empty(&etdev->RxRing.RecvList),1,1,2
"!cpumask_test_and_clear_cpu(smp_processor_id(), netpoll_block_tx)",1,1,2
epq->buf_avail > epq->buf_count,2,0,2
log->l_sectbb_log == 0 || log->l_logBBstart == 0 || xfs_sb_version_haslogv2(&mp->m_sb),1,1,2
req->rq_reqbuf->lm_bufcount >= 4,1,1,2
gcwq->trustee || gcwq->trustee_state != TRUSTEE_DONE,1,1,2
lidp,1,1,2
usb_pipetype(urb->pipe) == PIPE_CONTROL,1,1,2
kmalloc_caches[INDEX_AC] == NULL,1,1,2
"args->index2 < INT_GET(leaf2->hdr.count, ARCH_CONVERT)",1,1,2
!inode->i_blocks,1,1,2
(ip == NULL) || XFS_ISLOCKED_INODE_EXCL(ip),1,1,2
dest != NO_JUMP,1,1,2
be64_to_cpu(rblock->bb_u.l.bb_rightsib) == NULLDFSBNO,1,1,2
blkio_blkg_idling(&pd->stats),1,1,2
"kvm_get_vcpu(vcpu->kvm, vcpu->vcpu_id) == NULL",1,1,2
"per_cpu(softlockup_watchdog, hotcpu)",1,1,2
"control->count > 0, return NULL",1,1,2
addr_width < BITS_PER_LONG && end_pfn >> addr_width,1,1,2
mdev->resync->used == 0,1,1,2
"!nodes_intersects(*pmask, node_online_map)",1,1,2
req_sga_cbfn != NULL,1,1,2
nid > MAX_NUMNODES || nid == 0,1,1,2
"!IS_ALIGNED(iova | paddr, size)",1,1,2
iip->ili_last_fields == 0,1,1,2
!ios->length,1,1,2
!(crypt_stat->flags & ECRYPTFS_DELAY_PERSISTENT),1,1,2
"self != NULL, goto out;",2,0,2
!dss_has_feature(FEAT_GLOBAL_ALPHA_VID1) && plane == OMAP_DSS_VIDEO1,1,1,2
first_unmap_block <= last_block,1,1,2
(lock->l_flags & LDLM_FL_AST_SENT) == 0,1,1,2
0 == virt_to_page(vec[i].iov_base),1,1,2
" (scb->parent_scb_ptr->sub_list_ptr == ins->the_null_scb), return NULL",1,1,2
!disk,1,1,2
list_empty(&upper->dirty),1,1,2
temp_sb_desc->next,1,1,2
(v & 0x80000000) == 0,1,1,2
ip->i_d.di_aformat = XFS_DINODE_FMT_BTREE,1,1,2
"0, pipe(pipefd)",2,0,2
!ss_initialized,1,1,2
le16_to_cpu(dx_leaf->dl_list.de_num_used) <= 0,1,1,2
n && node_parent(n) != tp,1,1,2
"! within_hugepage_high_range(addr, len)",1,1,2
(itv & (1 << 16)) == 0,1,1,2
LST_IS_EMPTY(hnode_mgr->node_list),1,1,2
q == &noop_qdisc,1,1,2
to->magic == XFS_DIR2_FREE_MAGIC || to->magic == XFS_DIR3_FREE_MAGIC,1,1,2
sizeof(struct htcp) > TCP_CA_PRIV_SIZE,1,1,2
tape->first_stage != NULL || tape->merge_stage_size,1,1,2
list_empty(&stats->ojs_list),1,1,2
new_size != 0 || ip->i_d.di_nextents == 0,1,1,2
pages && !list_empty(pages),2,0,2
npo.copy_prod > ARRAY_SIZE(vif->grant_copy_op),1,1,2
" supp->bottom <= supp->top, supp->bottom << 8 | supp->top ",1,1,2
hwidx >= 0 && hwidx + nb <= rport->hwbuf_size,1,1,2
"ergo(ols->ols_glimpse, !osc_lock_is_lockless(ols))",2,0,2
country_ie_len < IEEE80211_COUNTRY_IE_MIN_LEN || country_ie_len & 0x01,1,1,2
!extlen,2,0,2
handle == NULL,1,1,2
"mb_test_bit((i << 1) + 1, buddy2)",2,0,2
__req_format_is_sane(pill->rc_fmt),1,1,2
!mem->vaddr,1,1,2
dev->dd_ops->dt_statfs,1,1,2
sizeof(struct xen_spinlock) > sizeof(arch_spinlock_t),1,1,2
pa->e_tag != ACL_GROUP_OBJ,1,1,2
page_private(subdir) != freed,1,1,2
list_empty(&path.nodes[0]->dirty),1,1,2
st->ifc.len <= 0,1,1,2
"!error, printk(""%s: error=%d num=%x,%""PRIx64"" lkf=%x flags=%lx\n"", lp->ls->fsname, error, lp->lockname.ln_type, lp->lockname.ln_number, lkf, lp->flags);",1,1,2
"ht, new_tbl, new_hash2",1,1,2
ip->i_pdquot == NULL,2,0,2
!list_empty(&BTRFS_I(inode)->i_orphan),1,1,2
inode1 == inode2,1,1,2
fl->fl_ops != NULL,1,1,2
(Address & ~MICROCODE_ADDRESS_MASK) == 0,1,1,2
queue.prev != NULL,1,1,2
j >= 1 && j <= 8,1,1,2
s->flags & (SLAB_RED_ZONE | SLAB_POISON | SLAB_STORE_USER | SLAB_DESTROY_BY_RCU),1,1,2
!prev->regs[frame->cfa_register].flags,1,1,2
dabuf->nbuf > 1,1,1,2
IS_OST(lsi) || IS_MDT(lsi),1,1,2
sdp->sd_log_flush_head != sdp->sd_log_head,1,1,2
!PKTLINK(sdu),1,1,2
SPTLRPC_FLVR_BULK_TYPE(flvr->sf_rpc) == SPTLRPC_BULK_DEFAULT,1,1,2
input->group != sbi->s_groups_count,1,1,2
info->channel >= HDSPM_MAX_CHANNELS,1,1,2
!mdev->tconn->data.socket,1,1,2
channel >= 1 && channel <= 14,1,1,2
sizeof(SXG_UCODE_REGS) == SXG_REGISTER_SIZE_PER_CPU,1,1,2
len < sizeof(Elf64_Ehdr),1,1,2
(((unsigned long)chan->pgtbl[pgoff].cpuaddr) % PAGE_SIZE) == 0,1,1,2
axp->pid_count > AUDIT_AUX_PIDS,1,1,2
"header_size > blocksize, ""bucket %llu has header size "" ""of %u which exceed block size\n"", (unsigned long long)bucket_blkno(xs->bucket), header_size",1,1,2
bio->bi_rw & (REQ_FLUSH | REQ_FUA),1,1,2
"(len==0) || (dsp->size == (len+2)*3), return -EINVAL",1,1,2
bcm->ucode == NULL,1,1,2
bio->bi_iter.bi_size != LOGPSIZE,2,0,2
sp < 1,2,0,2
"*firstblock == NULLFSBLOCK || XFS_FSB_TO_AGNO(mp, *firstblock) == XFS_FSB_TO_AGNO(mp, cur->bc_private.b.firstblock) || (flist->xbf_low && XFS_FSB_TO_AGNO(mp, *firstblock) < XFS_FSB_TO_AGNO(mp, cur->bc_private.b.firstblock))",1,1,2
"INT_GET(r1->ir_startino, ARCH_CONVERT) + XFS_INODES_PER_CHUNK <= INT_GET(r2->ir_startino, ARCH_CONVERT)",1,1,2
rb->rb_left,1,1,2
(index >= 0) && (index <= be16_to_cpu(leaf->hdr.count)),1,1,2
sptlrpc_proc_root == NULL,1,1,2
get_order(sizeof(lepp_queue_t)) != 0,1,1,2
value_size != le32_to_cpu(n->header.value_size),1,1,2
mz->lru_size[lru] < (1 << compound_order(page)),1,1,2
"sdp, al->al_alloced",1,1,2
obj_priv->gtt_space == NULL,1,1,2
iphy == NULL,2,0,2
!ttm_bo_is_reserved(&res->backup->base),1,1,2
dt->do_ops->do_ref_add,1,1,2
"(le32_to_cpu(rec->e_cpos) + le32_to_cpu(rec->e_clusters)) != (em->em_clusters + new_clusters), ""Inode %llu:\n"" ""rec->e_cpos = %u + rec->e_clusters = %u = %u\n"" ""em->em_clusters = %u + new_clusters = %u = %u\n"", (unsigned long long)OCFS2_I(inode)->ip_blkno, le32_to_cpu(rec->e_cpos), le32_to_cpu(rec->e_clusters), le32_to_cpu(rec->e_cpos) + le32_to_cpu(rec->e_clusters), em->em_clusters, new_clusters, em->em_clusters + new_clusters",1,1,2
"offsetof(struct gelic_net_card, irq_status) % 8",1,1,2
root->fs_info->quota_enabled,1,1,2
pHciPalInfo != NULL,1,1,2
ha->tgt.tgt_vp_map == NULL,2,0,2
!(vma->vm_flags & (VM_IO | VM_PFNMAP)),1,1,2
"oh->prcm.omap2.module_offs, ohri.st_shift",1,1,2
!page_is_cgroup_locked(pc),1,1,2
&qp_grp->vf->lock,2,0,2
!dev->hw_ops.setfbaddr,1,1,2
atomic_read(&obd->obd_lock_replay_clients),1,1,2
magic >= -1,1,1,2
" (scb->parent_scb_ptr->next_scb_ptr == ins->the_null_scb), return NULL",1,1,2
"(int)sizeof(((struct som_attrs *)0)->som_size) == 8, ""found %lld\n"", (long long)(int)sizeof(((struct som_attrs *)0)->som_size)",1,1,2
cpu != (cpu_logical_map(cpu) & 0xff),1,1,2
cli->cl_max_pages_per_rpc,1,1,2
lock->ml.node != dlm->node_num,2,0,2
!inode->i_sb->s_bdev->bd_disk->fops->direct_access,1,1,2
gfs2_glock_is_locked_by_me(ip->i_gl) == 0,1,1,2
pud_huge(*pud),2,0,2
fields & (XFS_SB_UNIT|XFS_SB_WIDTH|XFS_SB_UUID),1,1,2
!em || em->start > chunk_offset || em->start + em->len < chunk_offset,1,1,2
0xffU == ata_status,1,1,2
reg != WM8900_REG_ID && reg != WM8900_REG_POWER1,1,1,2
mp->tx_ring_size - mp->tx_desc_count < MAX_DESCS_PER_SKB,1,1,2
"rcdev, idx",2,0,2
sk != NULL,1,1,2
bp->b_flags & (XBF_DELWRI | _XBF_DELWRI_Q),1,1,2
entry->next->prev != entry,1,1,2
bio->bi_size,1,1,2
pkt,1,1,2
fl->fl_start > NLM4_OFFSET_MAX,1,1,2
atomic_read(&res->backup->base.reserved) == 0,1,1,2
IS_ERR_OR_NULL(wc.replay_dest),1,1,2
(pchnl->state == CHNL_STATEREADY) || (pchnl->state == CHNL_STATEEOS),1,1,2
info->dma != dma,1,1,2
!gus,2,0,2
!(file && file->f_path.dentry && file->f_path.dentry->d_inode),1,1,2
n > ni_660x_max_up_down_pin,1,1,2
PAGE_SHIFT != SMMU_PAGE_SHIFT,1,1,2
"h != NULL, return -EINVAL",1,1,2
(*list_head) == NULL,1,1,2
PageCompound(page) && PageTail(page),1,1,2
space_info->bytes_may_use < num_bytes,1,1,2
config_enabled(CONFIG_EVA),2,0,2
!list_empty(&rdev->wdev_list),1,1,2
!(ce->e_used || ce->e_queued),1,1,2
req->nr_phys_segments > ARRAY_SIZE(vblk->sg),1,1,2
file->f_dentry->d_inode,1,1,2
pAdapter->TxRing.nBusySend >= 0,1,1,2
*licpp == next_licp,1,1,2
GpadlHandle != 0,1,1,2
!(irq_desc[gpio_irq_no_base + irqoffset].handle_irq),1,1,2
count % 2 != 0,1,1,2
!match,1,1,2
!legacy_dr,1,1,2
src_ip != NULL,1,1,2
"header_size > blocksize, ""bucket %llu has header size "" ""of %u which exceed block size\n"", (unsigned long long)xs->bucket.bhs[0]->b_blocknr, header_size",1,1,2
z_ptr->clusters[c_num] == NULL,1,1,2
ret != -EEXIST,2,0,2
it->cache != &net->ipv4.mfc_cache_array[it->ct],1,1,2
!s->replace,1,1,2
d->do_body_ops->dbo_write_prep,1,1,2
"sdp, gl->gl_ops == &gfs2_inode_glops",1,1,2
dev->me_clients[i].props.single_recv_buf == 0,1,1,2
sizeof(struct nvme_nvm_bbtbl) != 64,1,1,2
index == ARRAY_SIZE(ahb_addr_wrap_table),1,1,2
"ISALIGNED(OFFSETOF(wsec_key_t, data), sizeof(u32))",1,1,2
!mtask->data_count,1,1,2
"memblock_add_region(&memblock.reserved, addr, new_size)",1,1,2
!ctx_entry->valid,2,0,2
"list_empty(&ls->ls_recover_list), ",1,1,2
list_empty(&osb->vote_list),1,1,2
event->type != RINGBUF_TYPE_DATA,1,1,2
sizeof(dev->iamthif_msg_buf) < (dev->iamthif_msg_buf_index + heci_hdr->length),1,1,2
OTPTYPE_IPX(sih->ccrev),1,1,2
spec->num_cvts >= MAX_HDMI_CVTS,1,1,2
param->phyid == phy->id,1,1,2
ctl->total_bitmaps > max_bitmaps,1,1,2
"chip->ops->dma_read, return",1,1,2
!(x)->lock,1,1,2
be32_to_cpu(stat) > NLM_LCK_DENIED_GRACE_PERIOD,1,1,2
"dst_format->format == SNDRV_PCM_FORMAT_S16, return -ENXIO",1,1,2
!list_empty(&local->slaves),1,1,2
buf_remaining > 3,2,0,2
le64_to_cpu(el->l_recs[0].e_blkno),1,1,2
sizeof(struct sctp_ulpevent) > sizeof(((struct sk_buff *) 0)->cb),1,1,2
!m->bio_iter,1,1,2
!list_empty(&req->r_req_lru_item),1,1,2
(obj->base.write_domain & I915_GEM_GPU_DOMAINS) != 0,1,1,2
!ncea,1,1,2
list_empty(&dev->global_list),1,1,2
!wm->mach_ops->irq_gpio,2,0,2
orig_request->type == OBJ_REQUEST_BIO,1,1,2
"s, return 0",1,1,2
list_empty(&c->btree_cache),1,1,2
si->cur_comp != sp2d->data_devs,1,1,2
pmd_numa(*pmd),1,1,2
conn->in.copy < 0,1,1,2
"core_id, true",1,1,2
qf->qql_format.qf_type == XFS_LI_QUOTAOFF,1,1,2
!ct || ct == &nf_conntrack_untracked,1,1,2
size & ~DART_CNTL_U3_SIZE_MASK,1,1,2
"!before(scb->seq, scb->end_seq)",1,1,2
!tsi721_dma_is_idle(bdma_chan),1,1,2
&htc->tx_lock,1,1,2
!spin_is_locked(&hugetlb_lock),1,1,2
to_copy & 7,2,0,2
!_private,1,1,2
atomic_read(&page->_count) < !PageTail(page),1,1,2
"!test_bit(BTRFS_INODE_HAS_ORPHAN_ITEM, &BTRFS_I(inode)->runtime_flags)",1,1,2
!(file && file->f_dentry && file->f_dentry->d_inode),1,1,2
tp->mac_version > RTL_GIGA_MAC_VER_B,1,1,2
list_empty(&bfad->file_q),1,1,2
tmp->iomap_flags & IOMAP_UNWRITTEN,1,1,2
!device->device_alloc_chan_resources,1,1,2
"pag->pagf_levels[XFS_BTNUM_CNTi] == INT_GET(agf->agf_levels[XFS_BTNUM_CNTi], ARCH_CONVERT)",1,1,2
!gic_cpu_base,1,1,2
nfdt->max_fdset < fdt->max_fdset,1,1,2
xpc_vars == NULL,1,1,2
"emu->ops.release != NULL, return",1,1,2
ret != sizeof(struct update_param),1,1,2
nf_ct_l3protos[proto->l3proto] != proto,1,1,2
getCMode(o) == OpArgN,1,1,2
obj_priv->pin_count < 0,1,1,2
bip->bip_vcnt != 1,1,1,2
ret == -EAGAIN,1,1,2
(p - fh) != len,1,1,2
!(req->rq_state & RQ_COMPLETION_SUSP),1,1,2
(u8 *)trans.rx_buf - ec_dev->din + todo > ec_dev->din_size,1,1,2
"ISALIGNED(OFFSETOF(wsec_key_t, data), sizeof(uint32))",1,1,2
bytes,1,1,2
!system_wq || !system_highpri_wq || !system_long_wq || !system_unbound_wq || !system_freezable_wq,1,1,2
*minor >= COMEDI_NUM_BOARD_MINORS,1,1,2
bus->sih != NULL,1,1,2
!list_empty(&upper->upper),1,1,2
ioend->io_type != IO_READ,1,1,2
iip->ili_push_owner == get_thread_id(),1,1,2
vmsg && vmsg->lm_bufcount >= 3,1,1,2
spu_coredump_calls != calls,1,1,2
arr->entries[idx] != s,1,1,2
"INT_GET(drop_node->hdr.info.magic, ARCH_CONVERT) == XFS_DA_NODE_MAGIC",1,1,2
cwq->nr_active < 0,1,1,2
IWL_MIMO2_FIRST_ACTION != 0,1,1,2
((m) >> DP_MBITS) == 0,1,1,2
ze <= SP_EMAX,2,0,2
atomic_read(&clnt->cl_users) != 0,1,1,2
!dst_cnt,2,0,2
INT_EVQS_WIDTH > EFX_MAX_CHANNELS,1,1,2
"INT_GET(leaf->hdr.count, ARCH_CONVERT) > 0",1,1,2
"memcmp(ehdr->e_ident, ELFMAG, SELFMAG) != 0 || !elf_check_arch_ia32(ehdr) || ehdr->e_type != ET_DYN",1,1,2
sizeof(struct ether_addr) == ETH_ALEN,1,1,2
! XFS_DQ_IS_ON_FREELIST(dqp),1,1,2
(1LU << (BITS_PER_LONG - WORK_OFFQ_CPU_SHIFT)) < WORK_CPU_LAST,1,1,2
!spin_is_locked(io_lock),2,0,2
le32_to_cpu(rec->e_clusters) < clusters_to_del,1,1,2
depth != (le16_to_cpu(el->l_tree_depth) + 1),1,1,2
(sizeof(forcewake_domain_names)/sizeof(const char *)) != FW_DOMAIN_ID_COUNT,1,1,2
XFS_DQ_IS_LOCKED(ip->i_udquot),1,1,2
req->new_page <= 1,2,0,2
out_len <= UBIFS_BLOCK_SIZE,2,0,2
pos >= BUF_LEN - 1,2,0,2
strlen(name) > 10,1,1,2
!obj_priv->pin_mappable && mappable,1,1,2
!ino,2,0,2
dev->config->get_status(dev),1,1,2
"!rsb_flag(r, RSB_MASTER_UNCERTAIN),",1,1,2
!files,1,1,2
m->mo_ops->moo_readpage,1,1,2
md->mds_capa,1,1,2
p->mo_dir_ops->mdo_unlink,1,1,2
"(int)offsetof(struct mdt_body, unused1) == 96, ""found %lld\n"", (long long)(int)offsetof(struct mdt_body, unused1)",1,1,2
sizeof(struct ape_chdma_table) > APE_CHDMA_TABLE_SIZE,1,1,2
state != CLS_INTRANSIT,2,0,2
data->host_cookie,2,0,2
level != block->level,1,1,2
i == adapter->num_rx_queues,1,1,2
!dev_obj->node_mgr,1,1,2
!setup_fn,1,1,2
level != PG_LEVEL_4K,2,0,2
"nblocks > 0, ""can't start %d credit transaction\n"", nblocks",1,1,2
btp == bp->pb_target,1,1,2
"shift != mmu_psize_defs[get_slice_psize(mm, a)].shift",1,1,2
page->cp_req == NULL,2,0,2
nf_expect_event_cb != new,1,1,2
part >= OMAP4_MAX_PRCM_PARTITIONS || part == OMAP4430_INVALID_PRCM_PARTITION || !_prm_bases[part],2,0,2
!list_empty(&blkif->persistent_purge_list),2,0,2
BPF_MEMWORDS > BITS_PER_LONG,1,1,2
new->br_state == XFS_EXT_UNWRITTEN,1,1,2
(unsigned long)base_addr & ~PAGE_MASK,1,1,2
gl->gl_state == target,1,1,2
bp->pb_bn == 0,1,1,2
(hdr.firstdb % xfs_dir3_free_max_bests(mp)) == 0,1,1,2
id >= AB8500_NUM_REGULATOR_REGISTERS,1,1,2
"F2FS_P_SB(dentry_page), !de->name_len",1,1,2
!ctx_obj,2,0,2
slot >= 0 && slot <= ring->nr_slots - 1,1,1,2
((_PAGE_CP_4U | _PAGE_CP_4U | _PAGE_E_4U) & ~(0xfffUL)) || ((_PAGE_CP_4V | _PAGE_CP_4V | _PAGE_E_4V) & ~(0xfffUL)),1,1,2
ctask->sent > ctask->total_length,1,1,2
"!test_bit(COW_ZNODE, &cnode->flags)",1,1,2
rs,2,0,2
packet->xmitted_frags <= packet->txb->nr_frags,1,1,2
!lo || (rw != READ && rw != WRITE),1,1,2
mpic->of_node == NULL,1,1,2
RES_NAME_SIZE == 4,2,0,2
"spdifo_scb_desc, return -EIO",1,1,2
port >= hw->ports,1,1,2
ip >= 0,1,1,2
"(range_compare_loc(new_range, range) == 0)",1,1,2
"btrfs_node_blockptr(parent, parent_slot) != btrfs_header_blocknr(&node->header)",1,1,2
ul_trace_sec_end != 0,1,1,2
!p || !pmgr || !pmgr->dbgdev,2,0,2
rp->offset,1,1,2
page->parent_pte != parent_pte,1,1,2
table->valid_hooks & (1 << hook),2,0,2
ip->i_pdquot || !XFS_IS_PQUOTA_ON(mp),1,1,2
!virt_addr_valid(logicalAddr),1,1,2
&request->rq_import->imp_lock,1,1,2
"chip->ops->in32, return 0",1,1,2
"sdp, sdp->sd_log_num_databuf == sdp->sd_log_num_jdata",1,1,2
olpc_board_at_least(olpc_board(BOARD_XO_1_C2)),1,1,2
OVS_KEY_ATTR_TUNNEL_INFO != 22,1,1,2
(unsigned long)regsva == SI_ENUM_BASE,1,1,2
ptr == lv->lv_buf + lv->lv_buf_len,1,1,2
"sp->call, ==, NULL",2,0,2
sizeof(struct dot11_ps_poll_frame) == DOT11_PS_POLL_LEN,1,1,2
"ext->oe_nr_pages <= max_pages, ext",2,0,2
dev->dd_ops->dt_init_capa_ctxt,1,1,2
ctx->mode != ei->i_crypt_info.ci_mode,1,1,2
(mask & ~BLACKFIN_GPTIMER_IDMASK) == 0,2,0,2
inl(s->io + VRC5477_DAC2_CTRL) & VRC5477_DMA_WIP,1,1,2
datalign < (align),1,1,2
cursor->offset + cursor->resid != pagelist->length,2,0,2
len + ret > PRINTF_BUFFER_SIZE-1,1,1,2
base_addr,1,1,2
cwnd_quota < 0,1,1,2
!list_empty(&bo->lru),2,0,2
i < PFN_UP(static_size),1,1,2
de != de->d_sb->s_root,1,1,2
led->blink_interval,1,1,2
osb->s_clustersize_bits < 12,1,1,2
"btrfs_node_blockptr(parent, parent_slot) != btrfs_header_blocknr(&leaf->header)",1,1,2
copyCount > 0,1,1,2
ac->ac_o_ex.fe_len >= ac->ac_b_ex.fe_len,2,0,2
brd_state == BRD_STOPPED,1,1,2
req->new_ino_d <= UBIFS_MAX_INO_DATA,2,0,2
list_empty(&msg->list),1,1,2
!STATE_IS_OPEN(cf_sk),1,1,2
"0, _seen",2,0,2
cplb.init_d.size <= cplb.init_d.pos,1,1,2
&freezer_mutex,2,0,2
chan->inuse,1,1,2
rs->rs_rbm.bi != bi,1,1,2
!(phy->type == B43legacy_PHYTYPE_B || phy->type == B43legacy_PHYTYPE_G),2,0,2
(flags & ~mask) == 0,1,1,2
features->pktlen > 10,1,1,2
sg_len < host->data_size / PAGE_SIZE,1,1,2
ioc->auto_recover,1,1,2
vma->vm_file || !vma->anon_vma,1,1,2
(end - start) > (dtcm_end - DTCM_OFFSET),1,1,2
sv->sv_shuttingdown,2,0,2
!list_empty(&cpu_queue->cmds),1,1,2
is_empty_shadow_page(page->spt),1,1,2
sblock_bad->pagev[page_num].page == NULL,1,1,2
file->f_path.dentry->d_inode,1,1,2
so->obj->pages->nents != 1,1,1,2
!duty_cycle || duty_cycle >= 100,1,1,2
(flags & XFS_BMAPI_ENTIRE) || (mval->br_blockcount <= len) || (mval->br_startoff < obno),1,1,2
"""Flush icache range for user virtual addr space""",1,1,2
xfs_trans_zone != NULL,1,1,2
ring->outstanding_lazy_seqno == 0,1,1,2
"db == INT_GET(ltp->bestcount, ARCH_CONVERT) - 1",1,1,2
P4_CACHE__MAX > P4_CCCR_CACHE_OPS_MASK,1,1,2
!ip->i_res,1,1,2
!tree->rb_node,1,1,2
obj->read_domains & ~(I915_GEM_DOMAIN_CPU|I915_GEM_DOMAIN_GTT),1,1,2
atomic_read(&key->usage) >= 2,1,1,2
"instance, buf_usage <= stride",1,1,2
pipe != hctx->tx_pipe,1,1,2
rhp->qpcnt < 0,1,1,2
"INT_GET(node1->hdr.info.magic, ARCH_CONVERT) == XFS_DA_NODE_MAGIC",1,1,2
!S_ISFIFO(mode) && !S_ISBLK(mode) && !S_ISCHR(mode) && !S_ISSOCK(mode),1,1,2
csize >= PAGE_SIZE,1,1,2
super->s_victim_ino,2,0,2
&sdata->local->chanctx_mtx,2,0,2
"ins->asynch_tx_scb != NULL, return NULL",1,1,2
base_addr && populate_pte_fn,1,1,2
le16_to_cpu(dx_leaf->dl_list.de_count) <= 0,1,1,2
"test_and_set_bit(packet->tlabel, tp->pool)",1,1,2
size <= 0 || size > EXT4_CLUSTERS_PER_GROUP(ac->ac_sb),1,1,2
a && b,1,1,2
cur->bc_nlevels < XFS_IN_MAXLEVELS(cur->bc_mp),1,1,2
req->data_len,1,1,2
(tq->tq_credits < 0) == !list_empty(&tq->tq_delayed),2,0,2
cgrp->subsys[i]->cgroup != cgrp,1,1,2
lsi->lsi_osd_exp->exp_obd->obd_lvfs_ctxt.dt,1,1,2
!e->in_cache,1,1,2
be16_to_cpu(*xfs_dir2_data_unused_tag_p(dup)) == (char *)dup - (char *)hdr,1,1,2
" supp->role == COMP_ROLE_SUPL, supp->role ",1,1,2
ap == NULL,2,0,2
fid_is_sane(fid),2,0,2
write_space >= reserve_space,1,1,2
!obj_priv->active,1,1,2
sc,2,0,2
itnim_drv->state != ITNIM_STATE_ONLINE,1,1,2
(*bmc & COUNTER_MAX) == COUNTER_MAX,1,1,2
mdev->open_cnt == 0,1,1,2
!private->devices[port],1,1,2
vp == NULL,1,1,2
rx_local->nReadyRecv <= rx_local->NumRfd,1,1,2
!dd->in_sg,2,0,2
"is_data && refs_to_drop != extent_data_ref_count(root, path, iref)",1,1,2
ARRAY_SIZE(minstrel_mcs_groups) != MINSTREL_MAX_STREAMS * MINSTREL_STREAM_GROUPS + 1,1,1,2
&fifo->base.lock,2,0,2
!(bip->bli_item.li_flags & XFS_LI_IN_AIL),2,0,2
m->front.iov_base == NULL,1,1,2
handle_hash != NULL,2,0,2
!gic_dist_base_addr,1,1,2
size > sa_manager->size,2,0,2
"if (!c) { printk(KERN_ERR ""jffs_rename(): The old_dir inode "" ""didn't have a reference to a jffs_file struct\n""); unlock_kernel(); return -EIO; }",1,1,2
lo != NULL,1,1,2
!PageLocked(page) || PageLRU(page),1,1,2
&cachep->nodelists[numa_node_id()]->list_lock,1,1,2
!nr_bhs && (m_start != block_start),2,0,2
"clocksource_register_hz(&sirfsoc_clocksource, MARCO_CLOCK_FREQ)",1,1,2
XFS_DQ_IS_LOCKED(gdqp),1,1,2
!list_empty(&root_cgrp->sibling),1,1,2
dma_addr & (PAGE_SIZE - 1),1,1,2
data_left < sizeof(u32),1,1,2
"IS_ALIGNED((unsigned long)di->rxd64, align)",1,1,2
!(c->budg_idx_growth & 7),1,1,2
req->rq_state & RQ_NET_SENT,1,1,2
!list_empty(&qpd->queues_list),1,1,2
total_size >= hpi_entity_header_size(*entity) && total_size < STR_SIZE_FIELD_MAX,1,1,2
"dev != NULL, return -EINVAL",1,1,2
ksocknal_data.ksnd_connd_starting > 0,2,0,2
l == NULL || IS_ERR(l) || lu_device_is_dt(l->lo_dev),1,1,2
r32 & __RESET_AND_START_SCLK_LCLK_PLLS,2,0,2
"output < num_busses_out(chip) && input < num_busses_in(chip), return -EINVAL",1,1,2
"blk_end_bidi_request(req, 0, dlen, next_dlen)",1,1,2
wlp->rc == NULL,1,1,2
page->private != 1,1,1,2
*b >= smc->counts.nr,1,1,2
dyd.actvar.n == 0 && dyd.gt.n == 0 && dyd.label.n == 0,1,1,2
packet->skb->len - sizeof(*packet) < size,1,1,2
"conn->avail_calls, <, RXRPC_MAXCALLS",2,0,2
reg == NULL,1,1,2
d->bdev,1,1,2
sizeof(dev->keycode) < sizeof(keycode_maschine),1,1,2
!dd->out_sg,2,0,2
parent->blockptrs[parent_slot] != node->header.blocknr,1,1,2
dev->me_clients[i].props.max_msg_length != IAMTHIF_MTU,1,1,2
!list_empty(&req->wb_list),1,1,2
m->mo_ops->moo_xattr_get,1,1,2
!list_empty(&pages),1,1,2
EFX_FILTER_TABLE_RX_MAC != (EFX_FILTER_RX_MAC_FULL >> 2),1,1,2
write_request == img_request_write_test(img_request),1,1,2
aport == rport,1,1,2
"comp_keys(&leaf->items[slot].key, &cpukey) >= 0",1,1,2
"INT_GET(map->size, ARCH_CONVERT) >= xfs_attr_leaf_newentsize(args->namelen, args->valuelen, mp->m_sb.sb_blocksize, NULL)",1,1,2
usb_desc_cache != NULL,1,1,2
"plugin->src_width > 0, ",1,1,2
list_empty(&pc->lru),1,1,2
e.numbers_count | e.condc,1,1,2
list_empty(&object->work.link),1,1,2
blk >= bi->bi_len * GFS2_NBBY,1,1,2
snd_interval_single(i),1,1,2
!(cvr & 0xf),1,1,2
node1->hdr.info.magic == cpu_to_be16(XFS_DA_NODE_MAGIC) && node2->hdr.info.magic == cpu_to_be16(XFS_DA_NODE_MAGIC),1,1,2
task->tk_ops == NULL,1,1,2
hlist_unhashed(&ctx->cc_cache),1,1,2
"if (!fmc || !fm || !fm->nodes) { printk(KERN_ERR ""jffs_fmfree(): fmc: 0x%p, fm: 0x%p, "" ""fm->nodes: 0x%p\n"", fmc, fm, (fm ? fm->nodes : NULL)); return -1; }",1,1,2
fs->freereg == fs->nactvar,1,1,2
!list_empty(&dev_priv->blt_ring.request_list),1,1,2
le32_to_cpu(el->l_recs[0].e_clusters),1,1,2
"!list_empty(&opl4->on_voices), ",1,1,2
i_size_read(vi) != attr_len,1,1,2
dp + be32_to_cpu(ohead->oh_len) <= lp,1,1,2
FP_REG + 1 != MAX_BPF_REG,1,1,2
be16_to_cpu(((xfs_attr_leafblock_t *) bp->data)->hdr.info.magic) == XFS_ATTR_LEAF_MAGIC,1,1,2
(sizeof(VMSCSI_REQUEST) % 4) == 0,1,1,2
etdev->TxRing.nBusySend >= 0,1,1,2
"PageAnon(old_page), old_page",1,1,2
list_empty(&device->tconn->sender_work.q),1,1,2
stream_index >= priv->num_ampdu_queues,1,1,2
context_handle->mech_type->gm_ops->gss_unwrap,1,1,2
item_size != sizeof(struct btrfs_extent_item_v0),2,0,2
z,1,1,2
nd.dentry,1,1,2
chnl_ioc_obj.pbuf == pbuf,1,1,2
!list_empty(elem),1,1,2
!list_empty(&data->node),1,1,2
"rate != 0, return",1,1,2
zone_type > ZONE_HIGHMEM,1,1,2
kthread_stop(thrinfo->task),1,1,2
new->mode != CLOCK_EVT_MODE_UNUSED,1,1,2
!p->exit_state,1,1,2
irq_info[irq].type != IRQT_VIRQ,1,1,2
k->state != TASK_INTERRUPTIBLE,1,1,2
!bank,2,0,2
rdpg->rp_pages != NULL,1,1,2
"&res->lr_refcount, 0, LI_POISON",2,0,2
!kernelbuf && !userbuf,1,1,2
clusters_to_del == 0,1,1,2
"sbi, left_start >= TOTAL_SECS(sbi)",1,1,2
XFS_BUF_COUNT(bp) > 0,1,1,2
root_cache->memcg_params->memcg_caches[memcg_id] != s,1,1,2
opcode != CEPH_OSD_OP_READ && opcode != CEPH_OSD_OP_WRITE && opcode != CEPH_OSD_OP_ZERO && opcode != CEPH_OSD_OP_TRUNCATE,1,1,2
"INT_GET(drop_leaf->hdr.info.magic, ARCH_CONVERT) == XFS_DIR_LEAF_MAGIC",1,1,2
sizeof(struct tcp_skb_cb) > sizeof(skb->cb),1,1,2
!list_empty(&buf->cache),1,1,2
dt->do_ops->do_xattr_del,1,1,2
!hdm_ch,2,0,2
!list_empty(&queue->txfree),1,1,2
TX_DC_ENTRIES != (16 << TX_DC_ENTRIES_ORDER),1,1,2
rsci->h.next == NULL,1,1,2
&upcall_locks[idx],1,1,2
ns_is_client(ns),1,1,2
css_is_removed(&memcg->css),1,1,2
!cur || !(cur->bc_private.b.flags & XFS_BTCUR_BPRV_WASDEL),1,1,2
state->state != 0,1,1,2
mul <= 0,2,0,2
req->data,1,1,2
epoch->flags == 0,1,1,2
i >= NR_IRQS,1,1,2
gsec_kr->gsk_root_ctx == NULL,1,1,2
rc == ELDLM_OK,1,1,2
ctx->cc_ops->force_die,1,1,2
!((vma->vm_flags & (VM_PFNMAP | VM_IO)) == (VM_PFNMAP | VM_IO)),2,0,2
lsm->lsm_lock_owner == current_pid(),2,0,2
"self != NULL, , IRDA_CB_ERROR, ""Self is NULL !!!\n""",2,0,2
current->sighand->siglock.magic == SPINLOCK_MAGIC,1,1,2
sizeof(enhancements) != 2,2,0,2
(bfin_read_SICA_SYSCR() & COREB_SRAM_INIT) == 0,1,1,2
new_nr > le32_to_cpu(ab->max_entries),2,0,2
!srp_rsp,2,0,2
msg->pagelist,1,1,2
((ulong32) rspq->paddr[i] & 0xFFFFF000) == (ulong32) rspq->paddr[i],1,1,2
vma != ignore && vma->rb_subtree_gap != vma_compute_subtree_gap(vma),1,1,2
ei->refs == 0,1,1,2
"ins->adc_input == NULL,return -EINVAL",1,1,2
!page->page,1,1,2
atomic_read(&vob->cob_mmap_cnt) >= 0,2,0,2
spin_trylock(&cachep->spinlock),1,1,2
"data < sizeof(vx2_akm_gains_lut), return",1,1,2
((ip->i_itemp->ili_item.li_flags & XFS_LI_IN_AIL) == 0) || XFS_FORCED_SHUTDOWN(ip->i_mount),1,1,2
val > preempt_count(),1,1,2
obj->do_index_ops != NULL,1,1,2
vmbus_drv_obj->OnEventDpc != NULL,1,1,2
f->context != tmp->context,1,1,2
address != (unsigned long)_stext,1,1,2
mutex_is_locked(&fld->lsf_lock),1,1,2
ret != (len & ~(SHA256_BLOCK_SIZE - 1)),1,1,2
(uintptr_t)port->state->xmit.buf & ~PAGE_MASK,1,1,2
!list_empty(&packet->driver_list) || !list_empty(&packet->queue),1,1,2
index >= MAX_HWIFS,1,1,2
(cur->bc_private.b.firstblock != NULLFSBLOCK) || (cur->bc_private.b.ip->i_d.di_flags & XFS_DIFLAG_REALTIME),1,1,2
!list_empty(&fl->fl_link),1,1,2
obj_request->img_request == NULL,2,0,2
"le64_to_cpu(fe->i_size) != i_size_read(inode), ""Inode %""MLFu64"", inode i_size = %lld != di "" ""i_size = %""MLFu64"", i_flags = 0x%x\n"", OCFS2_I(inode)->ip_blkno, i_size_read(inode), le64_to_cpu(fe->i_size), le32_to_cpu(fe->i_flags)",1,1,2
"clock == ECHO_CLOCK_INTERNAL || clock == ECHO_CLOCK_SPDIF, return -EINVAL",1,1,2
atomic_read(&root->external_refcount) <= 0,1,1,2
tdma->rst,2,0,2
!(inode->i_sb->s_flags & MS_RDONLY),1,1,2
av7110->bmp_state != BMP_LOADED,1,1,2
"snd_pcm_format_linear(src_format->format) != 0, return -ENXIO",1,1,2
tx_callback == NULL,1,1,2
ip->i_blkno != (xfs_daddr_t)0,1,1,2
lens[MSG_PTLRPC_BODY_OFF] == sizeof(struct ptlrpc_body),2,0,2
bo->mem.mm_node != NULL,2,0,2
dev->iamthif_state != HECI_IAMTHIF_READING,1,1,2
vma->pin_count == 0,1,1,2
reciprocal_value(to->k) != filt->k,1,1,2
atomic_read(&vlocation->usage) <= 0,1,1,2
urb_list_empty(epid),1,1,2
!(lock_mode & (XFS_ILOCK_SHARED|XFS_ILOCK_EXCL)),2,0,2
!dev->hw_ops.set_params,1,1,2
!(sc->quirks & SONY_LED_SUPPORT),2,0,2
be64_to_cpu(cblock->bb_rightsib) == NULLDFSBNO,1,1,2
!node->old_root,1,1,2
cis[i + 1] == ETH_ALEN,1,1,2
ctx->bank1.dma & ((1 << MFC_BANK1_ALIGN_ORDER) - 1),2,0,2
sector != __rq->sector,1,1,2
ll >= rl2->vcn + rl2->length,2,0,2
frag1 != NULL,1,1,2
nbytes > 16,1,1,2
level == DLM_LOCK_NL,2,0,2
"(l_fb_info->vIOBase != (unsigned char*)(-1)), ""l_fb_info->vIOBase mapped in slow write\n""",1,1,2
"radix_tree_tag_get(&root->extent_root->cache_radix, buf->blocknr, CTREE_EXTENT_PENDING_ADD)",1,1,2
"substream->ops->silence != NULL, return -EINVAL",1,1,2
*opened & FILE_OPENED,2,0,2
args->token == RTAS_UNKNOWN_SERVICE,1,1,2
++s.compute > 2,1,1,2
!tbl->it_group,1,1,2
!sp || !hdr,2,0,2
heci_hdr->length >= sizeof(dev->rd_msg_buf),1,1,2
(ip < 5) || (ip == 6),1,1,2
"subs->dataurb[i].urb, return -EINVAL",1,1,2
(*de)->d_inode == NULL,1,1,2
"pcm_file != NULL, return -ENXIO",1,1,2
lp->flags & LPROPS_TAKEN,2,0,2
xpc_vars->heartbeating_to_mask == 0,1,1,2
sizeof(struct sxg_x64_sge) == sizeof(struct sxg_x64_sge),1,1,2
"bus->shared_type <= AC97_SHARED_TYPES, return -EINVAL",1,1,2
log->l_sectbb_log == 0 || log->l_logBBstart == 0 || XFS_SB_VERSION_HASLOGV2(&mp->m_sb),1,1,2
IWL_LEGACY_FIRST_ACTION != 0,1,1,2
new_alloc < chunk->map_used + 2,1,1,2
!xfs_buf_geterror(fbuf),1,1,2
wr && cur,1,1,2
down_trylock(&(mlc->isem)),1,1,2
ata_is_data(prot) && (!qc->sg || !qc->n_elem || !qc->nbytes),1,1,2
blk->magic == XFS_ATTR_LEAF_MAGIC || blk->magic == XFS_DIRX_LEAF_MAGIC(state->mp),1,1,2
!lwt_enabled,1,1,2
pip == dir->ip,1,1,2
"shift, part, inst, rstst_offs",1,1,2
"offset + loopsize*2 <= blocksize, return -EINVAL",1,1,2
offset & ~PAGE_CACHE_MASK,1,1,2
reg_size != 2,2,0,2
"IS_ALIGNED((uintptr) txh->RTSPhyHeader, sizeof(u16))",1,1,2
XFS_FORCED_SHUTDOWN(ip->i_mount) || iip->ili_format.ilf_fields != 0,1,1,2
be64_to_cpu(cblock->bb_leftsib) == NULLDFSBNO,1,1,2
!rds_ibdev,1,1,2
req->rq_clrbuf_len,1,1,2
!base_ni->ext.extent_ntfs_inos,2,0,2
usec > LONG_MAX,1,1,2
ni->nr_extents != -1,2,0,2
"(!(lock_flags & XFS_IOLOCK_SHARED)) || ismrlocked(&ip->i_iolock, (MR_UPDATE | MR_ACCESS))",1,1,2
!control || !control->count,1,1,2
len <= BFI_IOC_MSGLEN_MAX,1,1,2
brd_state != BRD_HIBERNATION,1,1,2
chunk_size % lpage_size,1,1,2
sh == head_sh,1,1,2
"INT_GET(k1->ar_startblock, ARCH_CONVERT) < INT_GET(k2->ar_startblock, ARCH_CONVERT)",1,1,2
skb->len != sizeof(struct can_frame) || cf->can_dlc > 8,1,1,2
ptr + BBTOB(nbblks) <= XFS_BUF_PTR(bp) + XFS_BUF_SIZE(bp),1,1,2
btree_current_write(r)->owner,1,1,2
i1 != NULL,2,0,2
unit_size && unit_size < static_size + free_size,1,1,2
!dev->bus_id,2,0,2
!fp,1,1,2
__zone == NULL,1,1,2
pkt->next == NULL,1,1,2
GOODREGS(sii->wrappers[coreidx]),1,1,2
&pwq->pool->lock,2,0,2
"is_master(r), dlm_dump_rsb(r);",1,1,2
c == NULL,1,1,2
"!dma_declare_coherent_memory(&dev->dev, GAPSPCI_DMA_BASE, GAPSPCI_DMA_BASE, GAPSPCI_DMA_SIZE, DMA_MEMORY_MAP | DMA_MEMORY_EXCLUSIVE)",1,1,2
"offsetof(struct thread_fp_state, fpscr) != offsetof(struct thread_fp_state, fpr[32][0])",2,0,2
" (ARRAY_SIZE(asihpi_dst_names) == (HPI_DESTNODE_LAST_INDEX-HPI_DESTNODE_BASE+1)), assert_dst_names_size",1,1,2
ac->ac_status == AC_STATUS_FOUND,2,0,2
"(rmh.stat[1] & 0x5F) >= card_streams, return -EINVAL",1,1,2
sizeof(all->par.mmap_map) != sizeof(__cg14_mmap_map),1,1,2
atomic_read(&gmsg->gum_refcount) > 1,1,1,2
"qos != NULL, goto out;",2,0,2
ring_slots_used > max_slots_needed,1,1,2
"cell != NULL, return",1,1,2
19 - 1 != HWEIGHT32( O_RDONLY | O_WRONLY | O_RDWR | O_CREAT | O_EXCL | O_NOCTTY | O_TRUNC | O_APPEND | O_NONBLOCK | __O_SYNC | O_DSYNC | FASYNC | O_DIRECT | O_LARGEFILE | O_DIRECTORY | O_NOFOLLOW | O_NOATIME | O_CLOEXEC | FMODE_EXEC ),1,1,2
reco_master != dlm->reco.new_master,1,1,2
"bus, return -EINVAL",1,1,2
rbd_dev->open_count > 0,1,1,2
out + in > VIRTNET_SEND_COMMAND_SG_MAX,1,1,2
buf_size - conn->data_copied < 0,1,1,2
virq == NO_IRQ,2,0,2
"inode == cl2ccc_io(env, ios)->cui_fd->fd_file->f_dentry->d_inode",1,1,2
atomic_read(&mp->nohomeok) > 0,1,1,2
"self != NULL, , IRDA_OCB_ERROR, ""Self is NULL !!!\n""",2,0,2
lvl < 0 || lvl >= IWL_POWER_NUM,1,1,2
"(l_fb_info->v_fb != NULL), ""FB successfully mapped before mem detect\n""",1,1,2
!virt_addr_valid(LogicalAddr),1,1,2
is_slave(tipc_own_addr),1,1,2
ring->suspend_mark < ring->resume_mark,1,1,2
clk->count == 0,1,1,2
tcp_ctask->xmstate != XMSTATE_IDLE,1,1,2
&obd->obd_connected_clients,1,1,2
!(req->new_ino_d & 7),2,0,2
offset < -SZ_128M || offset >= SZ_128M,1,1,2
map_pg != bootmap_pfn + bootmap_pages,1,1,2
len > sizeof(long),1,1,2
lcfg.cfg_instance == NULL,1,1,2
!list_empty(&NFS_I(inode)->open_files),1,1,2
"rcu_read_lock_sched_held() || lockdep_is_held(&wq->mutex) || lockdep_is_held(&pwq_lock), ""sched RCU or wq->mutex should be held""",1,1,2
!spin_is_locked(&event->list_lock),1,1,2
!is_power_of_2(align_pages),1,1,2
"INT_GET(leaf1->hdr.info.magic, ARCH_CONVERT) == XFS_DIR2_LEAFN_MAGIC",1,1,2
sizeof(union input_seq_state) != sizeof(seq->private),2,0,2
hdr_remains <= 0,1,1,2
c->min_idx_lebs < c->main_lebs,1,1,2
!runtime,2,0,2
SXG_RECEIVE_DATA_LOCATION(RcvDataBufferHdr) == RcvDataBufferHdr->VirtualAddress,1,1,2
target->obt_magic == OBT_MAGIC,1,1,2
*pathp[0].slot == NULL,1,1,2
!atomic_read(&mnt->mnt_longrefs),1,1,2
(preempt_count() < 0),1,1,2
tv->tv_sec < 0,1,1,2
!trail,1,1,2
list_empty(&top->loh_lru),2,0,2
lp->busy_itl == 0,1,1,2
req->rq_reqbuf->lm_bufcount == PLAIN_PACK_SEGMENTS,2,0,2
type == XFS_BLI_UDQUOT_BUF || type == XFS_BLI_PDQUOT_BUF || type == XFS_BLI_GDQUOT_BUF,1,1,2
lld->lld_cwd_count == 0,1,1,2
iomapp->iomap_bn != IOMAP_DADDR_NULL,1,1,2
"strlen(lwpname) < MTI_NAME_MAXLEN, ""lwpname is too long %s\n"", lwpname",1,1,2
txq_id == IWL_CMD_QUEUE_NUM,1,1,2
mp->m_attroffset < XFS_LITINO(mp),1,1,2
!csr || !kv || csr->max_rom < 1,1,1,2
cpumask_empty(&cpumask),2,0,2
!b->hold_count,2,0,2
flags & FOLL_WRITE,1,1,2
list_empty(&lcw->lcw_list),1,1,2
"fsize != 0, return",1,1,2
!(*spte & PT_WRITABLE_MASK),1,1,2
ios->offset % PAGE_SIZE,1,1,2
device_is_registered(&connector->kdev),1,1,2
ctx->count > caps_reserve_count,1,1,2
jhead != GCHD,2,0,2
state >= 0 && state <= 8,1,1,2
(ios->layout->group_width > 1) && (si->unit_off + ios->length > ios->layout->stripe_unit),1,1,2
!info->nid,2,0,2
x % 2 == 1,1,1,2
slot_num >= si->si_num_slots,1,1,2
NULL == vb,1,1,2
"sdp, !get_transaction",1,1,2
obj_request->copyup_pages,1,1,2
EXT4_I(inode)->i_es_lru_nr == 0,1,1,2
d->d_inode->i_mode & S_IFDIR,1,1,2
!list_empty(&new->list),2,0,2
" actp->role == COMP_ROLE_ACT, actp->role ",1,1,2
dfp == &hdr->bestfree[0],1,1,2
auth_tok->session_key.encrypted_key_size > PAGE_CACHE_SIZE,1,1,2
"offsetof(struct sk_buff, prev) != offsetof(struct sk_buff, next) + sizeof(skb->next)",1,1,2
phy->phy_layer->id == param->phyid,1,1,2
rc != 1,1,1,2
(u8)NFS4_MAX_SLOT_TABLE != (int)NFS4_MAX_SLOT_TABLE,1,1,2
cnfg->phy_layers[param->phyid].frm_layer->id == param->phyid,1,1,2
!cpu_cache_get(cachep),1,1,2
tx->tx_iov[0].iov_base == (void *)&tx->tx_msg,1,1,2
!bn && !(iomap.iomap_flags & IOMAP_REALTIME),1,1,2
"dst_channels->area.first % 8 == 0 && dst_channels->area.step % 8 == 0, return -ENXIO",1,1,2
lockres->l_blocking <= DLM_LOCK_NL,2,0,2
(u16)(outTicket+1) == *(u16*)(db->lbuf+temp),1,1,2
"blk_end_bidi_request(req, 0, blk_rq_bytes(req), blk_rq_bytes(req->next_rq))",1,1,2
par->out != NULL,1,1,2
"sdp, test_bit(HIF_HOLDER, &gh->gh_iflags)",1,1,2
"!spin_is_locked(pte_lockptr(mm, pmd))",1,1,2
token.len <= token_buflen,1,1,2
"gl, !list_empty(&gl->gl_lru)",1,1,2
"(ocd->ocd_connect_flags & data->ocd_connect_flags) == ocd->ocd_connect_flags, ""old ""LPX64"", new ""LPX64""\n"", data->ocd_connect_flags, ocd->ocd_connect_flags",1,1,2
pck_div < 2,1,1,2
dl->dl_count != 1,2,0,2
heci_hdr->me_addr != dev->iamthif_file_ext.me_client_id,1,1,2
hlt_counter < 0,1,1,2
!chip->beep,2,0,2
"(int)sizeof(((struct som_attrs *)0)->som_compat) == 4, ""found %lld\n"", (long long)(int)sizeof(((struct som_attrs *)0)->som_compat)",1,1,2
len < sizeof(*kal) + sizeof(*vn),1,1,2
b->bm_pages != NULL,1,1,2
"bpf_get_next_key(map_fd, &next_key, &next_key) == -1 && errno == ENOENT",2,0,2
"i == 0 || pg->off > pg_prev->off, ""i %d p_c %u pg %p [pri %lu ind %lu] off %llu"" "" prev_pg %p [pri %lu ind %lu] off %llu\n"", i, page_count, pg->pg, page_private(pg->pg), pg->pg->index, pg->off, pg_prev->pg, page_private(pg_prev->pg), pg_prev->pg->index, pg_prev->off",1,1,2
dma_channel_active(state->dma),2,0,2
!slave->dma_dev || slave->dma_dev != dw->dma.dev,1,1,2
dai->id >= ARRAY_SIZE(wm8776->sysclk),1,1,2
tipc_ref_table.entries,1,1,2
(unsigned long)__fix_to_virt(VSYSCALL_FIRST_PAGE) != (unsigned long)VSYSCALL_START,1,1,2
"len, <=, PAGE_CACHE_SIZE",1,1,2
cmd->data_length > PAGE_SIZE,1,1,2
"llabs(after - before) < 0x40000 || !""rss didn't shrink as expected""",1,1,2
wiov.iov[0].iov_base == __user_addr_max - 3,2,0,2
(adapter == NULL) || (adapter != unit->port->adapter),1,1,2
!an,1,1,2
atomic_read(&task->tk_count) != 1,1,1,2
head->h_magicno == cpu_to_be32(XLOG_HEADER_MAGIC_NUM),2,0,2
rcu_dereference(nf_nat_tftp_hook),1,1,2
 (temp == adc->fragTotalSize) || (temp == adc->fragTotalSize + adc->fragSize) ,1,1,2
ac->ac_which != OCFS2_AC_USE_INODE,2,0,2
bustype == RPC_BUS,1,1,2
rc >= efx->rss_queues,1,1,2
exts[nr].offset > 0,1,1,2
!is_confirmed(ct),1,1,2
be16_to_cpu(hdr->bestfree[0].length) >= length,1,1,2
idx >= spec->num_pins,1,1,2
fskb->len != len,1,1,2
buffer->state != LCS_BUF_STATE_LOCKED && buffer->state != LCS_BUF_STATE_PROCESSED,2,0,2
scmnd->request_bufflen <= PAGE_SIZE,1,1,2
fdb == XFS_DIR2_FREE_FIRSTDB(mp),1,1,2
seqp->ccid2s_sent < prev->ccid2s_sent,1,1,2
pgd_addr_invalid(addr),2,0,2
"device, first_peer_device(device)->connection == connection",1,1,2
"ddb_in32(DDB_SDRAM0) == ddb_calc_pdar(DDB_SDRAM_BASE, board_ram_size, 32, 0, 1)",1,1,2
"R_REG(osh, &cc->res_state) & rsrcs",1,1,2
"sdp, rgd->rd_free",1,1,2
PAGE_SHIFT < UFFD_BITS,1,1,2
scsi_bufflen(scmnd) == 0,1,1,2
"!alloc_cpumask_var_node(&tbl[node], GFP_KERNEL, node)",1,1,2
!spu->pdata,1,1,2
(lock->l_granted_mode != LCK_PW) && (lock->l_granted_mode != LCK_EX),1,1,2
"OCFS2_I(inode)->ip_orphaned_slot != OCFS2_INVALID_SLOT && OCFS2_I(inode)->ip_orphaned_slot != (*orphaned_slot), ""Inode %llu: This node thinks it's "" ""orphaned in slot %d, messaged it's in %d\n"", (unsigned long long)OCFS2_I(inode)->ip_blkno, OCFS2_I(inode)->ip_orphaned_slot, *orphaned_slot",1,1,2
rds_info_funcs[offset] != NULL,1,1,2
"msynth->input_rfile.input != NULL, return -EINVAL",1,1,2
(u64)base >> 32,1,1,2
tp->sacked_out + tp->lost_out > tp->packets_out,1,1,2
"INT_GET(bestsp[db], ARCH_CONVERT) == oldbest",1,1,2
"runtime, return -EINVAL",1,1,2
xe == SP_EMIN,2,0,2
(flags & (XFS_GROUP_QUOTA | XFS_USER_QUOTA)) != 0,1,1,2
tcp_conn->in.offset - offset > len,1,1,2
!pkt->orig_bios,1,1,2
length != pagelist->length,1,1,2
ret & PTE_MASK,1,1,2
req->rq_svc_ctx->sc_policy,2,0,2
wbuf->avail > 0 && wbuf->avail <= c->min_io_size,1,1,2
svcpt != NULL,2,0,2
iip->ili_iolock_recur == 0,1,1,2
lock_flags == XFS_IOLOCK_EXCL,1,1,2
(state & STS_HALT) == 0,1,1,2
(1LU << (BITS_PER_LONG - WORK_OFFQ_POOL_SHIFT)) < WORK_CPU_LAST * NR_STD_WORKER_POOLS,1,1,2
(*list_head) != NULL,1,1,2
count > SPI_NUM_ATTRS,1,1,2
dev_obj->bridge_context != NULL,1,1,2
attr_size != i_size_read(vi),1,1,2
"_dma64_addrext(osh, (dma64regs_t *) dmaregs)",1,1,2
it->cache != init_net.ipv4.mfc_cache_array,1,1,2
!PageSwapBacked(oldpage),1,1,2
page_off && (page_off != ios->ol_state.pgbase),1,1,2
new->mapping,1,1,2
ac->ac_which != OCFS2_AC_USE_LOCAL,2,0,2
!conn_list || max_conns <= 0,1,1,2
len >= EXT4_BLOCKS_PER_GROUP(sb),1,1,2
"ohri->rst_shift, 0, oh->clkdm->pwrdm.ptr->prcm_partition, oh->clkdm->pwrdm.ptr->prcm_offs, oh->prcm.omap4.rstctrl_offs, 0",1,1,2
*handle_cnt != 0 && *buffer_cnt == 0,1,1,2
port_state != SCI_PORT_RESETTING,1,1,2
!ht_cap,1,1,2
aarch64_insn_is_cbnz(insn),1,1,2
space <= BBTOB(BLOCK_LSN(tail_lsn)),1,1,2
M_RES(mp)->tr_write.tr_logres,1,1,2
nxt >= TX_RING_SIZE,1,1,2
card->ac97->dev_mixer >= 0,1,1,2
val < 0 || val > mc13783_regulators[id].desc.n_voltages,1,1,2
!csr || !csr->ops || !csr->ops->bus_read,1,1,2
window->average_tpt != ((window->success_ratio * tbl->expected_tpt[index] + 64) / 128),1,1,2
!mrq,1,1,2
nilfs->ns_gc_inodes_h,1,1,2
!r && (flags & ~(CLOSURE_DESTRUCTOR|CLOSURE_BLOCKING)),1,1,2
zero_pfn == 0,1,1,2
key != ctx->match_data,1,1,2
down_trylock(&mlc->csem),2,0,2
rcu_dereference(nf_nat_pptp_hook_exp_gre),1,1,2
!virt_addr_valid(cpu_addr + size - 1),1,1,2
sge_count >= 32,1,1,2
"format <= SNDRV_PCM_FORMAT_LAST, return NULL",1,1,2
dev_index == num_dev,1,1,2
cap == 0,1,1,2
gain >= ARRAY_SIZE(gaindelay),1,1,2
(vma->vm_flags & (VM_PFNMAP|VM_MIXEDMAP)) == (VM_PFNMAP|VM_MIXEDMAP),2,0,2
pavc->vma != dst,1,1,2
atomic_read(&cur->bi_cnt) == 0,1,1,2
max <= klist->maxkeys,1,1,2
orig_byte_offset != 0,1,1,2
"htab_bolt_mapping(tce_alloc_start, tce_alloc_end, __pa(tce_alloc_start), mode_rw, mmu_linear_psize, mmu_kernel_ssize)",1,1,2
!fw,1,1,2
"!(lockres->l_flags & USER_LOCK_QUEUED), ""Lockres %s, flags 0x%x\n"", lockres->l_name, lockres->l_flags",1,1,2
job->js_jobstats,1,1,2
"INT_GET(info->magic, ARCH_CONVERT) == XFS_ATTR_LEAF_MAGIC",1,1,2
(*ppp)->dev != dev,1,1,2
c->mo_ops->moo_permission,1,1,2
"comp_keys(&leaf->items[slot].key, &cpukey) <= 0",1,1,2
"if (!f) { printk(KERN_ERR ""jffs_possibly_delete_file(): f == NULL\n""); return -1; }",1,1,2
!list_empty(&lsp->ls_locks),1,1,2
drm_mm_hole_node_start(node) != drm_mm_hole_node_end(node),1,1,2
!map->reg_read,1,1,2
linkid == servl->id,1,1,2
urb_priv->rx_offset + myNextRxDesc->hw_len <= urb->transfer_buffer_length,1,1,2
"!list_empty(&svcpt->scp_hist_reqs), ""%s:%d: seek offset ""LPU64"", request seq ""LPU64"", "" ""last culled ""LPU64""\n"", svcpt->scp_service->srv_name, svcpt->scp_cpt, seq, srhi->srhi_seq, svcpt->scp_hist_seq_culled",1,1,2
xpc_any_partition_engaged(),1,1,2
typea == UBIFS_DENT_KEY && typeb == UBIFS_DENT_KEY,1,1,2
privacy,1,1,2
!sys->private_data,1,1,2
BCM43xx_SPROM_SIZE * sizeof(u16) <= PAGE_SIZE,1,1,2
stable_node->page != oldpage,1,1,2
xfer->urb->transfer_flags & URB_NO_SETUP_DMA_MAP && xfer->urb->setup_packet == NULL,1,1,2
level != btrfs_header_level(eb),1,1,2
"rcu_read_lock_sched_held() || lockdep_is_held(&wq_mutex), ""sched RCU or wq_mutex should be held""",1,1,2
"(probe >= 0) && (!leaf->hdr.count || (probe < INT_GET(leaf->hdr.count, ARCH_CONVERT)))",1,1,2
key->lct_fini != NULL,2,0,2
(*pskb)->ip_summed == CHECKSUM_HW,1,1,2
(char *)dep - (char *)d == be16_to_cpu(*XFS_DIR2_DATA_ENTRY_TAG_P(dep)),1,1,2
oinfo != NULL,2,0,2
fp->reg == reg,1,1,2
zone->nr_pageblock_isolate <= 0,1,1,2
attr->ia_valid & ATTR_SIZE,2,0,2
!bau_tabp,1,1,2
b->level && !KEY_PTRS(k),1,1,2
need_fence && !mappable,1,1,2
atomic_read(&vblank->refcount) == 0,1,1,2
is_sync_kiocb(iocb),1,1,2
I2400M_TX_PDU_TOTAL_SIZE > I2400M_TX_BUF_SIZE,1,1,2
"i == 0 || pg->off > pg_prev->off, ""i %d p_c %u pg %p [pri %lu ind %lu] off ""LPU64 "" prev_pg %p [pri %lu ind %lu] off ""LPU64""\n"", i, page_count, pg->pg, page_private(pg->pg), pg->pg->index, pg->off, pg_prev->pg, page_private(pg_prev->pg), pg_prev->pg->index, pg_prev->off",1,1,2
be32_to_cpu(recp->ar_blockcount) > 0,1,1,2
list_empty(&mdev->tconn->sender_work.q),1,1,2
error > 0,1,1,2
scmnd->host_scribble == NULL,1,1,2
active_stack != NULL,1,1,2
class != NULL,1,1,2
sfw_data.fw_session == NULL,2,0,2
vol_id == ubi32_to_cpu(vid_hdr->vol_id),1,1,2
task->tk_timeout_fn,1,1,2
rport->port_state != FC_PORTSTATE_NOTPRESENT,1,1,2
(rq->cmd_type == REQ_TYPE_ATA_TASKFILE) && rq->nr_sectors > 256,1,1,2
*pos < 8,2,0,2
slot_num >= osb->max_slots,2,0,2
nm_i->dirty_nat_cnt,1,1,2
!data_len,2,0,2
!abe_pool,1,1,2
txq->tx_desc_count >= txq->tx_ring_size,1,1,2
!tt,2,0,2
is.s.not_found,2,0,2
dabuf->data,1,1,2
"src_channels[src_channel].area.first % 8 == 0 || src_channels[src_channel].area.step % 8 == 0, return -ENXIO",1,1,2
"!lock_is_held(&rcu_bh_lock_map), ""Illegal context switch in RCU-bh read-side critical section""",1,1,2
*stackidx < BCM43xx_INTERFSTACK_SIZE,1,1,2
"!ocfs2_sparse_alloc(osb) && (OCFS2_I(inode)->ip_clusters != cpos), ""Device %s, asking for sparse allocation: inode %llu, "" ""cpos %u, clusters %u\n"", osb->dev_str, (unsigned long long)OCFS2_I(inode)->ip_blkno, cpos, OCFS2_I(inode)->ip_clusters",1,1,2
region->vm_start & ~PAGE_MASK,1,1,2
&vf->lock,2,0,2
pHciPalInfo->hdev != NULL,1,1,2
req->rq_state & RQ_LOCAL_PENDING,1,1,2
rq->nr_active <= 0,1,1,2
sizeof(struct kvm) > KVM_VM_STRUCT_SIZE,1,1,2
!publ->node || (publ->node == node),1,1,2
"c, ""suspicious rcu_dereference_index_check()"" "" usage""",1,1,2
!buf_entry,1,1,2
jiffies < part->disengage_request_timeout,1,1,2
r->reg >= ARRAY_SIZE(vcpu->arch.cp15),2,0,2
npages != -EBUSY,1,1,2
p->state == TASK_DEAD,1,1,2
dsidev->id != -1,1,1,2
sizeof(channel->info->rx.param) != sizeof(u8),2,0,2
"cpcm->stream[0].substreams || cpcm->stream[1].substreams, return -EINVAL",1,1,2
!parent->d_lockref.count,1,1,2
"INT_GET(entry->hashval, ARCH_CONVERT) == args->hashval",1,1,2
pktLen < ZM_WLAN_MAX_RX_SIZE,1,1,2
subdir->nr_swapped > offset,1,1,2
"ohri->rst_shift, ohri->st_shift, oh->clkdm->pwrdm.ptr->prcm_offs, oh->prcm.omap4.rstctrl_offs, oh->prcm.omap4.rstst_offs",1,1,2
(mapping_gfp_mask(mapping) & __GFP_DMA32) && (page_to_pfn(p) >= 0x00100000UL),1,1,2
!master_clk.rate,1,1,2
EXT_MAX_INDEX(path[i].p_hdr) != EXT_LAST_INDEX(path[i].p_hdr),1,1,2
i != XEN_BLKIF_REQS,1,1,2
atomic_read(&wq->nr_cwqs_to_flush),1,1,2
"ins != NULL, return",1,1,2
wip->i_d.di_nlink == 0,1,1,2
id < 0 || id >= SLOW_WORK_THREAD_LIMIT,1,1,2
stripe_index > 3,1,1,2
!value_bh,1,1,2
cur_idx != CBH_POISON,1,1,2
!pipe(pipe_1),1,1,2
inode->i_mapping->a_ops->bmap,2,0,2
"(rtlphy->current_channel <= 14), ""WIRELESS_MODE_G but channel>14\n""",1,1,2
msg != NULL && !(msg->flags & XPC_M_SN2_READY),1,1,2
phy->type == BCM43xx_PHYTYPE_A,1,1,2
ced->pStagedIrp != NULL,1,1,2
sizeof(*dev_priv) == sizeof(*dev),1,1,2
(ip->i_d.di_size == 0) || ((ip->i_d.di_mode & S_IFMT) != S_IFREG),1,1,2
rs->rs_export,1,1,2
args->index2 < be16_to_cpu(leaf2->hdr.count),1,1,2
"""wrong refcnt"", mg->refcnt == 1",1,1,2
"rpcm_oss_file != NULL, return -EINVAL",1,1,2
"!rcu_scheduler_active, ""synchronize_rcu_tasks called too soon""",1,1,2
device->vnr == volume,1,1,2
xprt->xpt_net == net,1,1,2
AP_MAX_LINKS > WL12XX_MAX_LINKS,1,1,2
length != bio->bi_size,1,1,2
part >= OMAP4_MAX_PRCM_PARTITIONS || part == OMAP4430_INVALID_PRCM_PARTITION || !_cm_bases[part],2,0,2
offset < qp->rx_buff_begin || offset + transport_mtu >= qp->rx_buff_end,1,1,2
t >= ARRAY_SIZE(btrfs_csum_sizes),1,1,2
(oldblk->index >= 0) && (oldblk->index <= be16_to_cpu(node->hdr.count)),1,1,2
bhp->bh_first->bd_next != NULL,1,1,2
!(cgroup_is_dead(cgrp)),1,1,2
type == OBJ_REQUEST_PAGES,1,1,2
ieee754dp_isnan(y),1,1,2
list_empty(&data->trace_pages),1,1,2
type >= EFX_TXQ_TYPES,1,1,2
"iops->key_size(env, it) == ii->ii_keysize",1,1,2
list_empty(&cell->servers),2,0,2
MD_PRT_ADR_COMP_LBN != MDIO45_PRT_ID_COMP_LBN,1,1,2
i >= s->req.u.rw.nr_segments,1,1,2
sizeof(super) > blocksize,1,1,2
req->rq_reqbuf->lm_bufcount >= 3,1,1,2
!ata_tag_valid(qc->tag),1,1,2
table == 0,1,1,2
!map->format.format_val,1,1,2
vmsg != NULL && vmsg->lm_bufcount >= 3,1,1,2
"freehdr.firstdb == dp->d_ops->free_max_bests(mp) * (fdb - xfs_dir2_byte_to_db(mp, XFS_DIR2_FREE_OFFSET))",1,1,2
handle->lgh_file,1,1,2
!req->rq_pool,2,0,2
id < 0 || id >= rsnd_scu_nr(priv),1,1,2
atomic_read(&bp->pb_hold) < 1,1,1,2
!msg->b.bio_iter,1,1,2
!unit_size && dyn_size,1,1,2
(val * 100000) + 1700000 < min_uV,1,1,2
idx >= 0 && idx < nextents,1,1,2
!cmd->t_task,1,1,2
"ISALIGNED(len, sizeof(u32))",1,1,2
&cachep->node[numa_mem_id()]->list_lock,1,1,2
"template->num < 4 && bus->codec[template->num] == NULL, return -EINVAL",1,1,2
write_domain == I915_GEM_DOMAIN_CPU,1,1,2
extent_root->fs_info->current_insert.offset == 0,1,1,2
be16_to_cpu(data->hdr.bestfree[0].length) >= length,1,1,2
gfs2_is_dir(ip),2,0,2
MAX_SIZEOF_DS < ds_cfg.sizeof_ds,1,1,2
ARIZONA_MAX_PDM_SPK > 1,1,1,2
"cs8427, return",1,1,2
(int)cy_as_usb_in == (int)cy_as_direction_in,1,1,2
"""wrong refcnt"", other_mg->refcnt == 1",1,1,2
llist_empty(&info->persistent_gnts),1,1,2
"rcu_read_lock_sched_held() || lockdep_is_held(&wq_pool_mutex), ""sched RCU or wq_pool_mutex should be held""",1,1,2
len != hctx->seqbufc * CCID2_SEQBUF_LEN,1,1,2
 buf != 0 ,1,1,2
!cgroup_dummy_top->subsys[i],1,1,2
c_ptr->addr,1,1,2
pos + count > RME9652_CHANNEL_BUFFER_BYTES / 4,2,0,2
!con->out_kvec_left,2,0,2
b->sets[b->nsets].data == write_block(b) && (b->sets[b->nsets].size || b->nsets),1,1,2
t->iovec.iov_len > 1024*1024*1024,1,1,2
mem != NULL,1,1,2
!tfile,2,0,2
lockres->l_level != LKM_EXMODE && !checkpointed,1,1,2
hw_fib->header.StructType != FIB_MAGIC,1,1,2
"xfs_dir3_sfe_get_ftype(mp, sfp, sfep) < XFS_DIR3_FT_MAX",1,1,2
need_to_create_worker(gcwq),1,1,2
count == PAGE_CACHE_SIZE,2,0,2
status || (dev_obj->hbridge_context != NULL),1,1,2
"dfp || oldlen <= INT_GET(d->hdr.bestfree[2].length, ARCH_CONVERT)",1,1,2
"!PageTransHuge(oldpage), oldpage",1,1,2
"emu->ops.trigger != NULL, return",1,1,2
con->state != CON_STATE_CONNECTING && con->state != CON_STATE_NEGOTIATING && con->state != CON_STATE_OPEN,1,1,2
"!(ci->ci_flags & OCFS2_CACHE_FL_INLINE), ""Inode %llu not marked as inline anymore!\n"", (unsigned long long)oi->ip_blkno",1,1,2
XFS_BUF_TARGET(sbp) == mp->m_ddev_targp,1,1,2
(len & L1_CACHE_MASK) || (src & L1_CACHE_MASK) || (dest & L1_CACHE_MASK),1,1,2
"dma->right_slot == chip->src_right_rec_slot, ",1,1,2
be16_to_cpu(*xfs_dir2_data_entry_tag_p(dep)) == (char *)dep - (char *)d,1,1,2
!(hcrx->ccid3hcrx_state == TFRC_RSTATE_NO_DATA || hcrx->ccid3hcrx_state == TFRC_RSTATE_DATA),1,1,2
ghdr->gh_proc == PTLRPC_GSS_PROC_ERR,1,1,2
uctx && pol,1,1,2
c->mo_dir_ops->mdo_create_data,1,1,2
atomic_read(&vlocation->usage) < 0,1,1,2
(!lockres->l_flags & OCFS2_LOCK_BUSY),1,1,2
cpu >= MAX_CPUS || cpu < 0,2,0,2
rcu_dereference(ip_nat_irc_hook),1,1,2
(addr >> PAGE_SHIFT) >= bdata->node_low_pfn,1,1,2
lck->lls_sub[i].sub_lock != NULL,2,0,2
!ninode,1,1,2
gpio_register_cmd.gpioreg_id == gpio_reg_results.gpioreg_id,1,1,2
reg > ISL1208_REG_USR2,2,0,2
el->l_recs[0].e_blkno,1,1,2
e1->t == NO_JUMP,1,1,2
"i > left->p_tree_depth, ""Inode %lu, left depth %u, right depth %u\n"" ""left leaf blk %llu, right leaf blk %llu\n"", inode->i_ino, left->p_tree_depth, right->p_tree_depth, (unsigned long long)path_leaf_bh(left)->b_blocknr, (unsigned long long)path_leaf_bh(right)->b_blocknr",1,1,2
!mutex_is_locked(&st->__state_send_lock),1,1,2
wbuf->size % c->min_io_size == 0,2,0,2
task->tk_rqstp->rq_bytes_sent != 0,1,1,2
page_idx & ((1 << order) - 1),1,1,2
"htab_bolt_mapping(dart_tablebase+16*MB, base + size, __pa(dart_table_end), tprot, mmu_linear_psize, mmu_kernel_ssize)",1,1,2
"!atomic_read(&substream->runtime->mmap_count), ",1,1,2
"ISALIGNED(PHYSADDRLO(pa), 4)",1,1,2
atomic_read(&rds_ib_allocation) < 0,1,1,2
hdr->nops > NFS4_MAX_OPS,1,1,2
MAX_NUMNODES/4 > PAGE_SIZE/2,1,1,2
spin_is_locked(&gl->gl_spin),1,1,2
doff == SDPCM_HDRLEN,1,1,2
"!ata_valid_internal_tag(ap, dev, tag)",1,1,2
c->bi.data_growth >= 0,2,0,2
"""wrong exclude idle"", evsel->attr.exclude_idle",2,0,2
len != sizeof(struct update_param),1,1,2
offset < qp->tx_mw_begin || offset + transport_mtu >= qp->tx_mw_end,1,1,2
"ins->pcm_input == NULL,return -EINVAL",1,1,2
ntxd <= D32MAXDD,1,1,2
&client_mutex,2,0,2
i == 0 && extra != 0,1,1,2
sblock_to_check->pagev[0].mirror_num < 1,1,1,2
obj_priv->pin_count == DRM_I915_GEM_OBJECT_MAX_PIN_COUNT,1,1,2
"hpriv, dev",2,0,2
strm_obj->segment_id > 0,1,1,2
node && node->detached,1,1,2
!ext_csd,1,1,2
level2_ident_pgt[pmdidx].pmd != level2_kernel_pgt[pmdidx].pmd,1,1,2
clear_obj.len <= clear_buflen,1,1,2
"per_cpu(tasklet_hi_vec, hotcpu).list",1,1,2
i1 == i2,2,0,2
rmsg != NULL && rmsg->lm_bufcount >= 3,1,1,2
conf->sc_local == 0,1,1,2
be16_to_cpu(hdr->bestfree[0].length) == mp->m_dirblksize - (uint)sizeof(*hdr),1,1,2
!__builtin_constant_p(offset),1,1,2
host->adma_addr & 0x3,1,1,2
ip1,1,1,2
num_to_free > 0,1,1,2
page_pools.epp_idle_idx <= IDLE_IDX_MAX,2,0,2
cur_ti,1,1,2
rqset != NULL,1,1,2
uChnlId < chnl_mgr_obj->max_channels,1,1,2
"btrfs_is_free_space_inode(root, inode)",1,1,2
pb->pb_flags & (PBF_READ|PBF_WRITE),1,1,2
stopper->thread || stopper->enabled || !list_empty(&stopper->works),1,1,2
ret && ret != -ENOSPC,1,1,2
wr || !(flags & XFS_BMAPI_DELAY),1,1,2
bind_cpu_0 < 0 || bind_cpu_0 >= g->p.nr_cpus,1,1,2
vr1->info->magic == MIC_MAGIC + type + 1,1,1,2
re->skb == skb,1,1,2
to == NULL,1,1,2
list_empty(&blkg->q_node[BLKIO_POLICY_PROP]),1,1,2
!hlist_empty(&icl->icl_inodes),1,1,2
dn.data_blkaddr == NEW_ADDR,1,1,2
oi->ip_dyn_features & OCFS2_HAS_REFCOUNT_FL,2,0,2
(!mbo) || (!mbo->context),2,0,2
"!lock_is_held(&rcu_lock_map), ""Illegal context switch in RCU read-side critical section""",1,1,2
lip->li_mountp == tp->t_mountp,2,0,2
y >= KERNEL_IMAGE_SIZE,2,0,2
&cpu_buffer->lock,1,1,2
ARRAY_SIZE(sc->modes) < 3,1,1,2
OFF_SLAB(cachep),1,1,2
sizeof(struct ether_addr) == ETHER_ADDR_LEN,1,1,2
desc->bd_iov_count <= PTLRPC_MAX_BRW_PAGES,2,0,2
log->l_freelist == 0,1,1,2
new_blk->magic == be16_to_cpu(new_info->magic),1,1,2
"channel >= 0 && channel < hdsp->max_channels, return NULL",1,1,2
pMgrAttrs->ul_min_block_size >= 4,1,1,2
!list_empty(&mq->free),1,1,2
!via_config->id,1,1,2
"false, (""rtl_hal_pwrseqcmdparsing(): Unknown CMD!!\n"")",1,1,2
"fd, F_SEAL_GROW",2,0,2
b != bio,1,1,2
"src->parent_scb_ptr != NULL, return -EINVAL ",1,1,2
!gh->gh_owner_pid,1,1,2
! (waitqueue_active(&dac->wait) && (dac->count <= 0)) ,1,1,2
compressed,1,1,2
*b >= smc->old_counts.nr,1,1,2
scsi_bufflen(scmnd) <= PAGE_SIZE,1,1,2
i >= nr_extents,1,1,2
zm & SP_HIDDEN_BIT,2,0,2
findex < xfs_dir2_free_max_bests(mp),1,1,2
list_empty(&adapter->req_list[i]),1,1,2
base->ail_back == (xfs_log_item_t*)base,1,1,2
"false, (""ERR: <======\n"")",1,1,2
cm_id_priv->state != IW_CM_STATE_DESTROYING,1,1,2
size >= sizeof(xfs_efi_log_format_t),1,1,2
nents > SG_MAX_SINGLE_ALLOC,1,1,2
(copyCount % db->fragSize) == 0,1,1,2
NULL == l->block_ref_to,2,0,2
freehdr.firstdb == xfs_dir3_free_max_bests(mp) * (fdb - XFS_DIR2_FREE_FIRSTDB(mp)),1,1,2
di->rxp[rxout] == NULL,1,1,2
page->index >= MAX_ORDER,1,1,2
"sbi, get_dirty_dents(inode)",1,1,2
!Fout,1,1,2
"cpumask_test_cpu(smp_processor_id(), &cpumask)",2,0,2
"attrib != NULL, return;",2,0,2
newsize2 >= msg->lm_buflens[segment2],1,1,2
"codec_index == CS46XX_PRIMARY_CODEC_INDEX || codec_index == CS46XX_SECONDARY_CODEC_INDEX, return 0xffff",1,1,2
"blk != NULL, return -EINVAL",1,1,2
"""wrong name"", !strcmp(perf_evsel__name(evsel), ""mem:0x0:r:hp"")",1,1,2
pool->curr_nr <= 0,1,1,2
nr > atomic_read(&vmap_lazy_nr),1,1,2
leaf_s->hdr.info.magic == cpu_to_be16(XFS_ATTR_LEAF_MAGIC),1,1,2
address >= shrd->cfg->base_params->eeprom_size,1,1,2
lp->tagged_cmds[ent->tag[1]] != ent,1,1,2
"inode->i_sb->s_fs_info, ip->i_gl->gl_state == LM_ST_UNLOCKED",1,1,2
atomic_read(&xd->refcnt),1,1,2
*bpp,1,1,2
!pol,1,1,2
"channel >= 0 || channel < HDSPM_MAX_CHANNELS, return NULL",1,1,2
ip->i_transp == *tp,1,1,2
use_sg > IOACCEL2_MAXSGENTRIES,1,1,2
ip == file->ip,1,1,2
"gpio_request(ZOOM2_HEADSET_EXTMUTE_GPIO, ""ext_mute"") < 0",1,1,2
blkif->free_pages_num != 0,2,0,2
&wl->wl_lock,2,0,2
hlist_unhashed(&req->colision),1,1,2
rspi,1,1,2
log->l_freelist == NULL,1,1,2
atomic_read(&pktq->count) >= 0,1,1,2
!phy->port,1,1,2
(ip->i_mnext != NULL) && (ip->i_mprev != NULL),1,1,2
v < 65536,1,1,2
pa->pa_linear != 0,1,1,2
lsi->lsi_srv_mnt == mnt,1,1,2
!passed_handle,1,1,2
new_nodes[0]->sets->data->keys,1,1,2
alt->alt_len > alt->orig_len,1,1,2
iommu == NULL,1,1,2
delta > ISL38XX_CB_MGMT_QSIZE,2,0,2
count < 1 || count > 0xffff,1,1,2
atomic_read(&device->ap_bio_cnt) == 0,1,1,2
pfn + nr_pages > cma->base_pfn + cma->count,1,1,2
cowonly != upper->cowonly,1,1,2
(mddev->dev_sectors & ~((sector_t)conf->chunk_size / 512 - 1)) - (conf->chunk_size / 512) - stripe_addr != sector_nr,1,1,2
!t->iovec.iov_len,1,1,2
"oi->ip_metadata_cache.ci_num_cached, ""Clear inode of %llu, inode has %u cache items\n"", (unsigned long long)oi->ip_blkno, oi->ip_metadata_cache.ci_num_cached",1,1,2
dlmlock->l_resource->lr_type == LDLM_EXTENT,1,1,2
"rcu_is_watching(), ""rcu_read_unlock_bh() used illegally while idle""",1,1,2
"!ext->oe_urgent, ext",2,0,2
"if (!fmc) { printk(KERN_ERR ""jffs_cut_node(): fmc == NULL\n""); return NULL; }",1,1,2
"!test_bit(from_cblock(cblock), mq->allocation_bitset)",1,1,2
efip->efi_flags & XFS_EFI_COMMITTED,1,1,2
res->lgh_obj,1,1,2
"shift, part, prm_mod, offset",2,0,2
"dev_priv, (enum pipe) cpu_transcoder",2,0,2
cmdLen <= ZM_MAX_CMD_SIZE,1,1,2
efip->efi_next_extent == efip->efi_format.efi_nextents,1,1,2
"sdp, !(ret & LM_OUT_ERROR)",1,1,2
!cpumask_empty(socket),2,0,2
"!range_is_exhausted(loset) || range_is_sane(loset), DRANGE""\n"", PRANGE(loset)",1,1,2
dir_ui->data_len == 0,1,1,2
sizeof(VMBUS_CHANNEL_OFFER_CHANNEL) <= MAXIMUM_SYNIC_MESSAGE_BYTES,1,1,2
level <= PT64_ROOT_LEVEL && level > 0,1,1,2
RB_EMPTY_NODE(&arq->rb_node),1,1,2
"sdp, lck_ret == LM_OUT_ASYNC",1,1,2
obj_priv->last_rendering_seqno == 0,1,1,2
bch_count_data(b) < oldsize,1,1,2
obj->write_domain & ~(I915_GEM_DOMAIN_CPU|I915_GEM_DOMAIN_GTT),1,1,2
unit_size && unit_size < static_size + dyn_size,1,1,2
device->reg_state != IB_DEV_UNREGISTERED,1,1,2
&lock->rlock,1,1,2
!hlist_empty(&gsec_kr->gsk_clist),1,1,2
bio_segments(bi) > 1,1,1,2
XFS_BUF_IODONE_FUNC(bp) != xlog_iodone,1,1,2
tmp_count == count,1,1,2
"!lockdep_rht_bucket_is_held(TBL, HASH)",1,1,2
NInoEncrypted(ni),2,0,2
ARRAY_SIZE(info->status.status_driver_data) < 1,2,0,2
len != hc->tx_seqbufc * CCID2_SEQBUF_LEN,1,1,2
ea,2,0,2
"bytes > 0 && bytes < MIDI_OUT_BUFFER_SIZE, return -EINVAL",1,1,2
sysino & ~(IMAP_IGN | IMAP_INO),1,1,2
!rl2->length,2,0,2
params_size >= BRCMF_C_DCMD_SMLEN,1,1,2
atomic_read(&adapter->pending_allocations),1,1,2
count_sg < 0,1,1,2
XFS_DIR2_SF_GET_OFFSET(sfep) >= offset,1,1,2
spin_is_locked(&res->lr_lock),1,1,2
len != hctx->tx_seqbufc * CCID2_SEQBUF_LEN,1,1,2
ca->nr != nr_blocks,1,1,2
newblock == 0,1,1,2
slack_space < COMPOUND_ERR_SLACK_SPACE,1,1,2
len < PAGE_CACHE_SIZE,1,1,2
!OVS_CB(skb)->pkt_key,1,1,2
nob <= tx->tx_resid,2,0,2
NRPCTXBUFPOST <= NTXD,1,1,2
!list_empty(&vcpu->free_pages),1,1,2
sizeof(iwl6000g2b_def_3w_lookup) != sizeof(bt_cmd.bt3_lookup_table),1,1,2
bip->bli_trace != NULL,1,1,2
(t!=HPHW_IOA) && (t!=HPHW_BCPORT),2,0,2
newext->ee_len == 0,1,1,2
&si->si_lock,1,1,2
node->bytenr != bytenr,1,1,2
error == -ENOSPC || XFS_FORCED_SHUTDOWN(mp),2,0,2
ARRAY_SIZE(supported_regulators) != MAX14577_REG_MAX,1,1,2
"sdp, !qa->qa_qd_num",1,1,2
!vnode->cb_promised,2,0,2
"number, return -EINVAL",1,1,2
nr == 0,1,1,2
PHYSADDRHI(di->rxdpaorig) == 0,1,1,2
"(int)sizeof(((struct som_attrs *)0)->som_blocks) == 8, ""found %lld\n"", (long long)(int)sizeof(((struct som_attrs *)0)->som_blocks)",1,1,2
dev_priv->sou_priv,1,1,2
save_blk->magic == XFS_ATTR_LEAF_MAGIC,1,1,2
intr == -EINTR,1,1,2
"control != NULL, return NULL",1,1,2
obj->pin_count && !obj->pin_mappable,1,1,2
!wm8727_codec,1,1,2
"0, printk(""unknown DLM mode %d\n"", dlmmode);",1,1,2
!dext || donor_off != le32_to_cpu(tmp_dext.ee_block),1,1,2
sec->ps_policy->sp_cops->gc_ctx,2,0,2
bd_count > 2,1,1,2
"dlm, res->lockname.name, res->lockname.len, nodemap, flags",1,1,2
!cfs_rq,1,1,2
efx->phy_op->num_tests == 0 || efx->phy_op->num_tests > EFX_MAX_PHY_TESTS,1,1,2
"i < INT_GET(btp->count, ARCH_CONVERT)",1,1,2
"""Unknown DAI driver ID\n""",1,1,2
drm_mm_hole_node_start(node) == drm_mm_hole_node_end(node),1,1,2
PageHead(page_head),1,1,2
type == RFKILL_TYPE_ALL,1,1,2
node1->hdr.info.magic == cpu_to_be16(XFS_DA_NODE_MAGIC),1,1,2
&ino->i_lock,1,1,2
stripe_index != 0 && multi->num_stripes > 1,1,1,2
conn->in.offset - offset > len,1,1,2
!sess->deleted,1,1,2
"ins->record_mixer_scb != NULL,return NULL",1,1,2
spin_is_locked(&upcall_locks[idx]),1,1,2
dh == NULL,2,0,2
EXT4_MB_GRP_NEED_INIT(grp),1,1,2
"d != NULL, ""dt is NULL when we want to declare write\n""",1,1,2
*irq_stack_start,1,1,2
(r_xprt->rx_ia.ri_memreg_strategy == RPCRDMA_FRMR) && (nchunks > 3),1,1,2
size <= ioend->io_size,1,1,2
clone->bio,1,1,2
(tp->tg3_flags & TG3_FLAG_MBOX_WRITE_REORDER) || tp->write32_tx_mbox == tg3_write_indirect_mbox,1,1,2
!dev->pdev,1,1,2
((unsigned long)walker->table & PAGE_MASK) == ((unsigned long)&walker->table[index] & PAGE_MASK),1,1,2
ctx->mode != ei->i_encryption_key.mode,1,1,2
!(ch->flags & XPC_C_RCLOSEREQUEST),1,1,2
nbblks <= bp->b_length,2,0,2
page_off != ios->pgbase,1,1,2
ss->root != &rootnode,1,1,2
nents > max_ents,1,1,2
!dev_obj->hnode_mgr,1,1,2
ci->ci_size != ext4_encryption_key_size(ci->ci_mode),1,1,2
skb_headroom(skb) < sizeof(*std_hdr),1,1,2
!temp->ops.command || !temp->ops.get_response,1,1,2
"rfile != NULL, return -ENXIO",1,1,2
speed != BFA_PORT_SPEED_AUTO,1,1,2
din > 4096,1,1,2
from_obj->ring != to->ring,1,1,2
(lock_flags & ~(XFS_LOCK_MASK | XFS_IUNLOCK_NONOTIFY | XFS_LOCK_DEP_MASK)) == 0,1,1,2
!ret ^ reg,1,1,2
"spec->stream_analog_capture, return -EINVAL",1,1,2
pport->speed_sup,1,1,2
key->size != ext4_encryption_key_size(key->mode),1,1,2
SECTIONS_WIDTH + NODES_WIDTH + ZONES_WIDTH + ilog2(roundup_pow_of_two(NR_CPUS)) > FLAGS_RESERVED,1,1,2
PTP_V1_UUID_LENGTH != PTP_V2_MC_UUID_LENGTH,1,1,2
list_empty(&fc->unused_list),1,1,2
be32_to_cpu(agf->agf_freeblks) <= be32_to_cpu(agf->agf_length),1,1,2
!S_ISREG(ac->ac_inode->i_mode),2,0,2
"!lock_is_held(&rcu_sched_lock_map), ""Illegal context switch in RCU-sched"" "" read-side critical section""",1,1,2
wtype != rpcrdma_noch,1,1,2
"""wrong refcnt"", mg->refcnt == 4",1,1,2
efx->mcdi && efx->mcdi->iface.state != MCDI_STATE_QUIESCENT,1,1,2
numpages != 1,1,1,2
"!atomic_read(&substream->mmap_count), ",1,1,2
ti->use < 0,1,1,2
drv_priv.dev,1,1,2
rport->swbuf != NULL,1,1,2
strm_obj->strm_mode != STRMMODE_LDMA,1,1,2
le16_to_cpu(el->l_next_free_rec) >= le16_to_cpu(el->l_count),1,1,2
"ISALIGNED((uintptr) PKTDATA(pkt), 2)",1,1,2
queue,1,1,2
CCP_AES_KEY_KSB_COUNT != 1,2,0,2
be16_to_cpu(blkinfo->magic) == XFS_DIRX_LEAF_MAGIC(state->mp) || be16_to_cpu(blkinfo->magic) == XFS_ATTR_LEAF_MAGIC,1,1,2
jbd2_slab[i] == 0,1,1,2
(addrspace_size & (addrspace_size - 1)),1,1,2
!firmware_has_feature(FW_FEATURE_PS3_LV1),1,1,2
fib6_default_rules_init(),1,1,2
list_empty(&req->rq_list),2,0,2
field < XFS_SBS_IFREE || field > XFS_SBS_FDBLOCKS,1,1,2
lo->refcount == 0,1,1,2
!(cgroup_is_removed(cont)),1,1,2
ref >= 0,1,1,2
res->owner != dlm->node_num,2,0,2
sizeof(cmd.target_ipv6_addr[i]) != sizeof(mvmvif->target_ipv6_addrs[i]),1,1,2
offset + len < i_size_read(inode),1,1,2
"wlc_valid_rate (wlc, wlc->bcn_rspec, CHSPEC_IS2G(cfg->current_bss-> chanspec) ? WLC_BAND_2G : WLC_BAND_5G, TRUE)",1,1,2
e->k == VVOID || e->k == VJMP,1,1,2
"sdp, rgd->rd_rg.rg_free >= *n",1,1,2
ARRAY_SIZE(vdev->features) != 1,1,1,2
"false, ""SetHwReg8185(): invalid aci: %d !\n"", e_aci",1,1,2
((int)(start - end)) > 0,1,1,2
!atomic_read(&dc->disk.detaching),1,1,2
header->snap_names_len > (u64) SIZE_MAX,1,1,2
"pos + count <= chip->dma1_size, return -EINVAL",1,1,2
refs != 0,1,1,2
save->pwdmnt,1,1,2
capsnap->dirty == 0,1,1,2
sport->dummy_tx_desc == NULL,1,1,2
HWGROUP(drive)->handler,1,1,2
new->out_handle.len == 0,1,1,2
(ip->i_d.di_mode & S_IFMT) == S_IFLNK,1,1,2
!req->waiting,1,1,2
val,2,0,2
!zfcp_reqlist_isempty(adapter),1,1,2
!(lip->li_flags & XFS_LI_IN_AIL),1,1,2
"!test_bit(R5_UPTODATE, &sh->dev[qd_idx].flags)",1,1,2
o == NULL || IS_ERR(o) || lu_device_is_md(o->lo_dev),1,1,2
size < 0 || size % tape->blk_size,2,0,2
!irq_stat,1,1,2
netDevice->Device,1,1,2
!(!!device ^ !!mad_agent),1,1,2
!list_empty(&p->ptraced),1,1,2
"priv == &irnet_server, , IRDA_OCB_ERROR, ""Invalid instance (0x%p) !!!\n"", priv",2,0,2
base->ail_back == prev_lip,1,1,2
!hlist_empty(&c->cache_hash[i]),1,1,2
newsbsec->initialized,1,1,2
dt->do_ops->do_declare_ref_add,1,1,2
iip->ili_extents_buf == NULL,1,1,2
!pte_young(pte),1,1,2
atomic_read(&chip->send_message_locked) != 0,1,1,2
!sbio->pagev[i]->page,1,1,2
offset >= ISP1362_BUF_SIZE,1,1,2
sd->s_sibling || !(sd->s_flags & SYSFS_FLAG_REMOVED),1,1,2
nid == NULL,1,1,2
sizeof(*(p2)) != sizeof(long),2,0,2
od.filp->f_path.dentry,1,1,2
atomic_read(&iser_conn->ib_conn->post_send_buf_count) != 0,1,1,2
(pPacket->Status != A_OK) || (pPacket->pBuffer == (busy->data + HTC_HEADER_LEN)),1,1,2
vlan->numvtaps != 0,1,1,2
req->rq_reqbuf_len > req->rq_reqlen,1,1,2
req->rq_repdata == NULL,2,0,2
event,1,1,2
r != start,1,1,2
R_REG(&cc->chipstatus) & 0x08,1,1,2
page_pools.epp_pools[op_idx][og_idx] == NULL,1,1,2
atomic_read(&cell->usage) != 0,1,1,2
new->br_state == XFS_EXT_NORM,1,1,2
"dl->dl_parent_blkno != parent_blkno, "" \""%pd\"": old parent: %llu, new: %llu\n"", dentry, (unsigned long long)parent_blkno, (unsigned long long)dl->dl_parent_blkno",2,0,2
ubi->ref_count == 0,1,1,2
20 - 1 != HWEIGHT32( O_RDONLY | O_WRONLY | O_RDWR | O_CREAT | O_EXCL | O_NOCTTY | O_TRUNC | O_APPEND | __O_SYNC | O_DSYNC | FASYNC | O_DIRECT | O_LARGEFILE | O_DIRECTORY | O_NOFOLLOW | O_NOATIME | O_CLOEXEC | __FMODE_EXEC | O_PATH | __O_TMPFILE ),1,1,2
ls->all_locks_count,1,1,2
euid != daemon->euid,1,1,2
!reg_request->alpha2,1,1,2
rate % MARCO_CLOCK_FREQ,1,1,2
sromrev >= 2,1,1,2
!spec->multiout.dac_nids,1,1,2
"sdp, (ip->i_inode.i_mode & S_IFMT) == (mode & S_IFMT)",1,1,2
del = 1,1,1,2
"sizeof(*lma) == (offsetof(struct lustre_mdt_attrs, lma_self_fid) + sizeof(lma->lma_self_fid))",1,1,2
l2 == &old_cset->cg_links,1,1,2
ip->i_d.di_mode & S_IFREG,1,1,2
ios->length > si.group_length,1,1,2
(void*)ctask != sc->SCp.ptr,1,1,2
ts->tv_sec > (__kernel_time_t)U32_MAX,1,1,2
"INT_GET(map->size, ARCH_CONVERT) >= xfs_attr_leaf_newentsize(args, mp->m_sb.sb_blocksize, NULL)",1,1,2
"!r->res_recover_locks_count, dlm_print_rsb(r);",1,1,2
"per_cpu(tasklet_vec, hotcpu).list",1,1,2
dhd && ifidx && (ifidx < DHD_MAX_IFS),1,1,2
irq < FIRST_LEGACY_IRQ || irq >= FIRST_LEGACY_IRQ + NUM_ICTLRS * 32,1,1,2
offset < qp->tx_mw_begin || offset + qp->tx_max_frame >= qp->tx_mw_end,1,1,2
blk_addr < start_addr,1,1,2
skb_headroom(skb) < len + INTF_HEADER_LEN,1,1,2
atomic_read(&n->nr_slabs),1,1,2
wq->single_cpu != gcwq->cpu,1,1,2
"test_bit(RXRPC_CALL_HAS_USERID, &call->flags)",2,0,2
xm,2,0,2
hdr->magic == cpu_to_be32(XFS_DIR2_BLOCK_MAGIC),1,1,2
ret != SHA256_BLOCK_SIZE,1,1,2
n_num > 0,1,1,2
"cif, return -EINVAL",1,1,2
"dsp->data, return -EINVAL",1,1,2
!(LST_IS_EMPTY(pdrv_obj->dev_list)),1,1,2
sk->sk_prot == NULL,1,1,2
cc->nr_freepages != 0,1,1,2
allocated_blocks == 0,1,1,2
__vma && __vma->vm_start < vma->vm_end,1,1,2
new_window == NULL,1,1,2
"!(oi->ip_flags & OCFS2_INODE_CACHE_INLINE), ""Clear inode of %llu, inode has a bad flag\n"", (unsigned long long)oi->ip_blkno",1,1,2
"open_param == LLOG_OPEN_NEW, ""%#x\n"", open_param",1,1,2
&forsdata->u.mgd.mtx,1,1,2
list_empty(&rq->idle_list),1,1,2
sb->s_count == 0,1,1,2
rx_callback == NULL,1,1,2
ampdu->waiting_status,1,1,2
"ltnew + rlen <= INT_GET(XFS_BUF_TO_AGF(args->agbp)->agf_length, ARCH_CONVERT)",1,1,2
"IS_ALIGNED((uintptr) PKTDATA(pkt), 2)",1,1,2
"!alpha2_equal(alpha2, cfg80211_regdomain->alpha2)",1,1,2
error = 0,1,1,2
hw_is_mask(var),1,1,2
&pcie_trans->reg_lock,1,1,2
rv == SS_SUCCESS,1,1,2
"! XFS_DQ_IS_ADDEDTO_TRX(tp, dqp)",1,1,2
"chip->ops->validate_irq, return",1,1,2
bn || (mp->iomap_flags & IOMAP_REALTIME),1,1,2
type == XQM_MAXQUOTAS,2,0,2
exp != NULL && *exp == NULL,1,1,2
!PKTSHARED(sdu),1,1,2
atomic_read(&new->usage) < 1,2,0,2
!alg->cra_aead.ivsize,1,1,2
"offsetof(typeof(*flow), dst) != offsetof(typeof(*flow), src) + sizeof(flow->src)",1,1,2
"!IS_ALIGNED(wq->pool_wq.v, align)",1,1,2
timer_pending(&hctx->tx_rtotimer),1,1,2
lli->lli_mds_capa == ocapa,1,1,2
"shutdown_cache(s, &release, &need_rcu_barrier)",1,1,2
mapping_gfp_mask(mapping) & __GFP_FS,1,1,2
(struct btrfs_root *)node->data != root,2,0,2
tp->t_callback == NULL,1,1,2
!OCFS2_I(inode)->ip_dyn_features & OCFS2_INLINE_DATA_FL,1,1,2
is_power_of_2(entries),1,1,2
!segmented,1,1,2
addr & (~VTD_PAGE_MASK),1,1,2
"r->res_nodeid == 0, dlm_print_rsb(r);",1,1,2
leaf->ents[highstale].address == cpu_to_be32(XFS_DIR2_NULL_DATAPTR),1,1,2
sizeof(lnet_nid_t) == sizeof(__u64),2,0,2
context_handle->mech_type->gm_ops->gss_inquire_context,1,1,2
SxgSgl->VlanTag.VlanTci == 0,1,1,2
ocapa->c_capa.lc_opc & CAPA_OPC_OSS_TRUNC,1,1,2
"ins->master_mix_scb->next_scb_ptr == ins->asynch_tx_scb, return -EINVAL",1,1,2
 txpower <= 7,1,1,2
ip && ((S_ISREG(ip->i_d.di_mode) && pip && (pip->i_d.di_mode & S_IFDIR)) || ((ip->i_d.di_mode & S_IFDIR) && !pip)),1,1,2
(xm >> (SP_MBITS + 1 + 3)) == 0,1,1,2
r->entropy_count > r->poolinfo->poolbits,1,1,2
be16_to_cpu(leaf->hdr.stale) > 1,1,1,2
list_empty(&llo_lobj_list),1,1,2
list_empty(&ecl->el_chain),2,0,2
!bn && !(iomapp->iomap_flags & IOMAP_REALTIME),1,1,2
scmnd->cmd_len <= 16,1,1,2
lip->li_ops->iop_pushbuf,1,1,2
*pInstanceHandle != CCM_ILLINSTANCE_HDL,1,1,2
HAS_BSD(dev) && !list_empty(&dev_priv->bsd_ring.active_list),1,1,2
ss->root != &cgroup_dummy_root,1,1,2
nob != NULL,1,1,2
mirror == raid_disks,1,1,2
!mid_slave,1,1,2
surface == NULL,1,1,2
!btrfs_tree_locked(node),1,1,2
list_empty(&mdev->current_epoch->list),1,1,2
size <= 0 || size >= EXT4_BLOCKS_PER_GROUP(ac->ac_sb),1,1,2
dentry->d_count,1,1,2
"sbi, IS_ERR(ipage)",2,0,2
skbn == NULL,1,1,2
findex < xfs_dir3_free_max_bests(mp),1,1,2
cfqd->queue->queue_lock,1,1,2
napi_is_scheduled(qs->netdev),1,1,2
ra_want >= 0,1,1,2
be32_to_cpu(k1->ar_blockcount) < be32_to_cpu(k2->ar_blockcount) || (k1->ar_blockcount == k2->ar_blockcount && be32_to_cpu(k1->ar_startblock) < be32_to_cpu(k2->ar_startblock)),1,1,2
stat[BLKIO_STAT_READ] == 0,1,1,2
intsize != 1,1,1,2
"!btree_insert_key(b, op, &tmp.k)",1,1,2
page->lru.prev->next != &page->lru,1,1,2
"dsp->size > 0, return -EINVAL",1,1,2
(addr >> memnode_shift) >= NODEMAPSIZE,1,1,2
p == reaper || reaper->exit_state >= EXIT_ZOMBIE,1,1,2
"count == INT_GET(btp->count, ARCH_CONVERT) - INT_GET(btp->stale, ARCH_CONVERT)",1,1,2
address < vdata->vm_start || address >= vdata->vm_end,1,1,2
sizeof(struct bug_entry) != 12,1,1,2
context_handle->mech_type->gm_ops->gss_verify_mic,1,1,2
!is_slave(tipc_own_addr),1,1,2
!mmap_buf,1,1,2
btrfs_header_level(&root->node->node.header) != 1,1,1,2
s->mo_dir_ops->mdo_link,1,1,2
idmap->idmap_key_cons != NULL,1,1,2
!(dma_reason[4] & BCM43xx_DMAIRQ_RX_DONE),1,1,2
req->background,1,1,2
!K && target != Fref * fll_div->fll_ratio * fll_div->n,1,1,2
atomic_read(&to_intel_crtc(work->crtc)->unpin_work_count) == 0,1,1,2
!list_empty(&ad->fifo_list[BLK_RW_SYNC]),1,1,2
end - start <= 0,1,1,2
be16_to_cpu(drop_leaf->hdr.info.magic) == XFS_DIR2_LEAFN_MAGIC,1,1,2
"spec, return -EINVAL",1,1,2
typea == UBIFS_DENT_KEY || typea == UBIFS_XENT_KEY,1,1,2
eh->eh_entries == 0,1,1,2
"strlen(rm_entry->name) == rm_entry->namelen, ""0x%p %s/%s len %d\n"", rm_entry, temp->name, rm_entry->name, (int)strlen(rm_entry->name)",1,1,2
"btrfs_node_blockptr(parent, parent_slot) != btrfs_header_bytenr(node)",1,1,2
dtlb_entry == 64,1,1,2
(!kvm_arch_ops->is_long_mode(vcpu) && is_pae(vcpu)) || (vcpu->cr3 & ~(PAGE_MASK | CR3_FLAGS_MASK)) == 0,1,1,2
!xor_clk,1,1,2
XFS_BUF_ADDR(bp) + BTOBB(count) <= log->l_logBBsize,2,0,2
"r->res_nodeid == -1, dlm_print_rsb(r);",1,1,2
"test_bit(DIRTY_ZNODE, &zp->flags)",1,1,2
"""Socket ID doesn't match"", (session->header.env.cpu[map->map[i]].socket_id == cpu_map__get_socket(map, i))",1,1,2
offset + len > i_size_read(inode),1,1,2
val > mc13xxx_regulators[id].desc.n_voltages,1,1,2
lrca & 0xFFFFFFFF00000FFFULL,1,1,2
!(service->modem_flow_on && service->phy_flow_on),1,1,2
page_pools.epp_pools[cur_npools] == NULL,1,1,2
"clocksource_register_hz(&sirfsoc_clocksource, marco_timer_rate)",1,1,2
msg->con != NULL,1,1,2
root->memcg_params->memcg_caches[id] != s,1,1,2
agbno < be32_to_cpu(agi->agi_length),1,1,2
"f != NULL, return",1,1,2
&ctx->flc_lock,2,0,2
pages > 0,1,1,2
HEAP_INDEX(vma) != HEAP_INDEX(old),1,1,2
dev->class == ATA_DEV_ATA || dev->class == ATA_DEV_ATAPI || dev->class == ATA_DEV_NONE,1,1,2
svc_ctx,1,1,2
page_to_nid(page) != nid,1,1,2
ip->i_d.di_size <= XFS_IFORK_DSIZE(ip),1,1,2
"vx->ops->load_dsp, return -ENXIO",1,1,2
lp->flags | LPROPS_INDEX,1,1,2
ldata->ld_buf != NULL,1,1,2
((u16)packetindex & 0xF000) == 0x0000,1,1,2
!path->nodes[0],2,0,2
range_is_sane(&seq->lss_space),1,1,2
xfs_attr_trace_buf,1,1,2
from->hdr.info.magic == cpu_to_be16(XFS_DA_NODE_MAGIC) || from->hdr.info.magic == cpu_to_be16(XFS_DA3_NODE_MAGIC),1,1,2
"substream->stream == SNDRV_PCM_STREAM_PLAYBACK, return -EINVAL",1,1,2
page_mapcount(page_tail),1,1,2
" ""Assertion failed: line %d file '%s'\n"" "" -> '%s'\n"", __LINE__, __FILE__, str",1,1,2
wl3501_dev_list != NULL,1,1,2
(adapter->FrameSize == ETHERMAXFRAME) || (adapter->FrameSize == JUMBOMAXFRAME),1,1,2
req->master_bio->bi_rw & REQ_FLUSH,1,1,2
flag == LDLM_CB_CANCELING,1,1,2
dp->i_dir_trace,1,1,2
ref_path->nodes[level] != 0,1,1,2
SKB_WITH_OVERHEAD(IGB_RX_BUFSZ) < (NET_SKB_PAD + NET_IP_ALIGN + IGB_TS_HDR_LEN + ETH_FRAME_LEN + ETH_FCS_LEN),1,1,2
&rtd->pcm_mutex,2,0,2
!el,1,1,2
"chip->ops->reset_board, return",1,1,2
readl(l2x0_base + L2X0_CTRL) & L2X0_CTRL_EN,1,1,2
node->detached,2,0,2
be16_to_cpu(node2->hdr.info.magic) == XFS_DA_NODE_MAGIC,1,1,2
(dev->dev_mapping != NULL) && (dev->dev_mapping != inode->i_mapping),1,1,2
ident_boundary_pfn >= start_pfn + size,1,1,2
drvr_priv && (ifidx < BRCMF_MAX_IFS),1,1,2
vdso64_pagelist == NULL,2,0,2
!dev->parent,1,1,2
!pa->pa_linear,1,1,2
priv->memory_pool[i].free,1,1,2
cipher.len >= ke->ke_conf_size + msg->len + sizeof(*khdr),1,1,2
buf + inobjs[i].len <= outobj->data + outobj->len,1,1,2
write,1,1,2
position != BHV_POSITION(curdesc),1,1,2
count == mp->m_ialloc_inos,1,1,2
"dlm, res, 1, request->node_idx, flags",1,1,2
wusbhc->wuie_host_info == NULL,1,1,2
ctx->cc_sec->ps_import,1,1,2
(ip->i_df.if_real_bytes == 0) || (ip->i_df.if_real_bytes == data_bytes),1,1,2
start + len > pa->pa_pstart + pa->pa_len,1,1,2
sci_probe_regmap(p) != 0,1,1,2
new->next == NULL && new->prev == NULL,1,1,2
i != total_sg,1,1,2
!e->skb,1,1,2
!ipv6_stub,1,1,2
ret != SHA1_BLOCK_SIZE,1,1,2
"sizeof(struct inet6_skb_parm) > FIELD_SIZEOF(struct sk_buff, cb)",1,1,2
&integrity_iint_lock,1,1,2
sizeof(SXG_CONFIG_A) == HW_CFG_SECTION_SIZE_A + SW_CFG_SECTION_SIZE,1,1,2
import_cachep == NULL,1,1,2
wr->send_flags != IB_SEND_SIGNALED,1,1,2
"new_tbl, new_hash2",1,1,2
ip_nat_sdp_hook,1,1,2
m->mo_ops->moo_xattr_set,1,1,2
_PAGE_SZBITS_4U != 0UL || _PAGE_SZBITS_4V != 0UL,2,0,2
bus_address_hi != 0,1,1,2
!iv,1,1,2
(hdr.firstdb % xfs_dir3_free_max_bests(dp->i_mount)) == 0,1,1,2
" 1 <= supp->top && supp->top <= 99, supp->top ",1,1,2
reset,2,0,2
!path->dentry->d_op->d_manage,2,0,2
length > U64_MAX - offset,1,1,2
flags & XFS_TRANS_PERM_LOG_RES,1,1,2
lcw_refcount == 1,1,1,2
count > ISCSI_CONN_ATTRS,1,1,2
!PageHuge(oldhpage),1,1,2
file && dentry,1,1,2
atomic_read(&fence->kref.refcount) == 0,1,1,2
((vcpu->arch.hsr & HSR_EC) >> HSR_EC_SHIFT) == 0,1,1,2
IS_ERR(c),1,1,2
"lp->cur == cur, ""%d, %d"", lp->cur, cur",1,1,2
"pipe->state == PIPE_STATE_STOPPED, return -EINVAL",1,1,2
!*pptr,1,1,2
VALID_PAGE(vcpu->mmu.root_hpa),1,1,2
call != NULL,2,0,2
!work->ops->get_ref,1,1,2
!rgd->rd_reserved,1,1,2
!bio_list_empty(&bios),1,1,2
sizeof(srpc_stat_reply_t) == 136,1,1,2
name_end,1,1,2
be32_to_cpu(d->hdr.magic) == XFS_DIR2_BLOCK_MAGIC,1,1,2
numfrags != ((pktsize + (frag_sz - 1)) / frag_sz),1,1,2
adapter->tx_queue.tx_ring.base == NULL,1,1,2
pgdir & ARCH_PGD_MASK,1,1,2
nd->inode != parent->d_inode,2,0,2
(status != A_OK) || (pPacket->pBuffer == (A_NETBUF_DATA(skb) + HTC_HEADER_LEN)),1,1,2
offset < bitmap_start,1,1,2
db->count < db->fragTotalSize - db->fragSize * 2,1,1,2
chunk->map_alloc < chunk->map_used + nr_extra,1,1,2
req->rq_pool || (req->rq_reqbuf == NULL && req->rq_reqbuf_len == 0),1,1,2
!m || m > 4,2,0,2
"kms <= old_kms, ""kms ""LPU64"" old_kms ""LPU64""\n"", kms, old_kms",1,1,2
pgd_index(VMALLOC_END) != pgd_index(VMALLOC_START),1,1,2
snod->type != UBIFS_IDX_NODE,1,1,2
"INT_GET(block->bb_numrecs, ARCH_CONVERT) == INT_GET(cblock->bb_numrecs, ARCH_CONVERT)",1,1,2
ctx->mode != ei->i_crypt_info->ci_data_mode,1,1,2
nid >= MAX_NUMNODES || nid <= 0,2,0,2
tag >= tags->nr_tags,1,1,2
!priv->cached_stats,1,1,2
!spec,1,1,2
"gl, __lockref_is_dead(&gl->gl_lockref)",2,0,2
in->nd_net != out->nd_net,1,1,2
level_mask & irq_mask,1,1,2
&nvm_lock,2,0,2
(s) == 0 || (s) == 1,2,0,2
netbk->pending_ring[pending_index(head)] != pending_idx,1,1,2
iclog->ic_callback == NULL,2,0,2
"ddb_in32(DDB_VRC5477) == ddb_calc_pdar(DDB_VRC5477_BASE, DDB_VRC5477_SIZE, 32, 0, 1)",1,1,2
dt->do_ops->do_declare_ref_del,1,1,2
copy_size < 0,1,1,2
"cgroup_css(cgrp, ss->subsys_id)",1,1,2
sizeof(response) != 1,2,0,2
log->l_grant_reserve_bytes > log->l_grant_write_bytes,1,1,2
*idx <= ifp->if_bytes / (uint)sizeof(xfs_bmbt_rec_t),1,1,2
buflen > 0,1,1,2
pdata->wake_cnt > KBC_MAX_KEY,1,1,2
(ip->i_d.di_size == 0 && ip->i_size == 0) || ((ip->i_d.di_mode & S_IFMT) != S_IFREG),1,1,2
pRxLocal->nReadyRecv <= pRxLocal->NumRfd,1,1,2
dt->do_body_ops->dbo_declare_punch,1,1,2
!right,1,1,2
lock_end - lock_start + 1 < num_bytes,1,1,2
" (scb->index >= 0 && scb->index < ins->nscb && (ins->scbs + scb->index) == scb), return ",1,1,2
irq_info[irq].type == IRQT_UNBOUND,1,1,2
desc->pg_lseg != NULL,1,1,2
surf == NULL,1,1,2
conn->ksnc_proto != &ksocknal_protocol_v1x,2,0,2
rhs == 0 && lhs == 0,1,1,2
(unsigned long)addr & 1,2,0,2
(unsigned long)pent & (LV2TABLE_SIZE - 1),1,1,2
!cfs_wi_data.wi_stopping,2,0,2
!list_empty(&exp->exp_obd_chain),2,0,2
!(iip->ili_format.ilf_fields & (XFS_ILOG_ABROOT | XFS_ILOG_AEXT)),1,1,2
wport->swstate == SW_RUN,1,1,2
mm->nr_ptes > (FIRST_USER_ADDRESS+PMD_SIZE-1)>>PMD_SHIFT,1,1,2
"R_REG(sii->osh, &cc->capabilities) & CC_CAP_PWR_CTL",1,1,2
F2FS_P_SB(page)->active_logs != NR_CURSEG_TYPE,1,1,2
age > 2,1,1,2
ret != (len & ~(SHA1_BLOCK_SIZE - 1)),1,1,2
ieee754sp_isnan(y),1,1,2
_h == NULL,1,1,2
"start + len, <=, PAGE_SIZE",1,1,2
motg->link_rst,2,0,2
rc >= wanted_ints,1,1,2
((unsigned long)frame % BRCMF_SDALIGN) == 0,1,1,2
&arvif->ar->data_lock,1,1,2
ailp->xa_mount->m_log,1,1,2
"sk_chk_filter(ptp_filter, ARRAY_SIZE(ptp_filter))",1,1,2
err != -ENOSPC,2,0,2
"sdp, gl",1,1,2
MD_DEV_ADR_COMP_LBN != MDIO45_DEV_ID_COMP_LBN,1,1,2
osd_req->r_num_ops > 2,1,1,2
!host->h_server,1,1,2
tq->tx_ring.base[eop_idx].txd.eop != 1,1,1,2
!list_empty(&b->dirty),1,1,2
"page->mapping, page",1,1,2
!rx_buf->skb,1,1,2
!bridge_data.buffer_addr,1,1,2
((ulong32) rspq->vaddr[i] & 0xFFFFF000) == (ulong32) rspq->vaddr[i],1,1,2
r & ~AR9170_TX_PHY_MCS_MASK,1,1,2
ichdr_s->count > 0 && ichdr_s->count < XFS_LBSIZE(mp) / 8,1,1,2
vma->vm_flags & VM_CAN_INVALIDATE && !PageLocked(nopage_page),1,1,2
be16_to_cpu(leaf_d->hdr.info.magic) == XFS_ATTR_LEAF_MAGIC,1,1,2
save_leaf->hdr.info.magic == cpu_to_be16(XFS_DIR2_LEAFN_MAGIC),1,1,2
vma->vm_start < vdata->vm_start || vma->vm_end > vdata->vm_end,1,1,2
msg->b.bio,1,1,2
!miro || !miro->card,1,1,2
!RB_EMPTY_ROOT(&st->rb),1,1,2
sizeof(addrtype) != (high - low + 1) * sizeof(long),2,0,2
free < ex.fe_len,1,1,2
prot_sdb == NULL,1,1,2
"INT_GET(save_node->hdr.info.magic, ARCH_CONVERT) == XFS_DA_NODE_MAGIC",1,1,2
hlist_unhashed(&tg->tg_node),1,1,2
&ring->execlist_lock,2,0,2
"INT_GET(save_leaf->hdr.info.magic, ARCH_CONVERT) == XFS_DIR2_LEAFN_MAGIC",1,1,2
"cpumask_test_and_set_cpu(smp_processor_id(), netpoll_block_tx)",1,1,2
clnt == NULL,1,1,2
cache->ro,1,1,2
!list_empty(&plug->list),1,1,2
&b->write_lock,2,0,2
!list_empty(&file->f_u.fu_list),1,1,2
"device, list_empty(&device->done_ee)",2,0,2
dd->in_sg_len < 0 || dd->out_sg_len < 0,2,0,2
nf_nat_sdp_hook != NULL,1,1,2
dn->d_parent->d_inode != dir,1,1,2
(addr | 7) != hwif->io_ports[IDE_STATUS_OFFSET],1,1,2
pwq->nr_active < 0,1,1,2
tpci200->slots == NULL,1,1,2
"""wrong refcnt"", atomic_read(&map->refcnt) == 1",2,0,2
sizeof(struct hsr_tag) != HSR_TAGLEN,1,1,2
*num_bits == 0,1,1,2
blkvsc_req->group,1,1,2
dmabuf == NULL,1,1,2
cohd_fin->pending_irqs == 0,1,1,2
(__PAGE_KERNEL_LARGE & ~__PAGE_KERNEL_IDENT_LARGE_EXEC) != _PAGE_NX,1,1,2
le32_to_cpu(old->e_cpos) != le32_to_cpu(rec->e_cpos),1,1,2
loghandle->lgh_obj != NULL,1,1,2
hdr_off != 0 && hdr_off != sizeof(struct rds_header),2,0,2
vdso32_pages + 2 > VDSO32_MAXPAGES,1,1,2
buffer->dma_addr & (FALCON_BUF_SIZE - 1),1,1,2
bp->b_length > 0,1,1,2
maxframes,1,1,2
!dma_chan->device->dev,2,0,2
lu_device_is_dt(l),1,1,2
"oh->prcm.omap2.module_offs, ohri.rst_shift",1,1,2
ata_is_data(prot) && (!qc->__sg || !qc->n_elem || !qc->nbytes),1,1,2
path.dentry->d_inode,1,1,2
!buffer_dirty(path->nodes[i]),1,1,2
creq->nr_phys_segments > MAXSGENTRIES,1,1,2
list_empty(&device->bm_io_work.w.list),1,1,2
"sb_has_quota_enabled(sb, type)",1,1,2
PFN_DOWN(addr) >= bdata->node_low_pfn,1,1,2
!runlist,2,0,2
wm8350_dcdc_val_to_mvolts(mV) < min_mV,1,1,2
"IS_ALIGNED((unsigned long)di->txd64, align)",1,1,2
(flags & XFS_QMOPT_ILOCKED) == 0 || XFS_ISLOCKED_INODE_EXCL(ip),1,1,2
rmsg && rmsg->lm_bufcount >= 2,1,1,2
atomic_read(&req->r_ref) <= 0,1,1,2
NUM_RFKILL_TYPES != RFKILL_TYPE_GPS + 1,1,1,2
args->agbno + rlen <= fend,1,1,2
!(be32_to_cpu(descr->data_status) & (1 << GELIC_NET_TXDESC_TAIL)),1,1,2
"INT_GET(cblock->bb_rightsib, ARCH_CONVERT) == NULLDFSBNO",1,1,2
!hlist_empty(&local->dc_deviceids[i]),1,1,2
block != NULL,1,1,2
"areas_overlap(src_off, dst_off, len)",1,1,2
"msg->size % 4 == 0, return -EINVAL",1,1,2
be16_to_cpu(curr->magic) == XFS_DA_NODE_MAGIC || be16_to_cpu(curr->magic) == XFS_DIRX_LEAF_MAGIC(state->mp) || be16_to_cpu(curr->magic) == XFS_ATTR_LEAF_MAGIC,1,1,2
gts->ts_ctxnum == GRU_NUM_CCH,1,1,2
XFS_SB_GOOD_VERSION(sbp),1,1,2
pte_special(pte),2,0,2
cptab != NULL,1,1,2
!imp->imp_sec,2,0,2
e1 > h->loss_count || e2 > h->loss_count,1,1,2
"rcu_read_lock_held() || lockdep_is_held(&dev_opp_list_lock), ""Missing rcu_read_lock() or "" ""dev_opp_list_lock protection""",1,1,2
dt->do_ops->do_attr_get,1,1,2
bcm->noisecalc.nr_samples <= 8,1,1,2
"""wrong name"", !strcmp(evsel->name, ""raw 0x2"")",1,1,2
freehdr.firstdb == dp->d_ops->free_max_bests(mp) * (fdb - XFS_DIR2_FREE_FIRSTDB(mp)),1,1,2
i >= count,1,1,2
Def: Enabled,1,1,2
"rcu_read_lock_held() || lockdep_is_held(&cgroup_mutex), ""css_from_id() needs proper protection""",1,1,2
stat[BLKIO_STAT_ASYNC] == 0,1,1,2
"INT_GET(d->hdr.magic, ARCH_CONVERT) == XFS_DIR2_BLOCK_MAGIC",1,1,2
nritems > NODEPTRS_PER_BLOCK,1,1,2
"x, ==, 0x55332211",2,0,2
plen >= 2 * sizeof(int),1,1,2
"ergo(o != NULL, lu_device_is_dt(o->lo_dev))",1,1,2
"false, ""8051 reset fail\n""",1,1,2
(cr_rates & ~(CR_RATES_80211B | CR_RATES_80211G)) == 0,1,1,2
t->tgid != p->tgid,1,1,2
log_type->use < 0,1,1,2
ubi->ref_count >= 0,2,0,2
sizeof(struct rb_node) > sizeof(skb->next) + sizeof(skb->prev) + sizeof(skb->tstamp),1,1,2
&data->trace_pages == &page->lru,1,1,2
count == lsm->lsm_stripe_count,1,1,2
be16_to_cpu(leaf_d->hdr.info.magic) == XFS_DIR_LEAF_MAGIC,1,1,2
!virt_addr_valid(hyp_pgd),1,1,2
!work_pending(work),1,1,2
flags & ATTR_NOLOCK ? flags & ATTR_DMI : 1,1,1,2
"device, list_empty(&device->active_ee)",2,0,2
smc->old_counts.nr != *count,1,1,2
"chset != NULL, return",1,1,2
list_empty(&ctx->cc_gc_chain),1,1,2
ctx->h.b_cnt == SKEIN1024_BLOCK_BYTES,1,1,2
tx == 0 || tx == 3,1,1,2
och,1,1,2
rport->pwwn == WWN_NULL,1,1,2
log->l_sectbb_log == 0,1,1,2
(rqstp->rq_arg.head[0].iov_len + rqstp->rq_arg.page_len) != byte_count,1,1,2
((in_ptr >> EDMA_REQ_Q_PTR_SHIFT) & MV_MAX_Q_DEPTH_MASK) == pp->req_producer,1,1,2
clp && clp->cl_cons_state == 0,1,1,2
(unsigned long)cwq & WORK_STRUCT_FLAG_MASK,1,1,2
!mnt->mnt_sb,1,1,2
atomic_read(&new->usage) != 1,1,1,2
!(flags & SYNC_ATTR),1,1,2
skreq->bio == bio,1,1,2
!drv->ops->auth,1,1,2
NETDEV_ALIGN < 32,1,1,2
len > bio->bi_size,1,1,2
kmmio_initialized < 0,1,1,2
pdev->id < 0,1,1,2
(n2 >= 5) && (n2 <= 23),1,1,2
obj_size == (u64)1 << rbd_dev->header.obj_order,1,1,2
!ctx_obj1,1,1,2
orig_off != donor_off,1,1,2
mdev->vnr == volume,1,1,2
&ocapa->u.cli.lli_list != next,1,1,2
size <= (size_t) U32_MAX,1,1,2
atomic_read(&mp->m_active_trans) > 0,1,1,2
be32_to_cpu(agfp->agf_seqno) == agno,1,1,2
offsets[f] != offs,1,1,2
tclass >= ARRAY_SIZE(class_to_string) || !class_to_string[tclass],1,1,2
!bb,1,1,2
"!zone_spans_pfn(zone, pfn)",1,1,2
par->hooknum == NF_INET_PRE_ROUTING || par->hooknum == NF_INET_POST_ROUTING || par->hooknum == NF_INET_LOCAL_OUT,1,1,2
&vma->vm_mm->page_table_lock,2,0,2
sizeof(RING_BUFFER) == PAGE_SIZE,1,1,2
dev_obj->hbridge_context != NULL,1,1,2
object->cookie != NULL,1,1,2
dev->sriov->nr_virtfn,1,1,2
!io->inode,1,1,2
ctinfo == IP_CT_RELATED || ctinfo == IP_CT_RELATED_REPLY,2,0,2
clk_src != DSS_CLK_SRC_DSI_PLL_HSDIV_DISPC && clk_src != DSS_CLK_SRC_FCK,1,1,2
desc->bd_nob_transferred,1,1,2
"lp->cur == cur, printk(""%d, %d\n"", lp->cur, cur);",1,1,2
(obj->write_domain & I915_GEM_GPU_DOMAINS) != 0,1,1,2
IWL_NUM_RSC != IEEE80211_NUM_TIDS,2,0,2
max >= 3,1,1,2
" 1 <= CNV_END_SHORT(supp->id) && CNV_END_SHORT(supp->id) <= 99, supp->id ",1,1,2
vn_count(XFS_ITOV(rsumip)) == 1,1,1,2
(nr_bhs >= max_bhs) && (m_end != block_end),2,0,2
lp->dirty >= c->dead_wm,1,1,2
gop - vif->tx_unmap_ops > MAX_PENDING_REQS,1,1,2
efx->type->evq_size < (efx->type->txd_ring_mask + 1 + efx->type->rxd_ring_mask + 1),1,1,2
size == sect->size,1,1,2
be16_to_cpu(free->bests[findex]) != NULLDATAOFF,1,1,2
is_write,1,1,2
(ip->i_df.if_broot != NULL) && (ip->i_df.if_broot_bytes > 0),1,1,2
index_key->type->name == NULL,1,1,2
spec->num_init_verbs >= ARRAY_SIZE(spec->init_verbs),1,1,2
sd->intr_handler,1,1,2
"lsap == self, return -1;",2,0,2
queue >= QUEUES,2,0,2
"ireq, completion_code",1,1,2
count % 4,2,0,2
!list_empty(&frmr->frmr_list),1,1,2
"xfs_isilocked(*ip, XFS_ILOCK_EXCL)",1,1,2
unregister_reboot_notifier(&qeth_reboot_notifier),1,1,2
pos>=to_addr[p2].pos+to_addr[p2].sg->length,1,1,2
"htab_bolt_mapping(start, end, start, _PAGE_ACCESSED | _PAGE_DIRTY | _PAGE_COHERENT | PP_RWXX, mmu_linear_psize)",1,1,2
obd->obd_type->typ_procroot != NULL,1,1,2
"test_bit(from_cblock(cblock), mq->allocation_bitset)",1,1,2
"0, (void)0",1,1,2
len < MAXDEVNAMELEN,1,1,2
"sbi, sbi->ino_num[ORPHAN_INO] == 0",1,1,2
ctask->r2t_data_count - r2t->data_length < 0,1,1,2
src_cnt <= 1,2,0,2
"INT_GET(leaf2->hdr.info.magic, ARCH_CONVERT) == XFS_DIR_LEAF_MAGIC",1,1,2
!incremental && ret != -ENOENT,2,0,2
sii->osh != NULL,1,1,2
"mode <= SNDRV_PCM_TSTAMP_LAST, return NULL",1,1,2
!bcm->initialized,1,1,2
mdev->asender.task == NULL,1,1,2
bc && (sge_no == ctxt->count),1,1,2
isci_request->ttype != tmf_task,1,1,2
"offsetof(xfs_dinode_t, di_core) == 0",1,1,2
(be16_to_cpu(map->base) & 0x3) == 0,1,1,2
tip->i_d.di_version < 3 || (target_log_flags & XFS_ILOG_OWNER),1,1,2
the_mode >= ARRAY_SIZE(wm5100->pdata.jack_modes),1,1,2
!(svm->vcpu.arch.hflags & HF_GIF_MASK),1,1,2
!nextp,1,1,2
blocksize != sb->s_blocksize,2,0,2
PageLRU(pc->page),1,1,2
sizeof(struct dot11_bcn_prb) == DOT11_BCN_PRB_LEN,1,1,2
page_count(src_page) != 2,1,1,2
850000 + (25000 * val) < min_uV,1,1,2
failed_wr != &f_wr.wr,1,1,2
!obj_priv->pin_mappable && map_and_fenceable,1,1,2
next == hctx->tx_seqt,1,1,2
used > EXT4_I(inode)->i_reserved_data_blocks,1,1,2
num_reply > max,1,1,2
index == 0 || be32_to_cpu(leaf->ents[index - 1].hashval) <= args->hashval,1,1,2
"sdp, blocks || revokes",1,1,2
(_PAGE_SZBITS_4U & ~(0xfffffc0000000000UL)) || (_PAGE_SZBITS_4V & ~(0x0000000000000fffUL)),1,1,2
be64_to_cpu(rblock->bb_u.l.bb_leftsib) == NULLDFSBNO,1,1,2
pll_type == PLL_TYPE2,1,1,2
"!nv_iclass(obj, NV_CLIENT_CLASS)",1,1,2
p->csums_alg[SHARED_SECRET_MAX-1] == 0,1,1,2
info->magic == cpu_to_be16(XFS_DA_NODE_MAGIC) || info->magic == cpu_to_be16(XFS_DA3_NODE_MAGIC) || info->magic == cpu_to_be16(XFS_DIR2_LEAFN_MAGIC) || info->magic == cpu_to_be16(XFS_DIR3_LEAFN_MAGIC) || info->magic == cpu_to_be16(XFS_ATTR_LEAF_MAGIC),1,1,2
!kmem_cache->num,1,1,2
level != nilfs_btree_height(btree) - 2,1,1,2
"env, page, list_empty(&page->cp_batch)",2,0,2
!data_left,1,1,2
idev->started_request_count != 0,2,0,2
be16_to_cpu(leaf1->hdr.stale) + be16_to_cpu(leaf2->hdr.stale) == oldstale,1,1,2
!is_uv(),2,0,2
efip->efi_next_extent > 0,1,1,2
atomic_read (&chan->n_frags) <= chan->frag_number,1,1,2
be16_to_cpu(curr->magic) == XFS_DA_NODE_MAGIC || be16_to_cpu(curr->magic) == XFS_DIR2_LEAFN_MAGIC || be16_to_cpu(curr->magic) == XFS_ATTR_LEAF_MAGIC,1,1,2
list_empty(&eba_orphans),1,1,2
obd_device_cachep == NULL,1,1,2
!nbd->sock && !list_empty(&nbd->queue_head),1,1,2
!hdm_ch->is_initialized,2,0,2
(ValueRead & MICROCODE_ADDRESS_MASK) == Address,1,1,2
pdrv_object->dev_list,1,1,2
full,1,1,2
ex->fe_start >= EXT4_BLOCKS_PER_GROUP(ac->ac_sb),1,1,2
ip_conntrack_destroyed == NULL,1,1,2
pgd != bt_ioremap_pgd(fix_to_virt(FIX_BTMAP_END)),1,1,2
(cmd->flags & CMD_ASYNC) || cmd->callback,1,1,2
" CNV_END_SHORT(supp->bottom) <= CNV_END_SHORT(supp->top), supp->bottom << 8 | supp->top ",1,1,2
!pdc_is_idle(pd_chan),2,0,2
cfqq->cfqg != &cfqd->root_group,1,1,2
"(int)sizeof(struct som_attrs) == 40, ""found %lld\n"", (long long)(int)sizeof(struct som_attrs)",1,1,2
!(sattr->ia_valid & ATTR_MODE),1,1,2
reloc_only,1,1,2
failed_wr != &send->s_atomic_wr.wr,2,0,2
dqp->q_pincount > 0,1,1,2
"setsockopt(sock, SOL_SOCKET, SO_ATTACH_BPF, prog_fd, sizeof(prog_fd[0])) == 0",2,0,2
dt->do_ops->do_destroy,1,1,2
di->txin == di->txout,1,1,2
"size > 0, return -EINVAL",1,1,2
!ops || !ops->core,1,1,2
le16_to_cpu(eh->eh_entries) <= 0,1,1,2
"lp->req == DLM_LOCK_NL, ""%x,%llx"", lp->lockname.ln_type, lp->lockname.ln_number",1,1,2
"DIV_ROUND_UP(cmd->data_length, attr->block_size) > attr->max_sectors",1,1,2
tx_queue->insert_count - tx_queue->read_count > EFX_TXQ_MASK,1,1,2
!cfqq->allocated[crq->is_write],1,1,2
sh->ops.count < 0,1,1,2
ip->i_cnext == ip && ip->i_cprev == ip,1,1,2
"instance, sarb->tail + ATM_CELL_PAYLOAD <= sarb->end",1,1,2
old_page == ZERO_PAGE(0),1,1,2
sizeof(*IPCB(skb)) > SKB_SGO_CB_OFFSET,2,0,2
!(pnext->prev),1,1,2
sizeof(struct tsb) != 8,1,1,2
"sdp, test_and_clear_bit(ULF_LOCKED, &ul->ul_flags)",1,1,2
"st_shift, inst, rstst_offs",1,1,2
!aborted || XFS_FORCED_SHUTDOWN(lip->li_mountp),1,1,2
it != NULL,2,0,2
!ubi->volumes[i],2,0,2
olg->olg_ctxts[ctxt_idx],1,1,2
secure_computing(this_syscall) != 0,1,1,2
"ip->i_sbd, !(er.er_flags & GFS2_ERF_MODE)",1,1,2
ap_bio >= 0,1,1,2
"S_ISREG(inode->i_mode), ""inode has oss capa, but not regular file, mode: %d\n"", inode->i_mode",1,1,2
ring->type != PACKET_RX_RING,2,0,2
seg->mr_nsegs != 1,1,1,2
old->nr != new->nr,1,1,2
ptr == be16_to_cpu(block->bb_numrecs) + 1,1,1,2
dir != DMA_TO_DEVICE,2,0,2
c->replaying && (c->vfs_sb->s_flags & MS_RDONLY),1,1,2
dummytop->subsys[i]->cgroup != dummytop,1,1,2
pport->cfg.rx_bbcredit,1,1,2
c_ptr->nodes[n_num] == 0,1,1,2
i >= (block_ctx->len + PAGE_CACHE_SIZE - 1) >> PAGE_CACHE_SHIFT,1,1,2
!gh->gh_owner,1,1,2
"root, return",1,1,2
port < 0,1,1,2
ts->hardwall == NULL,1,1,2
blkcg->cpd[i],1,1,2
subsys[ss->subsys_id] != ss,1,1,2
be16_to_cpu(leaf_s->hdr.info.magic) == XFS_DIR_LEAF_MAGIC,1,1,2
timer_pending(&hc->tx_rtotimer),1,1,2
paddr & ~PAGE_MASK,1,1,2
vma->vm_start & 0xffff,1,1,2
qla2xxx_transport_template == NULL,1,1,2
isMcastQueued == FALSE,1,1,2
!sci,1,1,2
"spec->mixers[0], kfree(spec);return -EINVAL",1,1,2
atomic_read (&data.unstarted_count) > 0,1,1,2
(type & ~XFS_QMOPT_FORCE_RES) == XFS_TRANS_DQ_RES_RTBLKS || (type & ~XFS_QMOPT_FORCE_RES) == XFS_TRANS_DQ_RES_BLKS,1,1,2
!retried,2,0,2
c->freeable_cnt >= 0,2,0,2
ZERO_OR_NULL_PTR(cachep->slabp_cache),1,1,2
!pcm->name,1,1,2
!bp->b_relse,1,1,2
!sdp,1,1,2
sdpregs,1,1,2
pools_shrinker,1,1,2
list_empty(&ocapa->u.cli.lli_list),1,1,2
prevp != NULL,1,1,2
!dn->phb,1,1,2
*ofs & ~PAGE_MASK,2,0,2
leaf[leafno] == size,1,1,2
"module->symbol_table.symbols != NULL ,return -ENOMEM",1,1,2
aport != NULL,1,1,2
list_empty(bf_q),1,1,2
&key->u.tkip.txlock,2,0,2
lock->l_conn_export,2,0,2
chan->is_active == sg_active(chan->iobase),1,1,2
IS_ERR(pclkd0_clk),1,1,2
ext4_journal_current_handle() == 0,1,1,2
bind_cpu_1 < 0 || bind_cpu_1 >= g->p.nr_cpus,1,1,2
!nf_ct_is_confirmed(conntrack),1,1,2
type >= -1,1,1,2
old_left_nritems < 0,1,1,2
len < max,2,0,2
wq->flush_color == this_flusher.flush_color,1,1,2
"sem_checkid(sma, un->semid)",1,1,2
BUSTYPE(sii->pub.bustype) == PCI_BUS,1,1,2
mm != &init_mm,1,1,2
TARGET_NUM_MSDU_DESC > (CE_HTT_H2T_MSG_SRC_NENTRIES - 1),1,1,2
drop_blk->index < be16_to_cpu(node->hdr.count),1,1,2
m->mo_ops->moo_object_lock,1,1,2
sizeof(struct dot11_ctl_header) == DOT11_CTL_HDR_LEN,1,1,2
chan->fence.sequence == chan->fence.sequence_ack - 1,1,1,2
"args.agbno + len <= INT_GET(agf->agf_length, ARCH_CONVERT)",1,1,2
hlist_unhashed(hnode),2,0,2
sizeof(wl->pio_tailspace) < 2,2,0,2
"strcmp(dp->name, ""lebuffer"")",1,1,2
iocb->ki_left != PAGE_SIZE,1,1,2
IS_ERR(ck_uart),1,1,2
have + alloc != need,1,1,2
tcd->tcd_type < CFS_TCD_TYPE_MAX,2,0,2
"runtime->buffer != NULL, return -EINVAL",1,1,2
cfqd->queue->nr_blkgs[BLKIO_POLICY_PROP] <= 0,1,1,2
rs_flags & LC_LOCKED,2,0,2
nodeid > num_online_nodes(),1,1,2
TTU_ACTION(flags) != TTU_MIGRATION,1,1,2
!radeon_bo_is_reserved(bo) && !force_drop,1,1,2
&page->lru == &data->trace_pages,1,1,2
_object,2,0,2
ptr == NILFS_BMAP_INVALID_PTR,1,1,2
node_id > 7,1,1,2
info->wait_condition == 0,1,1,2
"ops != NULL && list != NULL && ev != NULL, return -EINVAL",1,1,2
!spin_is_locked(&tbl->it_lock),1,1,2
md->num >= EXT4_BB_MAX_BLOCKS,1,1,2
crq->tag < CARM_MAX_Q,1,1,2
ARRAY_SIZE(iwlagn_default_queue_to_tx_fifo) != IWLAGN_FIRST_AMPDU_QUEUE,1,1,2
"size <= SIZE_MAX_STATUS, return -EINVAL",1,1,2
"comp_keys(&node->ptrs[i].key, &cpukey) >= 0",1,1,2
read_cr3() != __pa(initial_page_table),2,0,2
"(int)offsetof(struct hsm_attrs, hsm_arch_ver) == 16, ""found %lld\n"", (long long)(int)offsetof(struct hsm_attrs, hsm_arch_ver)",1,1,2
align > RADEON_GPU_PAGE_SIZE,1,1,2
"(ac97 == chip->ac97[CS46XX_PRIMARY_CODEC_INDEX]) || (ac97 == chip->ac97[CS46XX_SECONDARY_CODEC_INDEX]), return",1,1,2
atomic_read(&msg->usage)<=0,1,1,2
down_trylock(&ll_i2info(inode)->lli_size_sem) != 0,1,1,2
"ext->oe_state == OES_LOCKING, ext",2,0,2
remaining < 0,1,1,2
(qidx >= 0) && (qidx < wrm->free_qidx),2,0,2
!forceall || !dma32_rxenabled(di),1,1,2
device->ldev->backing_bdev,1,1,2
dtype == UBI_LONGTERM || dtype == UBI_SHORTTERM || dtype == UBI_UNKNOWN,1,1,2
!trans->block_rsv,1,1,2
req->assoclen > sizeof(rctx->assocbuf),1,1,2
xdr->len != (xdr->head[0].iov_len + xdr->page_len + xdr->tail[0].iov_len),1,1,2
!buffer_dirty(path->nodes[level]),1,1,2
(n < 0) && (n > 9),1,1,2
writepos != sector_nr + conf->chunk_size / 512,1,1,2
l4proto,2,0,2
mem_cgroup_is_root(child),1,1,2
rs->rs_repbuf->lm_buflens[2] >= rsip->out_token.len,1,1,2
!PageCompound(page) || !PageHead(page),1,1,2
end & ~HPAGE_MASK,1,1,2
clob != NULL,2,0,2
channel >= NR_APUS,2,0,2
SxgSgl->adapter == adapter,1,1,2
!block_group->cached,1,1,2
flags & SLUB_UNIMPLEMENTED,1,1,2
tx_info_priv != NULL,1,1,2
(imp != NULL) && (imp->imp_obd != NULL),1,1,2
is_huge_zero_pfn(page_to_pfn(page)),1,1,2
!revoke_table_cache,1,1,2
!port->opened,1,1,2
"IS_ALIGNED((unsigned long)skb->data, 4)",1,1,2
XFS_DQ_IS_HASH_LOCKED(dqp->q_hash),1,1,2
buf_in_urb->status == -EINPROGRESS,2,0,2
"memcmp(&parent_key, &node_key, sizeof(struct btrfs_disk_key))",1,1,2
!lc,2,0,2
cc.v.k == VVOID || cc.tostore > 0,1,1,2
bi->bi_vcnt != 1,1,1,2
nbits > BITS_PER_LONG,1,1,2
block_rsv->space_info != cache->space_info,1,1,2
work_color != work_next_color(cwq->work_color),1,1,2
"!(lock_flags & XFS_IOLOCK_EXCL) || (ismrlocked(&ip->i_iolock, MR_UPDATE))",1,1,2
ip == mp->m_rsumip,1,1,2
"object->n_ops > object->n_obj_ops, !list_empty(&object->pending_ops)",1,1,2
EFX_FILTER_TABLE_RX_IP != (EFX_FILTER_RX_UDP_WILD >> 2),1,1,2
((page_to_phys(chunk) - vc_cma_base) % VC_CMA_CHUNK_SIZE) != 0,2,0,2
retval != -ESRCH,1,1,2
be16_to_cpu(drop_node->hdr.info.magic) == XFS_DA_NODE_MAGIC,1,1,2
(app_id < BFA_AEN_MAX_APP) && (app_id >= bfa_aen_app_bcu),1,1,2
qc->n_elem > 0 || qc->pad_len > 0,2,0,2
!pkt->__packet.bits.__minimal,2,0,2
"!nv_iclass(obj, NV_SUBDEV_CLASS)",1,1,2
idx <= nextents,1,1,2
"0, ""incorrect message magic: %08x\n"", req->rq_reqmsg->lm_magic",2,0,2
workqueue_freezing,1,1,2
drive->blocked,1,1,2
 (temp == dac->fragTotalSize) || (temp == dac->fragTotalSize + dac->fragSize) ,1,1,2
!ctx->req_batch,1,1,2
"htab_bolt_mapping(base, dart_tablebase, base, mode_rw, mmu_linear_psize)",1,1,2
"bpf_get_next_key(map_fd, &key, &key) == 0",2,0,2
sizeof(struct ether_header) == ETH_HLEN,1,1,2
"offsetof(typeof(*seq), ccmp) != offsetof(typeof(*seq), gcmp)",2,0,2
osc_obd != NULL,1,1,2
sizeof(struct rxrpc_skb_priv) > sizeof(dummy_skb->cb),1,1,2
max >= 0,1,1,2
!mutex_is_locked(&event_mutex),2,0,2
async_tx_test_ack(depend_tx) || depend_tx->next || tx->parent,1,1,2
khugepaged_test_exit(mm),1,1,2
dst == 0,1,1,2
"ins->npcm_channels > 0,return -EIO",1,1,2
!context->refcount_loc,2,0,2
length > si->group_length,1,1,2
dmaregstx == NULL,1,1,2
!line->valid,1,1,2
index >= TFRC_CALC_X_ARRSIZE,1,1,2
stolen_offset & 4095,1,1,2
"mixer == card->mixer_oss, return -ENXIO",1,1,2
((unsigned long)bi + dtoh32(bi->length)) <= ((unsigned long)list + buflen),1,1,2
"type_ids[vx->type], return -EINVAL",1,1,2
"self->notify.instance != NULL, return;",2,0,2
ds,2,0,2
card->dev_dsp >= 0,1,1,2
(sizeof(VMSTORAGE_CHANNEL_PROPERTIES) % 4) == 0,1,1,2
!mc,1,1,2
q->sbal_state == NULL,1,1,2
ts,2,0,2
!funcstate.prev && funcstate.nups == 1 && !lexstate.fs,1,1,2
host->align_addr & 0x3,1,1,2
"trident != NULL && voice != NULL && substream != NULL, return -EINVAL",1,1,2
parent == 0,1,1,2
"!test_bit(pmbe->entry, &pmb_map)",1,1,2
"test_bit(BME_LOCKED, &bm_ext->flags) == 0",1,1,2
!list_empty(&vb->free_list),1,1,2
(buf->len - offset) % crypto_blkcipher_blocksize(tfm) != 0,2,0,2
virq <= MAX_IRQ,1,1,2
"lock->l_policy_data.l_inodebits.bits == (MDS_INODELOCK_LOOKUP | MDS_INODELOCK_UPDATE | MDS_INODELOCK_LAYOUT), ""Inappropriate inode lock bits during conversion %llu\n"", lock->l_policy_data.l_inodebits.bits",1,1,2
!pcl->pcl_locked,2,0,2
s->page == NULL,1,1,2
page && !PageUptodate(page),1,1,2
task->tk_status != 0,1,1,2
b != ex_ee_block + ex_ee_len - 1,1,1,2
data_size > btrfs_item_size(item),1,1,2
"ACPI_DEBUG_PRINT ((ACPI_DB_EXEC, ""Operand is a Reference, RefOpcode [%s]\n"", (acpi_ps_get_opcode_info (obj_desc-> reference. opcode))-> name))",1,1,2
dt->do_index_ops->dio_delete,1,1,2
!fdt,1,1,2
length % ubi->min_io_size == 0,1,1,2
pwq->nr_active,1,1,2
!k,1,1,2
field < XFS_SBS_ICOUNT || field > XFS_SBS_FDBLOCKS,1,1,2
period_size & 15,1,1,2
nb_zone > PAGE_SIZE / sizeof(struct dev_info *),1,1,2
"lock->l_policy_data.l_inodebits.bits == (MDS_INODELOCK_LOOKUP | MDS_INODELOCK_UPDATE | MDS_INODELOCK_LAYOUT), ""Inappropriate inode lock bits during "" ""conversion "" LPU64 ""\n"", lock->l_policy_data.l_inodebits.bits",1,1,2
AP_MAX_STATIONS > WLCORE_MAX_LINKS,1,1,2
VALID_PAGE(page_hpa),1,1,2
obj->gtt_space == NULL,1,1,2
&log->l_icloglock,2,0,2
leaf->items[i].offset + leaf->items[i].size != LEAF_DATA_SIZE,1,1,2
le32_to_cpu(rb->rf_flags) & OCFS2_REFCOUNT_TREE_FL,2,0,2
len > 5,2,0,2
a <= MAXARG_A && bc <= MAXARG_Bx,1,1,2
"rcu_read_lock_held(), ""find_task_by_pid_ns() needs rcu_read_lock()"" "" protection""",1,1,2
task == NULL,1,1,2
smsdev->func->cur_blksize != 128,1,1,2
!(rt->rt6i_flags & RTF_CACHE),1,1,2
((lower >= 1) && (lower <= tipc_max_nodes)) || ((lower >= LOWEST_SLAVE) && (lower <= highest_allowed_slave)),1,1,2
req->rq_clrbuf == NULL,1,1,2
lip,1,1,2
PfnCount > 0,1,1,2
be32_to_cpu(hdr->magic) == XFS_DIR2_BLOCK_MAGIC,1,1,2
atomic_read(&mdev->local_cnt) == 0,1,1,2
namelen > O2NM_MAX_NAME_LEN,2,0,2
"!down_write_trylock(&oi->ip_alloc_sem), ""Clear inode of %""MLFu64"", alloc_sem is locked\n"", oi->ip_blkno",1,1,2
"""clock enable failed""",1,1,2
((unsigned long)walker->table & PAGE_MASK) == ((unsigned long)ptep & PAGE_MASK),1,1,2
"sdp, gl->gl_state != LM_ST_UNLOCKED",1,1,2
"sp->call, ==, call",2,0,2
"offsetof(struct sock, sk_copy_start) != sizeof(osk->sk_node) + sizeof(osk->sk_refcnt) + sizeof(osk->sk_tx_queue_mapping)",1,1,2
*buflen < 0,1,1,2
"trident != NULL, return -EINVAL",1,1,2
__kfifo_len(tcp_ctask->r2tqueue),1,1,2
d->do_body_ops->dbo_write_commit,1,1,2
"blk->mapped_page >= 0, continue",1,1,2
rx != NULL,2,0,2
"dmab, return -EINVAL",1,1,2
lmb.memory.cnt != 2,1,1,2
RNDIS_MESSAGE_SIZE(RNDIS_SET_REQUEST) + sizeof(UINT32) <= sizeof(RNDIS_MESSAGE),1,1,2
!csd,1,1,2
request_wiphy->regd,1,1,2
data->num_booleans >= data->max_booleans || data->num_attributes >= data->max_attributes,1,1,2
PageCompound(page) && page != compound_head(page),1,1,2
"(int)offsetof(struct som_attrs, som_mountid) == 32, ""found %lld\n"", (long long)(int)offsetof(struct som_attrs, som_mountid)",1,1,2
obd != NULL && obd != LP_POISON,1,1,2
c->p > 2,1,1,2
!ocfs2_is_valid_vote_request(type),1,1,2
head != NULL,2,0,2
!ret && host->clk_act,1,1,2
m->mo_ops->moo_capa_get,1,1,2
vector >= io->io_vec_size,1,1,2
offset < qp->rx_buff_begin || offset + qp->rx_max_frame >= qp->rx_buff_end,1,1,2
raw->next_in_ino != (void *)ic,1,1,2
NULL == l->block_ref_from,2,0,2
"INT_GET(agfp->agf_seqno, ARCH_CONVERT) == agno",1,1,2
"!rcu_is_cpu_idle(), ""rcu_read_unlock_sched() used illegally while idle""",1,1,2
!(EXT4_I(inode)->i_flags & EXT4_EXTENTS_FL),1,1,2
bfa_fcs_lport_is_initiator(port),1,1,2
s & RQ_NET_DONE,1,1,2
i == I915_FENCE_REG_NONE,1,1,2
req->rq_reqbuf_len,1,1,2
&old_dir->i_mutex,1,1,2
isci_request->ttype != io_task,1,1,2
ATH79_PCI_IRQ_COUNT < AR724X_PCI_IRQ_COUNT,1,1,2
"drop_blk->magic == INT_GET(drop_info->magic, ARCH_CONVERT)",1,1,2
"desc->bd_last_xid == (req->rq_xid & PTLRPC_BULK_OPS_MASK), ""bd_last_xid = x""LPU64"", rq_xid = x""LPU64""\n"", desc->bd_last_xid, req->rq_xid",1,1,2
"priv->magic == IRTTY_MAGIC, return -EINVAL;",1,1,2
io_ctl->index >= io_ctl->num_pages,1,1,2
role > entity_role_null && type < LAST_ENTITY_ROLE,1,1,2
"client != NULL, return -EINVAL",1,1,2
ContextType,1,1,2
ce,2,0,2
vi->rq.num != 0,1,1,2
" (codec_index == CS46XX_PRIMARY_CODEC_INDEX) || (codec_index == CS46XX_SECONDARY_CODEC_INDEX), return -EINVAL",1,1,2
!realloc,1,1,2
req->dirtied_ino <= 4,2,0,2
ip->i_cluster == NULL,1,1,2
it->cache != mfc6_cache_array,1,1,2
&c->bucket_lock,2,0,2
ARRAY_SIZE(smap) >= PCPU_DFL_MAP_ALLOC,1,1,2
sizeof(struct ib_sge) < sizeof(struct chunk_sge),1,1,2
m->size < PAGE_SIZE,1,1,2
hctx->p && !hctx->x_calc,1,1,2
!list_empty(&p->ptrace_list) || !list_empty(&p->ptrace_children),1,1,2
atomic_read(&po->tx_ring.pending) == 0,1,1,2
"rcu_read_lock_held() || lockdep_is_held(&devcgroup_mutex), ""device_cgroup:verify_new_ex called without proper synchronization""",1,1,2
rc || getframes.status,1,1,2
num_bits != 1,1,1,2
!wf_chspec_malformed(chspec),1,1,2
src_nid != LNET_NID_ANY,2,0,2
"lkb->lkb_astaddr != DLM_FAKE_USER_AST, dlm_print_lkb(lkb);",1,1,2
dnentry->dn,1,1,2
type < 3,1,1,2
dentry->d_op,1,1,2
"kfifo_put(fifo, (unsigned char *) &entry, sizeof(u32)) == 0",1,1,2
t->ptrace,1,1,2
"ISALIGNED((uintptr) di->rxd32, align)",1,1,2
" (ARRAY_SIZE(asihpi_src_names) == (HPI_SOURCENODE_LAST_INDEX-HPI_SOURCENODE_BASE+1)), assert_src_names_size",1,1,2
info->magic == cpu_to_be16(XFS_DIR2_LEAFN_MAGIC),1,1,2
exp->exp_delayed,1,1,2
(u32) (ring->prod - ring->cons) > ring->size,1,1,2
!obj_priv->sg_list,1,1,2
sizeof(struct CommandList) % 8,1,1,2
ex.fe_group != ac->ac_g_ex.fe_group,2,0,2
mdev->ldev->backing_bdev,1,1,2
OVS_KEY_ATTR_TUNNEL_INFO != 25,1,1,2
desc_count > SOLO_NR_P2M_DESC,1,1,2
"index == INT_GET(leaf->hdr.count, ARCH_CONVERT) || args->oknoent",1,1,2
blocks * blksz > BUFFER_SIZE,1,1,2
tm->is_clone,2,0,2
(uintptr) regsva == SI_ENUM_BASE,1,1,2
"*ptr < 1024, return",1,1,2
(ifp->if_u1.if_extents != NULL) || (ifp->if_bytes == 0),1,1,2
"!ocfs2_sparse_alloc(osb) && (OCFS2_I(inode)->ip_clusters != rec->e_cpos), ""Device %s, asking for sparse allocation: inode %llu, "" ""cpos %u, clusters %u\n"", osb->dev_str, (unsigned long long)OCFS2_I(inode)->ip_blkno, rec->e_cpos, OCFS2_I(inode)->ip_clusters",1,1,2
flock->owner == bl_owner,1,1,2
!xs->bucket.bu_bhs[0] || !xe || ocfs2_xattr_is_local(xe),1,1,2
mpd->next_page <= mpd->first_page,1,1,2
clk->usecount == 0,1,1,2
bp->b_iodone == NULL || bp->b_iodone == xfs_buf_iodone_callbacks,2,0,2
jobs->ojs_cntr_num && jobs->ojs_cntr_init_fn,1,1,2
"PageAnon(page), page",2,0,2
!estab && !dst,1,1,2
blkio_blkg_idling(&blkg->stats),1,1,2
"(physaddr & 0xff) == 0, return -EINVAL",1,1,2
adapter->RssEnabled,1,1,2
!md->tio_pool,1,1,2
(pfn<<PAGE_SHIFT)&(PCPU_CHUNK_SIZE - 1UL),1,1,2
"max >= 0, return -EINVAL",1,1,2
lsm_op_find(lsm->lsm_magic) != NULL,2,0,2
attr->cra_capa == NULL,1,1,2
1 == 0,1,1,2
read && bp->b_ops,1,1,2
ARRAY_SIZE(arizona_micd_levels) != 0x40,1,1,2
!PageTail(page),1,1,2
!cl,1,1,2
FAULT_AROUND_PAGES > PTRS_PER_PTE,1,1,2
req->type != REQ_MOVE_TASK,1,1,2
!list->next,1,1,2
page_poison(page),1,1,2
!ext4_has_inline_data(inode),2,0,2
"memcmp(parent_key, &node->ptrs[0].key, sizeof(struct btrfs_disk_key))",1,1,2
maxlevelp == NULL,1,1,2
bus > MAX_NUMNODES * MAX_PHB_BUS_NUM,1,1,2
boff + tmp > bsize || tmp > bsize,2,0,2
save_node->hdr.info.magic == cpu_to_be16(XFS_DA_NODE_MAGIC),1,1,2
param3 <= MASK_DSP_WORD,1,1,2
!offset_p,2,0,2
"test_bit(PG_CLEAN, &req->wb_flags)",1,1,2
req != NULL,2,0,2
req->special,2,0,2
!rzs->memlimit,1,1,2
info->first_zero_hint == 0,1,1,2
(devNameLen <= IFNAMSIZ),1,1,2
bolttab[p_pteg] == 0xff && bolttab[s_pteg] == 0xff,1,1,2
!(numbytes < btp->bt_meta_sectorsize),1,1,2
sizeof(skb->cb) < sizeof(struct ieee802154_xmit_cb),1,1,2
"!rcu_is_cpu_idle(), ""rcu_read_lock_bh() used illegally while idle""",1,1,2
*page_offset + *length > PAGE_SIZE,2,0,2
lo->active_req,1,1,2
"if (!fmc) { printk(KERN_ERR ""jffs_get_oldest_node(): fmc == NULL\n""); return NULL; }",1,1,2
"chip->ops->test_and_ack, return -ENXIO",1,1,2
"parent->state, >=, FSCACHE_OBJECT_AVAILABLE",1,1,2
"offsetof(struct pt_regs, ebx) != 0",1,1,2
isr & 0xfffffffe,1,1,2
"ncontrol != NULL, return NULL",1,1,2
R_REG(&regs->maccontrol) != 0xffffffff,1,1,2
!list_empty(&root->tree_root->trans),1,1,2
"INT_GET(free->bests[findex], ARCH_CONVERT) >= length",1,1,2
m->mode == SVC_POOL_NONE,1,1,2
"*sptr >= 0 || *sptr <= FULL, return -ENXIO",1,1,2
cachep->nodelists[nodeid] != list,1,1,2
" actq->bottom[act_endian] <= actq->top[act_endian], i<<8 | actq->bottom[act_endian] ",1,1,2
ocfs2_is_empty_extent(&el->l_recs[0]),2,0,2
policy->sp_cops,2,0,2
iohead,2,0,2
"pcm_channel->active,return -EIO",1,1,2
"!cpumask_intersects(pmask, cpu_online_mask)",1,1,2
oldblk->magic == XFS_DIR_LEAF_MAGIC,1,1,2
!sent,1,1,2
nd.asize >= (d.len + xlen),1,1,2
mdev->state.conn < C_CONNECTED,1,1,2
msg->msg_iovlen == 1,1,1,2
"mode < num_chmodes, return -EINVAL",1,1,2
sizeof(struct inet_skb_parm) > sizeof(dummy_skb->cb),1,1,2
mechidx < MECH_MAX,1,1,2
node_level(root->node->node.header.flags) != 1,1,1,2
slot >= host->nr_slots,1,1,2
"le64_to_cpu(fe->i_dtime) || !(fe->i_flags & cpu_to_le32(OCFS2_VALID_FL)), ""Stale dinode %""MLFu64"" dtime: %""MLFu64"" "" ""flags: 0x%x\n"", oi->ip_blkno, le64_to_cpu(fe->i_dtime), le32_to_cpu(fe->i_flags)",1,1,2
iip != NULL,1,1,2
!PageLocked(faulted_page),1,1,2
"(args->index >= 0) && (args->index < INT_GET(hdr->count, ARCH_CONVERT))",1,1,2
"0, printk(""unknown bast mode %u\n"",lp->bast_mode);",1,1,2
"PageTransCompound(page), page",1,1,2
cpuc->lbr_users < 0,1,1,2
mdc_obd->obd_type->typ_name != NULL,1,1,2
&iint->inode->i_lock,1,1,2
task_ptrace(t),1,1,2
!meta->txb,1,1,2
!sii->osh,1,1,2
c->setup == NULL,1,1,2
ring->preallocated_lazy_request == NULL,1,1,2
"sdp, !(ret & LM_OUT_ASYNC)",1,1,2
"!nv_iclass(obj, NV_ENGCTX_CLASS)",1,1,2
ip->i_xtrace,1,1,2
firstread < pkt->len,1,1,2
"!(TxBulkEPList[urb_priv->epid].command & IO_MASK(USB_EP_command, enable))",1,1,2
(channelId & 0xff) < dmaChannelCount_0,1,1,2
skb->dev == net,1,1,2
!PKTLINK(pnext),1,1,2
rcu_dereference(ip_nat_tftp_hook),1,1,2
__fix_to_virt(FIX_FDT_END) >> PUD_SHIFT != __fix_to_virt(FIX_BTMAP_BEGIN) >> PUD_SHIFT,1,1,2
pScatterReq->TotalLength <= (A_UINT32)DEV_GET_MAX_BUNDLE_RECV_LENGTH(pDev),1,1,2
from->num_nodes == 0,1,1,2
"stats->ls_cnt_header[i].lc_name != NULL, ""Missing obd_stat initializer obd_op operation at offset %d.\n"", i - num_private_stats",1,1,2
"bno >= xfs_dir2_byte_to_db(mp, XFS_DIR2_LEAF_OFFSET) && bno < xfs_dir2_byte_to_db(mp, XFS_DIR2_FREE_OFFSET)",1,1,2
blk2->blkno >= mp->m_dirleafblk && blk2->blkno < mp->m_dirfreeblk,1,1,2
len > EXT4_BLOCKS_PER_GROUP(sb),1,1,2
ra_index < map_valid,1,1,2
skb_headroom(skb) < (sizeof(*local_tx_pd) + INTF_HEADER_LEN),1,1,2
atomic_read(&server->usage) <= 0,1,1,2
psi->use < 0,1,1,2
rate != c->u.pll.fixed_rate,1,1,2
event != SND_SOC_DAPM_POST_PMU,1,1,2
ip && ((S_ISREG(ip->i_d.di_mode) && pip && S_ISDIR(pip->i_d.di_mode)) || (S_ISDIR(ip->i_d.di_mode) && !pip)),1,1,2
x86_read_percpu(cpu_tlbstate.state) == TLBSTATE_OK,1,1,2
(node_num != O2NM_INVALID_NODE_NUM) && (node_num >= O2NM_MAX_NODES),1,1,2
queue->tx_devq_size >= octets,1,1,2
key.objectid != bytenr,1,1,2
*index >= 32,1,1,2
unregister_inetaddr_notifier(&qeth_ip_notifier),1,1,2
paddr & XENCOMM_INLINE_FLAG,1,1,2
dp->proc_fops == NULL,1,1,2
(ip->i_d.di_size == 0 && ip->i_size == 0) || (!S_ISREG(ip->i_d.di_mode)),1,1,2
father != p->real_parent && !ptrace,1,1,2
"sdp, !current->journal_info",1,1,2
"args->index < INT_GET(leaf1->hdr.count, ARCH_CONVERT)",1,1,2
!hba->cnic->max_iscsi_conn,1,1,2
node->start + node->size > adj_end,2,0,2
address & ~PMD_MASK,2,0,2
!bo_vaddr,1,1,2
area->a_used_bytes >= super->s_segsize,1,1,2
!__is_fpu_owner() && __fpu_enabled(),1,1,2
ctx->ctx_smpl_hdr,2,0,2
count < NR_PRIORITY_IRQS,1,1,2
context_handle->mech_type->gm_ops->gss_unwrap_bulk,1,1,2
ktrace_ent_zone,1,1,2
i < ARRAYSIZE(chan_info_all),1,1,2
!cpuset_wq,1,1,2
!workqueue_freezing,1,1,2
!atomic_read(&entry->ue_refcount),1,1,2
"GFS2_SB(&ip->i_inode), S_ISREG(ip->i_di.di_mode)",1,1,2
atomic_read(&mdev->local_cnt) >= 0,1,1,2
!(this->options & NAND_USE_FLASH_BBT_NO_OOB),1,1,2
j >= multi->num_stripes,1,1,2
bus->ci != NULL,1,1,2
lsi != NULL,2,0,2
pDCB->GoingSRBCnt > 1,1,1,2
list_empty(&root->subsys_list),1,1,2
tn != rtnl_dereference(*cptr),1,1,2
dlmlock != NULL,2,0,2
left > (P2M_PER_PAGE - 1) * 2,1,1,2
ppgtt->pd.pd_offset & 0x3f,1,1,2
!str,2,0,2
"count < MIDI_IN_BUFFER_SIZE, return 0",1,1,2
base != tbase_get_base(base),1,1,2
!ubifs_inode(inode)->dirty,1,1,2
cpu > nr_cpu_ids || !cpu_possible(cpu),1,1,2
"sdp, rgd",1,1,2
"(INT_GET(leaf1->hdr.info.magic, ARCH_CONVERT) == XFS_DIR_LEAF_MAGIC) && (INT_GET(leaf2->hdr.info.magic, ARCH_CONVERT) == XFS_DIR_LEAF_MAGIC)",1,1,2
agi->agi_unlinked[bucket_index],2,0,2
iip->ili_ilock_recur == 0,1,1,2
be16_to_cpu(oldroot->hdr.info.magic) == XFS_DIR2_LEAFN_MAGIC,1,1,2
blocknr == 0,1,1,2
((unsigned long)bi + le32_to_cpu(bi->length)) <= ((unsigned long)list + buflen),1,1,2
ss->module == NULL,1,1,2
"INT_GET(node2->hdr.info.magic, ARCH_CONVERT) == XFS_DA_NODE_MAGIC",1,1,2
"id == qid[type], ""The ids don't match %u != %u\n"", id, qid[type]",1,1,2
scmnd->request_bufflen == 0,1,1,2
log->l_sectbb_log <= mp->m_sectbb_log,1,1,2
pnode > (UV_DISTRIBUTION_SIZE - 1),1,1,2
!source_p || !sink_p,1,1,2
sk->sk_state == TCP_TIME_WAIT,1,1,2
info->eti_big_lmm == NULL,1,1,2
!batch->do_batch,1,1,2
ostid_id(&lsm->lsm_oi) != 0,1,1,2
rport->swstate == SW_RUN,1,1,2
!coherency_wa_buf_phys[i],1,1,2
msm_uport->rx.flush < FLUSH_STOP,1,1,2
!(bip->__bli_format.blf_flags & XFS_BLF_TYPE_MASK),1,1,2
(v & XFS_MASK64HI(43)) == 0,1,1,2
ret != -EIOCBQUEUED,1,1,2
req->dst->length < nbytes,1,1,2
pe->e->pnum == pnum,1,1,2
*handle_cnt == 0,1,1,2
cpt != LNET_LOCK_EX,2,0,2
!list_empty(&dev_priv->render_ring.request_list),1,1,2
"INT_GET(drop_leaf->hdr.info.magic, ARCH_CONVERT) == XFS_ATTR_LEAF_MAGIC",1,1,2
bp->b_bn == 0,1,1,2
prev_item->next != rmap_item,1,1,2
!(xb_flags & OCFS2_XATTR_INDEXED) || le16_to_cpu(el->l_next_free_rec) != 0,1,1,2
!cgrp->subsys[i],1,1,2
sport->curr_tx_desc == sport->dummy_tx_desc,1,1,2
!(rx_buf->skb || rx_buf->page),1,1,2
AUDIT_LAST_FEATURE + 1 > sizeof(audit_feature_names)/sizeof(audit_feature_names[0]),1,1,2
index < sizeof(req->rq_rep_swab_mask) * 8,2,0,2
"s, return -ENXIO",1,1,2
sizeof(*cb) <= sizeof(skb->cb),1,1,2
rb_null_event(event),1,1,2
size >= 2 && size <= 7,1,1,2
"skb != NULL, return 0;",2,0,2
ret && ret != -EAGAIN,1,1,2
unlikely(len > IOP_ADMA_XOR_MAX_BYTE_COUNT),1,1,2
current->journal_info != (void *)BTRFS_SEND_TRANS_STUB,1,1,2
"online_css(cgroup_css(cgroup_dummy_top, ss->subsys_id))",1,1,2
x,1,1,2
"btrfs_ref_num_refs(leaf, ref) != refs_to_drop",1,1,2
dev->dd_lu_dev.ld_site,1,1,2
nf_ct_cache[i].use == 1,1,1,2
is_empty_shadow_page(page_head->page_hpa),1,1,2
scmnd->scsi_done,1,1,2
(offset) + (size) > PAGE_SIZE,1,1,2
"intel_dsi->pixel_format, pipe_bpp",2,0,2
rcu_dereference(ip_nat_pptp_hook_inbound),1,1,2
queue->nr_txfree < BCM43xx_PIO_MAXTXPACKETS,1,1,2
w->owner,1,1,2
log->l_tail != NULL,1,1,2
"!(test_bit(META_forced, &mp->flag))",1,1,2
((ULONG_PTR)out & (PAGE_SIZE-1)) == 0,1,1,2
rec->lrh_len <= LLOG_CHUNK_SIZE,1,1,2
EFX_EVQ_SIZE < EFX_TXQ_SIZE + EFX_RXQ_SIZE,1,1,2
!forceall || !dma64_rxenabled(di),1,1,2
"cmp_sys_reg(&sys_reg_descs[i-1], &sys_reg_descs[i]) >= 0",1,1,2
&cachep->node[node]->list_lock,1,1,2
bcm->current_core->phy->rev >= 2,1,1,2
len % ubi->min_io_size == 0,1,1,2
!tree_root->node,1,1,2
(first <= last) && (last < XFS_BUF_COUNT(bp)),1,1,2
ret > IDMAP_NAMESZ,1,1,2
path->slots[level] > 0,1,1,2
S_ISDIR(pip->i_d.di_mode),1,1,2
"fib_default_rule_add(&dn_fib_rules_ops, 0x7fff, RT_TABLE_MAIN, 0)",1,1,2
index > ath_rc_priv->rate_table_size,1,1,2
!ri,1,1,2
!uv_bau_table_bases,1,1,2
vi->rq[i].num != 0,1,1,2
saved_irq_cnt == MAX_LATE_IRQ,1,1,2
lcn == LCN_ENOENT,1,1,2
ac->ac_bits_given >= ac->ac_bits_wanted,2,0,2
p > &octeon_uart8250_data[OCTEON_MAX_UARTS],1,1,2
tp->t_flags & XFS_TRANS_SYNC,1,1,2
nd->inode->i_op->follow_link,1,1,2
!list_empty(&dev_priv->gtt.base.active_list),1,1,2
&enable_lock,2,0,2
(mult[spd & 0x7] != -1) && (base [(spd >> 3) & 0x0f]),1,1,2
"(new_mode == LCK_PW && lock->l_granted_mode == LCK_PR), ""new_mode %u, granted %u\n"", new_mode, lock->l_granted_mode",1,1,2
"(int)offsetof(struct hsm_attrs, hsm_arch_id) == 8, ""found %lld\n"", (long long)(int)offsetof(struct hsm_attrs, hsm_arch_id)",1,1,2
(unsigned long)q->sbal[j] & 0xff,1,1,2
HAS_BSD(dev) && !list_empty(&dev_priv->bsd_ring.request_list),1,1,2
!ops->tx && !ops->tx_frags,1,1,2
bsd->bsd_svc == SPTLRPC_BULK_SVC_INTG || bsd->bsd_svc == SPTLRPC_BULK_SVC_PRIV,1,1,2
async_event_code != ASYNC_EVENT_CODE_LINK_STATE,1,1,2
"htab_bolt_mapping(start, end, __pa(start), pgprot_val(PAGE_KERNEL), mmu_linear_psize, mmu_kernel_ssize)",1,1,2
"oi->ip_handle, ""Clear inode of %""MLFu64"" has non empty handle pointer\n"", oi->ip_blkno",1,1,2
(queue_id & ~SXG_LARGE_SEND_QUEUE_MASK) == 0,1,1,2
"(void *) key_ptr(n, shift) >= value_ptr(n, shift, value_size)",1,1,2
oldsize >= XFS_DIR2_SF_HDR_SIZE(sfp->hdr.i8count),1,1,2
rval == 0 || dp->i_d.di_size == mp->m_dir_geo->blksize,1,1,2
addr == ((result >> 16) & 0x7f) ,1,1,2
size < sizeof (struct ib_device),1,1,2
ARRAY_SIZE(v2_code_table) < 2,1,1,2
"maxlen < strlen(""interleave"") + strlen(""relative"") + 16",1,1,2
ctask->sc,1,1,2
atomic_read(&conn->usage)<0,1,1,2
ul_dyn_ext_base != 0,1,1,2
msg->lm_bufcount > segment,2,0,2
inode->i_ino != vnode->fid.vnode,1,1,2
"ins->asynch_rx_scb == NULL,return -EINVAL",1,1,2
to_free > EXT4_I(inode)->i_reserved_data_blocks,1,1,2
caps_min_count < 0,1,1,2
msg_byte_cnt + ctx->h.b_cnt <= SKEIN1024_BLOCK_BYTES,1,1,2
"ddb_in32(DDB_BOOTCS) == ddb_calc_pdar(DDB_BOOTCS_BASE, DDB_BOOTCS_SIZE, 8, 0, 0)",1,1,2
vn_count(VFS_I(rbmip)) == 1,1,1,2
(s64) elapsed < 0,1,1,2
clock_idx == CPUCLOCK_SCHED,1,1,2
pdev->vendor != PCI_VENDOR_ID_INTEL,1,1,2
*slot >= 0 && *slot < ring->nr_slots,1,1,2
entry->offset > offset,1,1,2
drbd_md_ss(mdev->ldev) == mdev->ldev->md.md_offset,1,1,2
"s->stream_id == SNDRV_PCM_STREAM_PLAYBACK, return",1,1,2
size > 512,1,1,2
arena->dma_base & ~PAGE_MASK,1,1,2
features >= NF_CT_F_BASIC && features < NF_CT_F_NUM,1,1,2
lli->lli_opendir_key == NULL,2,0,2
!mutex_is_locked(&st->__state_lock),1,1,2
XFS_BUF_BP_ISMAPPED(bp),1,1,2
ui->data_len == inode->i_size,2,0,2
mgr_attrts->min_block_size >= 4,1,1,2
"rs->rs_msg == lustre_msg_buf(rs->rs_repbuf, 1, 0)",1,1,2
"bpf_lookup_elem(map_fd, &key, &value) == 0 && value == 0",2,0,2
hc != NULL,1,1,2
ip->i_qadata == NULL,1,1,2
(!total) || !PAGE_ALIGNED(total),1,1,2
resp->cstate.replay_owner,1,1,2
"*ptr < 512, return",1,1,2
18 - 1 != HWEIGHT32( O_RDONLY | O_WRONLY | O_RDWR | O_CREAT | O_EXCL | O_NOCTTY | O_TRUNC | O_APPEND | __O_SYNC | O_DSYNC | FASYNC | O_DIRECT | O_LARGEFILE | O_DIRECTORY | O_NOFOLLOW | O_NOATIME | O_CLOEXEC | FMODE_EXEC ),1,1,2
th->refcnt.counter == 0,1,1,2
desc_num > ALLOC_DECS_NUM,1,1,2
cli->cl_mgc_vfsmnt != NULL,1,1,2
index < 0 || index >= OCFS2_INODE_MAX_CACHE_ARRAY,1,1,2
conn->server_key->payload.data != NULL,1,1,2
ip->i_res == NULL,1,1,2
lo->lo_backing_file != NULL,1,1,2
args->stable > NFS_FILE_SYNC,1,1,2
oldsize >= xfs_dir2_sf_hdr_size(sfp->hdr.i8count),1,1,2
rcu_dereference(nf_nat_pptp_hook_outbound),1,1,2
"args->agbno + args->len <= INT_GET(XFS_BUF_TO_AGF(args->agbp)->agf_length, ARCH_CONVERT)",1,1,2
"env, pg, pg->cp_owner == NULL",2,0,2
off > bv->bv_len,1,1,2
request == &cmd_request->request,1,1,2
"INT_GET(dep->inumber, ARCH_CONVERT) == dp->i_ino",1,1,2
"!ret || !""munmap returned an unexpected error""",1,1,2
"online_css(ss, cgroup_dummy_top)",1,1,2
map->m_lblk + map->m_len > ee_block + ee_len,1,1,2
memory->sysdev.cls != &memory_sysdev_class,1,1,2
newblk->blkno >= mp->m_dirleafblk && newblk->blkno < mp->m_dirfreeblk,1,1,2
!req->rq_receiving_reply,2,0,2
off < 4,2,0,2
gsec_pf->gsp_chash,1,1,2
npages,1,1,2
args->agbno + rlen <= tend,1,1,2
(addr + len) > 0x100000000UL,1,1,2
id >= abx500_regulator.init_size,1,1,2
sizeof(struct westwood) > TCP_CA_PRIV_SIZE,1,1,2
mp && lip && gen,1,1,2
i == conf->copies,1,1,2
dfp == &d->hdr.bestfree[0],1,1,2
uc != NULL,1,1,2
(pr->id >= NR_CPUS) || (pr->id < 0),1,1,2
plain_out.len == bodysize,1,1,2
EDMA_EN & readl(base + EDMA_CMD_OFS),1,1,2
req->rq_reqbuf != req->rq_clrbuf,1,1,2
"frames <= runtime->buffer_size, return",1,1,2
!lowcore || !panic_stack || !async_stack,1,1,2
tostore != 0,1,1,2
skb_headroom(skb) < sizeof(*wlp_tx_hdr),1,1,2
bios->display.crtc < 0,1,1,2
be16_to_cpu(data->hdr.bestfree[0].length) == mp->m_dirblksize - (uint)sizeof(data->hdr),1,1,2
"namelen <= DLM_RESNAME_MAXLEN, printk(""namelen = %d\n"", namelen);",1,1,2
(!list_empty(&iocb->ki_wait.task_list)),1,1,2
np_idx < npools,1,1,2
(end-1) >> addr_width,1,1,2
wm2000->anc_mode != ANC_OFF,1,1,2
NR_IRQS > 65536,1,1,2
e->block_id == DRBD_MAGIC + 0xbeef,1,1,2
msg->msg_rx_ready_delay,2,0,2
"atomic_read(&page->_count) <= 0, page",2,0,2
nextda != -1,1,1,2
"dma_set_max_seg_size(hi->host->device.parent, SBP2_MAX_SEG_SIZE)",1,1,2
path[p - 1] >= 0,2,0,2
irq > IRQ_KIRKWOOD_GPIO_HIGH_16_23,1,1,2
dabuf->nbuf,1,1,2
"sdp, atomic_read(&sdp->sd_quota_count) > 0",1,1,2
spufs_calls.owner != calls->owner,1,1,2
BSSCFGIDX_ISVALID(idx),1,1,2
cathandle != NULL,1,1,2
!dist_base,1,1,2
"agbno < INT_GET(agi->agi_length, ARCH_CONVERT)",1,1,2
old_mem_type != TTM_PL_VRAM && old_mem_type != VMW_PL_GMR,1,1,2
idr_lock,2,0,2
!buffer_dirty(leaf_buf),1,1,2
wl->rpcq_tail == NULL,1,1,2
sizeof(struct shared_info) > PAGE_SIZE,1,1,2
idx * TRACE_ENTRY_SIZE >= PAGE_SIZE,1,1,2
(pchnl->dw_state & ~CHNL_STATEEOS) == CHNL_STATEREADY,1,1,2
!extent_op || !extent_op->update_flags || !extent_op->update_key,1,1,2
!list_empty(&bd->bd_ail_st_list),1,1,2
le32_to_cpu(left->header.max_entries) <= nr_left - shift_,1,1,2
crcr == crc32tv[j],1,1,2
dt->do_ops->do_create,1,1,2
bp->b_maps[0].bm_bn != XFS_BUF_DADDR_NULL,2,0,2
"width > 0, return -ENXIO",1,1,2
atomic_read(&chip->slot_refs_count) != 0,2,0,2
(lprops->flags & LPROPS_INDEX),2,0,2
"self->magic == IRCOMM_MAGIC, return -EFAULT;",2,0,2
"hdr && blk, return -EINVAL",1,1,2
dyn_size >= 0,1,1,2
obj_priv->pin_count == 0,1,1,2
"atomic_test_mask(ZFCP_STATUS_ADAPTER_QDIOUP, &adapter->status)",1,1,2
!PageSwapCache(oldpage),1,1,2
is_bad_inode(inode),1,1,2
(bno >= obno) || (n == 0),1,1,2
pte && pte_none(*pte),1,1,2
" ( ifbp->IFB_Magic ^= HCF_MAGIC ) == 0, ifbp->IFB_Magic ",1,1,2
"ptr == INT_GET(block->bb_numrecs, ARCH_CONVERT) + 1",1,1,2
sd->s_sibling || (sd->s_flags & SYSFS_FLAG_REMOVED),1,1,2
new_dentry->d_parent->d_inode != new_dir,1,1,2
!(iomapp->iomap_flags & IOMAP_HOLE),1,1,2
p + XDR_QUADLEN(nbytes) > resp->end,1,1,2
mdev->tconn == tconn,1,1,2
!cmd->sg_mapped,1,1,2
atomic_read(&NFS_I(inode)->data_updates) != 0,1,1,2
end >> addr_width,1,1,2
be16_to_cpu(leaf2->hdr.info.magic) == XFS_DIR2_LEAFN_MAGIC,1,1,2
key->mode == EXT4_ENCRYPTION_MODE_INVALID,1,1,2
!obj_request_img_data_test(obj_request),2,0,2
handler != NULL,1,1,2
sma==NULL,1,1,2
"(HPI_DESTNODE_LAST_INDEX - HPI_DESTNODE_BASE + 1) == (8), destnode_strings_match_defs",1,1,2
ubi->vtbl[vol_id].upd_marker,1,1,2
(ifp->if_flags & XFS_IFEXTENTS) || !(iip->ili_format.ilf_fields & extflag[whichfork]),1,1,2
vaddr < FIXADDR_START,1,1,2
atomic_read(&storDevice->RefCount),1,1,2
!lockres->l_ops->unblock,1,1,2
prev_lip->li_ail.ail_back == lip,1,1,2
"rbus != NULL, return -EINVAL",1,1,2
!is_replay,2,0,2
cnt == 1,1,1,2
list_empty(&gdth_instances),1,1,2
"0, ""unknown bast mode %u"", lp->bast_mode",1,1,2
"F2FS_P_SB(ipage), from > MAX_INLINE_DATA",1,1,2
*free >= min_space,1,1,2
notify != NULL,1,1,2
page_zone(page) != mz->zone,1,1,2
state > HW_ON,1,1,2
!i2c_adapter->class,1,1,2
link != NULL,2,0,2
hlist_empty(&gsec_kr->gsk_clist),1,1,2
sizeof(struct vegas) > TCP_CA_PRIV_SIZE,1,1,2
XFS_AGF_MAGIC == be32_to_cpu(agfp->agf_magicnum),1,1,2
de_is_running(de),1,1,2
block_cnt == 0,1,1,2
!instance,1,1,2
ni->ni_status != NULL,2,0,2
hooknum == NF_INET_PRE_ROUTING || hooknum == NF_INET_POST_ROUTING || hooknum == NF_INET_LOCAL_IN || hooknum == NF_INET_LOCAL_OUT,1,1,2
!card || !id,2,0,2
ip->i_d.di_aformat == XFS_DINODE_FMT_EXTENTS,1,1,2
cr3 != __pa(swapper_pg_dir),2,0,2
current != osb->vote_task,1,1,2
cio->cui_iocb->ki_pos == pos,2,0,2
"(*los)->los_last_oid >= first_oid, ""%u < %u\n"", (*los)->los_last_oid, first_oid",1,1,2
bkt->lsb_busy > 0,1,1,2
"channel >= 0 || channel < RME9652_NCHANNELS, return NULL",1,1,2
"!lrucare && PageLRU(newpage), newpage",1,1,2
"sdp, gl->gl_req_bh",1,1,2
"(int)offsetof(struct hsm_attrs, hsm_flags) == 4, ""found %lld\n"", (long long)(int)offsetof(struct hsm_attrs, hsm_flags)",1,1,2
!task->events,1,1,2
size < SECT_SIZE,1,1,2
!(bip->bli_format.blf_flags & XFS_BLI_INODE_BUF),1,1,2
!(be32_to_cpu(descr->data_status) & (1 << GELIC_DESCR_TX_DMA_FRAME_TAIL)),1,1,2
len > sizeof(bits),1,1,2
be16_to_cpu(bf[1].length) >= be16_to_cpu(bf[2].length),1,1,2
mech->gm_ops->gss_copy_reverse_context,1,1,2
cl_lock_is_mutexed(child),2,0,2
gctx_kr->gck_key == NULL,1,1,2
"lp->req == DLM_LOCK_NL,",1,1,2
freed_descr == urb->number_of_packets,1,1,2
timer_pending(&hctx->rtotimer),1,1,2
vif->tx_irq,1,1,2
*dbuf == finished - 1,2,0,2
!dma->ops->enable_transfer || !dma->ops->flush_dma,2,0,2
split_index == 0,1,1,2
PageLRU(page) || PageActive(page) || PageUnevictable(page),1,1,2
worker->flags & WORKER_IDLE,1,1,2
"page_count == 1 || (ergo(i == 0, poff + pg->count == PAGE_CACHE_SIZE) && ergo(i > 0 && i < page_count - 1, poff == 0 && pg->count == PAGE_CACHE_SIZE) && ergo(i == page_count - 1, poff == 0)), ""i: %d/%d pg: %p off: ""LPU64"", count: %u\n"", i, page_count, pg, pg->off, pg->count",1,1,2
!req->rq_receiving_reply && !req->rq_must_unlink,1,1,2
task->lock_depth < 0,1,1,2
unlikely(blk_rq_sectors(req)),1,1,2
res != filp,1,1,2
"period_size * periods <= 1024 * 1024, return -EINVAL",1,1,2
msg->hdr.msg_slot_number != msg_slot->hdr.msg_slot_number,1,1,2
j >= segs_to_map,1,1,2
blkvsc_req->req,1,1,2
target == CAM_TARGET_WILDCARD,2,0,2
drop_node->hdr.info.magic == cpu_to_be16(XFS_DA_NODE_MAGIC),1,1,2
m->mo_ops->moo_attr_set,1,1,2
"(char *)dep - (char *)d == INT_GET(*XFS_DIR2_DATA_ENTRY_TAG_P(dep), ARCH_CONVERT)",1,1,2
BTRFS_I(inode)->delalloc_reserved_extents < 0,1,1,2
rq->nr_idle <= 0,1,1,2
"pcm != NULL && device != NULL, return -ENXIO",1,1,2
irq != gpio_to_irq(button->gpio),1,1,2
runtime->dma_bytes <= 0 || runtime->dma_bytes >= MAXPAGES * EMUPAGESIZE,1,1,2
!tbl->it_table_group->group,1,1,2
"lpn, ""%x,%llx"", lp->lockname.ln_type, (unsigned long long)lp->lockname.ln_number",1,1,2
"sdp, !test_bit(ULF_LOCKED, &ul->ul_flags)",1,1,2
"(int)sizeof(((struct hsm_attrs *)0)->hsm_flags) == 4, ""found %lld\n"", (long long)(int)sizeof(((struct hsm_attrs *)0)->hsm_flags)",1,1,2
depend_tx->ack || depend_tx->next || tx->parent,1,1,2
lo->plh_refcount == 0,1,1,2
MAX14577_REGULATOR_CURRENT_LIMIT_HIGH_START + MAX14577_REGULATOR_CURRENT_LIMIT_HIGH_STEP * 0xf != MAX14577_REGULATOR_CURRENT_LIMIT_MAX,1,1,2
tcp_ctask->sent + size > scsi_bufflen(ctask->sc),1,1,2
c_num <= tipc_max_clusters,1,1,2
from->obj->ring != ring,1,1,2
"req_capsule_has_field(pill, field, RCL_SERVER)",1,1,2
fn->size < PAGE_CACHE_SIZE && ref_flag == REF_PRISTINE,1,1,2
logitem,1,1,2
!list_empty(&recent_net->tables),1,1,2
&led_cdev->led_access,2,0,2
obj_priv->pages_refcount == DRM_I915_GEM_OBJECT_MAX_PAGES_REFCOUNT,1,1,2
"dev_priv, plane",1,1,2
SPTLRPC_FLVR_POLICY(sf->sf_rpc) == SPTLRPC_POLICY_GSS,1,1,2
buf->lb_len > 0,1,1,2
down_trylock(&mlc->isem),2,0,2
idx < fs->nlocvars,1,1,2
!h,2,0,2
sizeof(struct lan78xx_statstage) != 0xBC,1,1,2
mcdi->mode != MCDI_MODE_POLL,1,1,2
index >= CALCX_ARRSIZE,1,1,2
"skb->len > 0, return;",2,0,2
atomic_read(&tgcred->usage) != 0,1,1,2
port >= hw->ports || hw->dev[port] == NULL,1,1,2
!p || md->io_pool || md->bs,1,1,2
ahb_rst,2,0,2
packet->actual_length <= packet->length,1,1,2
s == '[' || s == ']',1,1,2
!list_empty(&root->extent_root->trans),1,1,2
*lck_div < 1,1,1,2
!tp,1,1,2
page_private(page) != migratetype,1,1,2
"ip->i_sbd, change",1,1,2
num_sections <= 3,1,1,2
m->mo_ops->moo_readlink,1,1,2
params_size >= WLC_IOCTL_SMLEN,1,1,2
adapter->AllocationsPending,1,1,2
device->connection == connection,1,1,2
pin && num_blocks != 1,1,1,2
tsk->exit_state != EXIT_ZOMBIE && tsk->exit_state != EXIT_DEAD,1,1,2
pfn >= zone->zone_start_pfn + zone->spanned_pages,1,1,2
first_vcn < 0,2,0,2
*map == ~0UL,1,1,2
vector != io->io_vec_size,1,1,2
!shrink_block_group,1,1,2
aHand1401[nDev-1] == INVALID_HANDLE_VALUE,1,1,2
!list_empty(&cwq->delayed_works),1,1,2
!is_power_of_2(phb->dma32_region_size),1,1,2
cathandle->lgh_file != NULL,1,1,2
(index >= 0) && (index < ktp->kt_nentries),1,1,2
phyid == cnfg->phy_layers[phyid].id,1,1,2
scpnt->scsi_done == NULL,1,1,2
count == XFS_IALLOC_INODES(mp),1,1,2
be32_to_cpu(k1->ir_startino) < be32_to_cpu(k2->ir_startino),1,1,2
wm2000->anc_mode != ANC_BYPASS,1,1,2
bl->nactvar == fs->nactvar,1,1,2
slot_num < MAX_SLOT_NUM,1,1,2
*bpp && !XFS_BUF_GETERROR(*bpp),1,1,2
ctask->data_count < 0,1,1,2
!buffer_dirty(upper),1,1,2
"cgroup_init_cftypes(NULL, cgroup_base_files)",1,1,2
ldlm_ns_proc_dir == NULL,1,1,2
bd2->bd_disk == NULL,1,1,2
"if (!fmc) { printk(KERN_ERR ""jffs_erasable_size(): fmc = NULL\n""); return -1; }",1,1,2
fastopen == (sk->sk_state == TCP_LISTEN),1,1,2
pgd != early_ioremap_pgd(fix_to_virt(FIX_BTMAP_END)),1,1,2
subclass + XFS_LOCK_INUMORDER < (1 << (XFS_ILOCK_SHIFT - XFS_MMAPLOCK_SHIFT)),1,1,2
s != page->slab_cache,1,1,2
!lpfc_cmd,1,1,2
msb > lsb,2,0,2
dqp->q_pincount == 0,1,1,2
"(sb_desc->command & IO_MASK(USB_SB_command, eol)) == IO_STATE(USB_SB_command, eol, yes)",1,1,2
current_bits < 0,1,1,2
!xor_status,1,1,2
features->pktlen > WACOM_PKGLEN_MAX,1,1,2
pools[np_idx] != NULL,1,1,2
fid == NULL,2,0,2
!try_module_get(ss->module),1,1,2
!mq->bounce_sg,1,1,2
to->magic == XFS_DIR2_LEAF1_MAGIC || to->magic == XFS_DIR3_LEAF1_MAGIC || to->magic == XFS_DIR2_LEAFN_MAGIC || to->magic == XFS_DIR3_LEAFN_MAGIC,1,1,2
"current_par_valid[board_num], ""Valid mode on command line\n""",1,1,2
cis[i + 1] == ETHER_ADDR_LEN,1,1,2
!list_empty(&peer->conn_graveyard),1,1,2
"ata_qc_from_tag(ap, ap->active_tag) != NULL",1,1,2
mid == nritems,1,1,2
cle->ce_owner == NULL,2,0,2
lock->l_completion_ast,1,1,2
"new_blk->magic == INT_GET(new_info->magic, ARCH_CONVERT)",1,1,2
"gl->gl_sbd, atomic_read(&gl->gl_lvb_count) > 0",1,1,2
"(xfs_iext_get_ext(ifp, 0) != NULL) || (ifp->if_bytes == 0)",1,1,2
"!per_cpu(cpus_in_cluster, cpu)",1,1,2
!list_empty(&sd->s_sibling),1,1,2
start_pfn >= end_pfn,1,1,2
aarch64_insn_is_cbz(insn),1,1,2
!ubi->move_from_put,1,1,2
SRP_RQ_SIZE,1,1,2
__fix_to_virt(FIX_FDT_END) >> PMD_SHIFT != __fix_to_virt(FIX_BTMAP_BEGIN) >> PMD_SHIFT,1,1,2
!area->pages[i],1,1,2
dt->do_ops->do_xattr_get,1,1,2
!zbr->leaf,2,0,2
"obj->magic == IAS_OBJECT_MAGIC, return -1;",2,0,2
((uintptr) frame % DHD_SDALIGN) == 0,1,1,2
new->out_token.len == 0,1,1,2
driver->subtype != PTY_TYPE_SLAVE,1,1,2
nid > maxnode,1,1,2
!dev->queues[i] || !dev->queues[i]->q_suspended,1,1,2
vmsg != NULL && vmsg->lm_bufcount >= 4,1,1,2
!atomic_read(&mle->mle_refs.refcount),1,1,2
VALID_ADDRESS(done_cmdq->head),1,1,2
((kvm_vcpu_get_hsr(vcpu) & HSR_EC) >> HSR_EC_SHIFT) == 0,1,1,2
!host->dmatogo,1,1,2
key.objectid != inode->i_ino || key.type != BTRFS_EXTENT_DATA_KEY,1,1,2
ring->used_slots <= ring->nr_slots,1,1,2
f >= 32,1,1,2
desc_len >= 0,1,1,2
!rx_buf->data,1,1,2
ec->reference_count < 1,2,0,2
be32_to_cpu(free->hdr.firstdb) == xfs_dir2_free_max_bests(mp) * (fdb - XFS_DIR2_FREE_FIRSTDB(mp)),1,1,2
cfs_hash_t *hs,1,1,2
!ocfs2_inode_is_fast_symlink(inode),1,1,2
pos <= LNET_MT_HASH_IGNORE,2,0,2
tmp->base != &base->t_base,1,1,2
"(scb->parent_scb_ptr->sub_list_ptr == scb || scb->parent_scb_ptr->next_scb_ptr == scb),return",1,1,2
!hole->hole_follows,1,1,2
vecp->i_len <= ip->i_df.if_bytes,1,1,2
!kobj || !kobj->dentry,1,1,2
channels == 1 || channels == 2,1,1,2
"(size % 8) == 0, return -ENXIO",1,1,2
be32_to_cpu(rblock->bb_magic) == XFS_BMAP_MAGIC,1,1,2
vmbus_drv_obj->OnMsgDpc != NULL,1,1,2
!gfs2_glock_is_locked_by_me(rs->rs_rgd->rd_gl),1,1,2
pending > PL011_DMA_BUFFER_SIZE,2,0,2
target != Fout * (fll_div->fllclk_div << 2),1,1,2
config->pwr_reg_cnt > ARRAY_SIZE(hdmi->pwr_regs),1,1,2
ret != bsize,1,1,2
qip->qli_push_owner == get_thread_id(),1,1,2
(pchnl->state & ~CHNL_STATEEOS) == CHNL_STATEREADY,1,1,2
paddr == 0 && node == NULL,1,1,2
!PageHead(src_page),1,1,2
"ISALIGNED(nbytes, sizeof(u32))",1,1,2
lock_start != key.offset,1,1,2
"!list_empty(&lp->all_list),",1,1,2
btrfs_item_offset(leaf->items + slot) != btrfs_item_end(leaf->items + slot + 1),1,1,2
n >> 32,2,0,2
"audio < chip->audio_outs, return -EINVAL",1,1,2
link >= 2,1,1,2
!se_tpg,2,0,2
!task_on_rq_queued(p),2,0,2
(csrow < 0) || (csrow >= pvt->csels[0].b_cnt),1,1,2
"(int)offsetof(struct som_attrs, som_incompat) == 4, ""found %lld\n"", (long long)(int)offsetof(struct som_attrs, som_incompat)",1,1,2
"btrfs_node_blockptr(parent, parent_slot) != btrfs_header_bytenr(leaf)",1,1,2
"comp_keys(&node->keys[i], &cpukey) >= 0",1,1,2
unit_size < pcpue_size,1,1,2
!(offset & (xfs_off_t)btp->bt_smask),1,1,2
c->bi.dd_growth >= 0,2,0,2
req->a_args.lock.fl.fl_ops != NULL,1,1,2
ic->ino > c->highest_ino,1,1,2
"(!(lock_flags & XFS_IOLOCK_EXCL)) || xfs_isilocked(ip, XFS_IOLOCK_EXCL)",1,1,2
oldsfp->hdr.i8count == 1,1,1,2
!qmgr_queue_descs[queue],2,0,2
!(*flags & LDLM_FL_REPLAY),1,1,2
list_empty(&pool->items),1,1,2
drv,1,1,2
"XFS_BUF_FSPRIVATE2(bp, unsigned long) == (unsigned long) 2",1,1,2
getOpMode(o) == iABC,1,1,2
skb_shinfo(skb)->gso_segs < pcount,1,1,2
"be64_to_cpu(dep->inumber) == XFS_DIR2_SF_GET_INUMBER(sfp, &sfp->hdr.parent)",1,1,2
e_enr == s_enr + 1,1,1,2
rq->q.reader,1,1,2
start < vma->vm_start || end > vma->vm_end,1,1,2
!buffer_dirty(l_buf),1,1,2
m->mo_ops->moo_object_sync,1,1,2
"(delay > 0), (""8051 reset failed!\n"")",1,1,2
this_parent == dentry,1,1,2
e == lc->changing_element,1,1,2
"sdp, atomic_read(&sdp->sd_unlinked_count) > 0",1,1,2
"&imp->imp_refcount, 0, LI_POISON",2,0,2
"sbi, err",2,0,2
percpu_read(paravirt_lazy_mode) != PARAVIRT_LAZY_NONE,1,1,2
key > NILFS_DIRECT_KEY_MAX,1,1,2
"list_first_entry(&seqid->sequence->sequence->list, struct nfs_seqid, list) != seqid",1,1,2
pipe_id >= ARRAY_SIZE(mdp5_crtc->planes),1,1,2
!private || inode == (struct inode *)private,1,1,2
pl_size_1st > pl_size,1,1,2
lcw_refcount == 0,1,1,2
p->mo_dir_ops->mdo_create,1,1,2
usb->in_async,2,0,2
atomic_read(&mm->mm_count) == 0,1,1,2
!adapter || (adapter != unit->port->adapter),1,1,2
!mutex_is_locked(&slab_mutex),1,1,2
cptid == CFS_CPT_ANY || (cptid >= 0 && cptid < cptab->ctb_nparts),1,1,2
(nvecs == 1) || (nvecs == BFA_MSIX_CT_MAX),1,1,2
RingDescriptorCmd,1,1,2
"!nodes_intersects(*pmask, node_states[N_MEMORY])",1,1,2
sizeof(correct_data) < size,1,1,2
PFN_DOWN(addr + size) > bdata->node_low_pfn,1,1,2
mdb_free < mdb_claim,1,1,2
&iommu->lock,2,0,2
msg->msg_rx_delayed,2,0,2
iphy->isci_port != NULL,1,1,2
(unsigned long)__per_cpu_start & ~PAGE_MASK,1,1,2
size & PAGE_MASK,1,1,2
nr_copy_pages_check != nr_copy_pages,1,1,2
reclaim_str_hashtbl_size,1,1,2
atomic_read(&anon_vma->refcount) <= 0,1,1,2
gtt_offset & 4095,1,1,2
radix_tree_is_direct_ptr(ret),1,1,2
msbp->msb_field < XFS_SBS_ICOUNT || msbp->msb_field > XFS_SBS_FDBLOCKS,1,1,2
pdev->id >= ARRAY_SIZE(atmel_ssc_dai),1,1,2
hlist_unhashed(&cfqg->cfqd_node),1,1,2
ref != 0,1,1,2
ir->receiver_on,1,1,2
(args->index >= 0) && (args->index <= be16_to_cpu(hdr->count)),1,1,2
i == SIRFSOC_GPIO_BANK_SIZE,1,1,2
!tlb->need_flush,1,1,2
flag == PAGE_CHECK_ADDRESS_PMD_NOTSPLITTING_FLAG && pmd_trans_splitting(*pmd),1,1,2
reg >= ARRAY_SIZE(wm8990_reg),1,1,2
PAGE_SHIFT > KVM_CMA_CHUNK_ORDER,1,1,2
(nd->flags & LOOKUP_OPEN) == 0,1,1,2
(unsigned long) dest + count >= sizeof(struct _lowcore),1,1,2
!mem_cgroup_is_obsolete(last_scanned_child),1,1,2
!cachep->memcg_params->is_root_cache,1,1,2
len + offset > PAGE_SIZE,2,0,2
ip->i_btrace,1,1,2
&osb->net_response_lock,1,1,2
d_count(cfs_fs_pwd(current->fs)),1,1,2
"chip == 0, return",1,1,2
(mask & ~XFS_AT_UPDTIMES) == 0,1,1,2
!ocfs2_is_super_lock(lockres) && !ocfs2_is_rename_lock(lockres),1,1,2
cfs_hash_with_rehash(hs) && !cfs_hash_with_no_lock(hs),2,0,2
bn || (iomapp->iomap_flags & IOMAP_REALTIME),1,1,2
bio_multiple_segments(bi),1,1,2
"be16_to_cpu(dfp->length) == INT_GET(dup->length, ARCH_CONVERT)",1,1,2
be16_to_cpu(leaf_s->hdr.info.magic) == XFS_ATTR_LEAF_MAGIC,1,1,2
pool != tree->pool,1,1,2
list_empty(&imp->imp_zombie_chain),2,0,2
!bf[2].offset,1,1,2
msg->pos > 32,1,1,2
pScatterReq->TotalLength <= (A_UINT32)DEV_GET_MAX_BUNDLE_SEND_LENGTH(pDev),1,1,2
payload == NULL,2,0,2
!hlist_empty(&module->pmem_regions),1,1,2
tbl->highest_used_slotid != 0,1,1,2
tage->page != NULL,2,0,2
!sblock->pagev[page_num].page,1,1,2
!new_extent,1,1,2
!cfpkt_getlen(pkt) < rfml->fragment_size,1,1,2
buf->lb_len == 0,1,1,2
!list_empty(&dev_priv->blt_ring.active_list),1,1,2
bit_set,1,1,2
typea != UBIFS_DATA_KEY && typeb != UBIFS_DATA_KEY,1,1,2
"sbi, !list_empty(&nes->entry_list)",1,1,2
!map_bankwidth_supported(map->bankwidth),2,0,2
Length < ZM_MAX_WPAIE_SIZE,1,1,2
!nfs4_reclaim_init,1,1,2
"btrfs_item_offset_nr(leaf, 0) + btrfs_item_size_nr(leaf, 0) != BTRFS_LEAF_DATA_SIZE(root)",1,1,2
"temp->ops.command && temp->ops.get_response, return -EINVAL",1,1,2
newval == leaf[buddy],1,1,2
!cachep->slabp_cache,1,1,2
req != lock,1,1,2
udq_unres || gdq_unres,1,1,2
"ext->oe_state == OES_TRUNC, ext",2,0,2
"netdev != NULL, return -1;",2,0,2
page != ion_page_pool_remove(pool),1,1,2
i == le32_to_cpu(tmp_el->l_next_free_rec),1,1,2
con->nodeid != 0,1,1,2
"self->lap->lsaps != NULL, return -1;",2,0,2
l2 == &old_cg->cg_links,1,1,2
"INT_GET(recp->ar_blockcount, ARCH_CONVERT) > 0",1,1,2
"if (!dir_f) { printk(KERN_ERR ""jffs_create(): No reference to a "" ""jffs_file struct in inode.\n""); unlock_kernel(); return -EIO; }",1,1,2
"ins->asynch_rx_scb != NULL, return -EINVAL",1,1,2
"pag->pagf_freeblks == INT_GET(agf->agf_freeblks, ARCH_CONVERT)",1,1,2
rcu_dereference(ip_conntrack_destroyed) == NULL,1,1,2
rtlpriv->vif_priv.vif[vif_id].id != vif_id,1,1,2
object->dentry->d_inode,1,1,2
ceph_snap(req->r_locked_dir) != CEPH_SNAPDIR,1,1,2
"(subdevice_id & 0xfff0) == LAYLA20, return -ENODEV",1,1,2
d == ctxt->loc_exp->exp_obd->obd_lvfs_ctxt.dt,1,1,2
!is_shub(),2,0,2
vn_count(XFS_ITOV(rbmip)) == 1,1,1,2
"!nv_iclass(obj, NV_GPUOBJ_CLASS)",1,1,2
"test_bit(__LC_DIRTY, &mdev->act_log->flags)",1,1,2
zone_type >= MAX_NR_ZONES,1,1,2
sge_no > ctxt->count,1,1,2
"!PageLocked(oldpage), oldpage",2,0,2
list_empty(&device->connection->sender_work.q),1,1,2
mvm->scan_cmd == NULL,1,1,2
queue_index == TXCMD_QUEUE,1,1,2
((u16)slot & 0xF000) == 0x0000,1,1,2
!(rq->cmd_type == REQ_TYPE_SPECIAL || rq->cmd_type == REQ_TYPE_SENSE),1,1,2
b >= NR_BANKS,1,1,2
iocb->ki_nbytes != PAGE_SIZE,1,1,2
!list_empty(&rm->m_sock_item),2,0,2
XFS_BUF_COUNT(bp) >= ((uint)bit << XFS_BLF_SHIFT)+(nbits<<XFS_BLF_SHIFT),1,1,2
!of_id,1,1,2
(val < PREEMPT_MASK) && !(preempt_count() & PREEMPT_MASK),1,1,2
dio->block_in_file > dio->final_block_in_request,1,1,2
irq < IRQ_ORION_GPIO_0_7 || irq > IRQ_ORION_GPIO_24_31,1,1,2
!demoted,1,1,2
subclass + XFS_IOLOCK_PARENT_VAL < MAX_LOCKDEP_SUBCLASSES,1,1,2
"args->index < ((int)INT_GET(leaf->hdr.count, ARCH_CONVERT))",1,1,2
pmd_trans_huge(*pmdp),2,0,2
dev == local->apdev,1,1,2
"!dl && !(dentry->d_flags & DCACHE_DISCONNECTED), ""dentry: %.*s\n"", dentry->d_name.len, dentry->d_name.name",1,1,2
reg_size != 1,2,0,2
!timer->io_base,1,1,2
cgrp->subsys[ss->subsys_id],1,1,2
current != &init_task && *(end_of_stack(current)) != STACK_END_MAGIC,1,1,2
di,2,0,2
unit_size < static_size + reserved_size + (dyn_size >= 0 ? dyn_size : 0),1,1,2
"lustre_msg_buf(req->rq_reqbuf, 1, 0) == req->rq_reqmsg",1,1,2
path[depth].p_ext > EXT_MAX_EXTENT(path[depth].p_hdr),1,1,2
passed_handle->k_handle,1,1,2
(sizeof(fi->newareas)*8) != NUM_HIGH_AREAS,1,1,2
!udqhint || type == XFS_DQ_GROUP || type == XFS_DQ_PROJ,1,1,2
"altsd->bAlternateSetting == fmt->altsetting, return -EINVAL",1,1,2
chain->free_count < count,1,1,2
!VN_MAPPED(VFS_I(ip)),1,1,2
(lower >= 1) && (lower <= tipc_max_nodes),1,1,2
bus->state != MDIOBUS_RELEASED,1,1,2
virt_addr_valid(ioreq),2,0,2
i >= nseg,1,1,2
!pRCB->Ref,1,1,2
sp == NULL,1,1,2
rcu_dereference(nf_nat_sip_hook),1,1,2
rv != 0,1,1,2
!data->sg->length,2,0,2
mddev->chunk_sectors << 9 != mddev->new_chunk,1,1,2
recddq,1,1,2
"dev_priv, pipe, HDMIB",1,1,2
node_sub->node,1,1,2
create_and_start_worker(pool) < 0,1,1,2
len > head->iov_len,1,1,2
B43_TAB_NOISESCALEG_SIZE != ARRAY_SIZE(b43_tab_noisescaleg3),1,1,2
!trim || ((mval->br_startoff + mval->br_blockcount) <= end),1,1,2
"access <= SNDRV_PCM_ACCESS_LAST, return NULL",1,1,2
waitqueue_active(&li->wq),1,1,2
start < PFN_DOWN(bdata->node_boot_start),1,1,2
band > 1,1,1,2
ret != (len & ~(bsize - 1)),1,1,2
vp->v_vfsp->vfs_flag & VFS_DMI,1,1,2
"offsetof(struct batadv_unicast_tvlv_packet, dst) != 4",1,1,2
db->count >= db->fragSize,1,1,2
bpos > pcmp->dma_size,2,0,2
flush == 0,1,1,2
tty->driver_data,1,1,2
log->l_covered_state == XLOG_STATE_COVER_NEED2,1,1,2
skb->nfctinfo == IP_CT_RELATED || skb->nfctinfo == IP_CT_RELATED+IP_CT_IS_REPLY,1,1,2
kn,2,0,2
i > 5 || i + n > 6,2,0,2
port >= ARRAY_SIZE(omap_uart),1,1,2
ins->objectid >= search_end,1,1,2
"rcu_is_watching(), ""rcu_read_unlock() used illegally while idle""",1,1,2
!wm8350_codec,1,1,2
lov->lo_lsm == NULL,2,0,2
atomic_read(&cm_node->ref_count) == 1,1,1,2
!(descr->data_status & (1 << GELIC_NET_TXDESC_TAIL)),1,1,2
t84h->len > PCICA_MAX_RESPONSE_SIZE,1,1,2
"(SV_ADCMULT % 512) == 0, return -EINVAL",1,1,2
path_root_access(dest) != path_root_access(src),2,0,2
"""wrong refcnt"", mg->refcnt, 1",1,1,2
"(xfs_iext_get_ext(ifp, 0) == NULL) || (ifp->if_bytes > 0)",1,1,2
!host->bus_ops->resume,1,1,2
i != obj->base.size / PAGE_SIZE,1,1,2
(freeseen & (1 << i)) == 0,1,1,2
args.agno < args.mp->m_sb.sb_agcount,1,1,2
task_detached(leader),1,1,2
from_tnr - cnr + i - from == mx+1,1,1,2
ring->stopped,1,1,2
"NULL, filter",2,0,2
sd->intr_handler_arg,1,1,2
operation != (REQ_FLUSH | REQ_FUA),1,1,2
nent > send->s_page_list->max_page_list_len,1,1,2
sbio->page_count > SCRUB_PAGES_PER_BIO,1,1,2
mpic->hwirq_bitmap,1,1,2
"false, (""%s : ieee80211 alloc failed\n"", __func__)",1,1,2
tunnel->version != L2TP_HDR_VER_2,1,1,2
work_done > budget,1,1,2
mgr_attrts->max_channels == CHNL_MAXCHANNELS,1,1,2
!source_p->source || !sink_p->sink,1,1,2
realloc_list.next,1,1,2
"memcmp((void *)entry->code, default_nop, 5) != 0",1,1,2
ip == NULL,1,1,2
(args->index == be16_to_cpu(hdr->count)-1) || (be32_to_cpu(entry->hashval) <= be32_to_cpu((entry+1)->hashval)),1,1,2
error || (dip != NULL),1,1,2
Driver->OnSend,1,1,2
!kv || !dir || dir->key.type != CSR1212_KV_TYPE_DIRECTORY,1,1,2
is_zero_pfn(page_to_pfn(page)),1,1,2
tcp_mtask->xmstate != XMSTATE_VALUE_IDLE,1,1,2
(gfn & mask) != (pfn & mask),2,0,2
pb->pb_bn == XFS_BUF_DADDR_NULL,1,1,2
unregister_inetaddr_notifier(&qeth_l3_ip_notifier),1,1,2
pageidx < rdpg->rp_npages,1,1,2
nr_keys <= ARRAY_SIZE(bcm->key),1,1,2
dentry->d_name.name != dentry->d_iname || !hlist_unhashed(&dentry->d_alias) || !d_unlinked(dentry),1,1,2
"spec->num_init_verbs < ARRAY_SIZE(spec->init_verbs), break",1,1,2
"!lock_is_held(&rcu_lock_map), ""Illegal context switch in RCU read-side "" ""critical section""",1,1,2
TKIP_MIC_SIZE == (2 * sizeof(uint32)),1,1,2
cohc->pending_irqs == 0,1,1,2
nf_conntrack_event_cb != new,1,1,2
!pvoice,2,0,2
"dma_size <= DMA_BUF_SIZE, ",1,1,2
mdev->ldev->md.uuid[UI_BITMAP] == 0,1,1,2
ndev == 0,1,1,2
"!(lock_flags & XFS_ILOCK_EXCL) || (ismrlocked(&ip->i_lock, MR_UPDATE))",1,1,2
sizeof(struct sxg_ucode_regs) == SXG_REGISTER_SIZE_PER_CPU,1,1,2
page->cp_owner != NULL,2,0,2
le32_to_cpu(oext->ee_block) + oext_alen - 1 < new_ext_end,1,1,2
" 1 <= CNV_END_SHORT(supp->variant) && CNV_END_SHORT(supp->variant) <= 99, supp->variant ",1,1,2
"sdp, ul->ul_count == 1",1,1,2
"if (ret < 0) { printk(""jffs_erasable_size: flash_erasable_size() "" ""returned something less than zero (%ld).\n"", ret); printk(""jffs_erasable_size: offset = 0x%08x\n"", fmc->head->offset); }",1,1,2
nfs_have_writebacks(inode),1,1,2
ll < rl2->vcn,2,0,2
bp->b_bn == XFS_BUF_DADDR_NULL,1,1,2
pte_val(*ptep) != pte_val(pte),1,1,2
page->pmd_huge_pte,1,1,2
priv->inflight == NULL,1,1,2
buf->lb_buf == NULL,1,1,2
size == getpagesize() || (before - after) == NUM_PAGES,2,0,2
"!(inb((int)ch->board->port) & FEPMEM), ""Memory on""",1,1,2
ppos > depth,1,1,2
(start_pfn) & (pageblock_nr_pages - 1),2,0,2
!dev || dev->bus != &pci_bus_type || !dev->dma_mask,1,1,2
save_blk->magic == be16_to_cpu(save_info->magic),1,1,2
inverted == NULL,1,1,2
wport->swbuf != NULL,1,1,2
"sd, cpu, level",1,1,2
getOpMode(o) == iABx || getOpMode(o) == iAsBx,1,1,2
!(iip->ili_format.ilf_fields & (XFS_ILOG_DBROOT | XFS_ILOG_DEXT | XFS_ILOG_DDATA | XFS_ILOG_UUID)),1,1,2
whence == SEEK_DATA,2,0,2
last_bit != -1,1,1,2
scmnd->scsi_done == NULL,1,1,2
!host->bus_ops,1,1,2
"boot->size > 0, return -EINVAL",1,1,2
rsp_sga_cbfn != NULL,1,1,2
rs->rs_bi != bi,1,1,2
pMgrAttrs->max_channels == CHNL_MAXCHANNELS,1,1,2
"mvebu_mbus_init(""marvell,kirkwood-mbus"", BRIDGE_WINS_BASE, BRIDGE_WINS_SZ, DDR_WINDOW_CPU_BASE, DDR_WINDOW_CPU_SZ)",1,1,2
offset >= mapping->size,2,0,2
" DO_ASSERT, MERGE_2( ((hcf_16*)actp)[i], ((hcf_16*)actp)[i+1] ) ",1,1,2
"(HPI_SOURCENODE_LAST_INDEX - HPI_SOURCENODE_BASE + 1) == (12), sourcenode_strings_match_defs",1,1,2
"(!(iip->ili_inode->i_itemp->ili_flags & XFS_ILI_IOLOCKED_SHARED)) || ismrlocked(&(iip->ili_inode->i_iolock), MR_ACCESS)",1,1,2
!xp,1,1,2
(len & ~PAGE_MASK) != 0,2,0,2
!system_wq || !system_long_wq || !system_nrt_wq || !system_unbound_wq || !system_freezable_wq,1,1,2
__GFP_HIGH != ALLOC_HIGH,1,1,2
ARRAY_SIZE(idx2opp) + 1 != ARRAY_SIZE(freq_table),1,1,2
aport->hw_fragcount >= MIN_FRAGCOUNT(aport->hw_fragsize),1,1,2
msg->out_len > EC_PROTO2_MAX_PARAM_SIZE,1,1,2
atomic_read(&tg->ref) <= 0,1,1,2
ubi_devices_cnt >= 0,1,1,2
var_id < 0 || var_id >= MAXVARS,2,0,2
vol->mft_ino->i_size > mft_ni->allocated_size,1,1,2
!atomic_read(&cfqq->ref),1,1,2
btrfs_is_free_space_inode(inode),1,1,2
net_cat_len > 30,1,1,2
ah == NULL,1,1,2
slabp->inuse >= cachep->num,1,1,2
!newcg,1,1,2
re->event != event,1,1,2
!req || req->rl_reply,1,1,2
atomic_read(&ctx->cc_refcount),1,1,2
is_vm_hugetlb_page(vma),1,1,2
!dev->pending_io,1,1,2
channel < 0 || channel > 7,2,0,2
device->state.pdsk == D_UNKNOWN,1,1,2
td->mode > DFLL_CLOSED_LOOP,2,0,2
((long)(start - end)) > 0,1,1,2
dbasep == NULL,1,1,2
lv->lv_item->li_lv || list_empty(&lv->lv_item->li_cil),1,1,2
current->journal_info == desc_private,1,1,2
2 == logitem->qli_item.li_desc->lid_size,1,1,2
mm->context.asce_limit != (1UL << 42),2,0,2
!is_bad_inode(dent_inode),1,1,2
cur->bc_nlevels < XFS_AG_MAXLEVELS(mp),1,1,2
gss_msg->msg.len > UPCALL_BUF_LEN,1,1,2
((csize + cpoff) <= PAGE_CACHE_SIZE),1,1,2
"(!(lock_flags & XFS_IOLOCK_EXCL)) || ismrlocked(&ip->i_iolock, MR_UPDATE)",1,1,2
k > ZONE_NORMAL,1,1,2
fn == NULL,1,1,2
whch >= (oreq)->r_num_ops,1,1,2
status == VCHIQ_RETRY,2,0,2
(requested_address - base_address) >= request->request_alloc_size,1,1,2
(skb->nh.iph->frag_off & htons(IP_OFFSET)) == 0,1,1,2
msg->nr_pages < want,1,1,2
csa->use_big_pages != (psize == MMU_PAGE_64K),1,1,2
data->blksz > host->max_block,1,1,2
qc->dev->multi_count,1,1,2
s->writeback,1,1,2
!(iip->ili_format.ilf_fields & (XFS_ILOG_ADATA | XFS_ILOG_ABROOT | XFS_ILOG_AEXT)),1,1,2
!mutex_is_locked(&cont->dentry->d_inode->i_mutex),1,1,2
ref_flags(ref->node) != REF_UNCHECKED,1,1,2
p->state == EXIT_DEAD,1,1,2
"hexfreq > 0x00000200, return 0",1,1,2
sppp_of(dev) != sp,1,1,2
niomaps && *niomaps == 1,1,1,2
!mutex_is_locked(&current->signal->cred_guard_mutex),2,0,2
(probe >= 0) && ((!leaf->hdr.count) || (probe < be16_to_cpu(leaf->hdr.count))),1,1,2
oti,2,0,2
doff < DHD_SDALIGN,1,1,2
!pmd_none(*pmd) || !pte,1,1,2
"phy, val",1,1,2
get_desc_ctl(ring->vbase + slot) & BCM43xx_DMADTOR_FRAMESTART,1,1,2
udqhint,1,1,2
!isci_host,1,1,2
blk2->magic == XFS_DIR_LEAF_MAGIC,1,1,2
atomic_read(&state->count) != 1,1,1,2
offset + length <= PAGE_CACHE_SIZE,1,1,2
stat == 1,1,1,2
page_get_page_cgroup(page),1,1,2
is_fstree(oper->ref_root),1,1,2
ip->i_size == ip->i_mount->m_sb.sb_blocksize,1,1,2
!bau_tabp->msg_statuses,1,1,2
"(l_fb_info != NULL), ""pm3fb_info* not NULL""",1,1,2
align > sa_manager->align,2,0,2
PHYSADDRHI(di->txdpaorig) == 0,1,1,2
(flags & (XFS_PROJ_QUOTA|XFS_USER_QUOTA|XFS_GROUP_QUOTA)) != 0,1,1,2
!kpte,1,1,2
!tm || !tm->elem.seq,1,1,2
pte_dirty(pteval),1,1,2
nblks <= da_old,1,1,2
port & 1,2,0,2
(pool),1,1,2
be32_to_cpu(p->ar_startblock) + be32_to_cpu(p->ar_blockcount) <= be32_to_cpu(agf->agf_length),1,1,2
REQPTIME(reqp) <= REQTIMESTAMP(),1,1,2
atomic_read(&set->set_remaining) == 0,2,0,2
&cfg80211_mutex,1,1,2
parent->blockptrs[parent_slot] != btrfs_header_blocknr(&leaf->header),1,1,2
be32_to_cpu(k1->ar_startblock) < be32_to_cpu(k2->ar_startblock),1,1,2
fd[i][counter][thread_index] >= 0,1,1,2
ti->frequency == 0 || ti->mask == 0,1,1,2
sizeof(b) != 5,1,1,2
"spec->stream_analog_playback, return -EINVAL",1,1,2
atomic_read(&key->usage) > 0,1,1,2
PageLRU(page) || PageActive(page),1,1,2
be32_to_cpu(agi->agi_unlinked[bucket_index]) != NULLAGINO,1,1,2
rqstp->rq_arg.len != byte_count,1,1,2
!csr || !csr->ops || !csr->ops->allocate_addr_range || !csr->ops->release_addr || csr->max_rom < 1,1,1,2
!list_empty(&_pages_jobs),1,1,2
atomic_long_read(&n->nr_slabs),1,1,2
((perms) >> 6) < (((perms) >> 3) & 7),1,1,2
p->verify_alg[SHARED_SECRET_MAX-1] == 0,1,1,2
netDevice->ReceiveSections == NULL,1,1,2
iomapp->iomap_bn != HOLESTARTBLOCK,1,1,2
(__insn_mfspr(SPR_UDN_DATA_AVAIL) & 0xF) != 0,1,1,2
xs->xattr_bh == xs->inode_bh,1,1,2
(end % HPAGE_SIZE) != 0,1,1,2
"!__test_and_clear_bit(tlabel, tp)",1,1,2
"err, old_dir->i_sb",2,0,2
nr_hash > NR_CAPAHASH,1,1,2
ip->i_itemp == NULL || ip->i_itemp->ili_format.ilf_fields == 0,1,1,2
!migration,1,1,2
buf_size - tcp_conn->data_copied < 0,1,1,2
ref->extents[ext_index].num_bytes != num_bytes,1,1,2
le32_to_cpu(rec->e_int_clusters) == 0,1,1,2
paddr == OF_BAD_ADDR,1,1,2
sge_no > sge_max,1,1,2
!gspca_dev->dev,1,1,2
!!(valid & OBD_MD_FLXATTR) ^ !!(valid & OBD_MD_FLXATTRRM),1,1,2
XFS_DQ_IS_LOGITEM_INITD(dqp),1,1,2
!xs->base || !xe || ocfs2_xattr_is_local(xe),1,1,2
card->dumpbuffer,1,1,2
faulted_in_anon_vma,1,1,2
first == NULL,1,1,2
valusema(&((dqp)->q_flock)) <= 0,1,1,2
"src_format->format == SNDRV_PCM_FORMAT_S16, return -ENXIO",1,1,2
"comp_keys(&leaf->items[i].key, &leaf->items[i+1].key) >= 0",1,1,2
!(attrs = alloc_workqueue_attrs(GFP_KERNEL)),2,0,2
sport->curr_rx_desc == sport->dummy_rx_desc,1,1,2
(item->ri_buf[item_index].i_len % XFS_BLI_CHUNK) == 0,1,1,2
rport || wport,1,1,2
"sdp, state != gl->gl_state",1,1,2
page == head,2,0,2
afscm_usage == 0,1,1,2
((m) >> SP_MBITS) == 0,1,1,2
"substream != NULL || buf != NULL, return -EINVAL",1,1,2
btrfs_root_refs(&root->root_item) != 0,1,1,2
count >= (ssize_t)PAGE_SIZE,1,1,2
(((uintptr_t)buf) & 0x3) || (size & 0x3),2,0,2
(!(lock_flags & XFS_IOLOCK_EXCL)) || (ip->i_itemp->ili_flags & XFS_ILI_IOLOCKED_EXCL),1,1,2
"test_bit(__LC_LOCKED, &device->act_log->flags)",1,1,2
vma->vm_mm != mm,1,1,2
exp->exp_obd,1,1,2
!(lockres->l_flags & USER_LOCK_QUEUED),1,1,2
"osl_pci_read_config(osh, offset, size) == val",1,1,2
m->mo_ops->moo_changelog,1,1,2
weight > 0,2,0,2
context->name_count >= AUDIT_NAMES,1,1,2
bma->gotp->br_state == XFS_EXT_NORM || bma->gotp->br_state == XFS_EXT_UNWRITTEN,1,1,2
reserve_cycle - 1 == write_cycle,1,1,2
iop_chan_is_busy(iop_chan),2,0,2
pcid,1,1,2
source->datalen != spayload->datalen,1,1,2
"list_empty(&r->res_recover_list),",1,1,2
index < dev->limits.num_mgms,2,0,2
!dcbent,1,1,2
MC_CMD_SENSOR_INFO_IN_LEN != 0,1,1,2
"(int)sizeof(struct hsm_attrs) == 24, ""found %lld\n"", (long long)(int)sizeof(struct hsm_attrs)",1,1,2
devices.descpage + devices.desc_used == (u8 *)(dev->desc + 1) + dev->desc->config_len,1,1,2
msg->t.trail,1,1,2
"op->object->state, >=, FSCACHE_OBJECT_AVAILABLE",1,1,2
wss->state != WLP_WSS_STATE_ENROLLED,1,1,2
!list_empty(&dev_priv->gpuobj_list),1,1,2
commit_transaction->t_state == T_COMMIT_RECORD,1,1,2
size >= sizeof(xfs_efd_log_format_t),1,1,2
"earliest, >, now",2,0,2
"INT_GET(rblock->bb_magic, ARCH_CONVERT) == XFS_BMAP_MAGIC",1,1,2
!coherency_wa_buf[i],1,1,2
!list_empty(&osd->o_linger_requests),1,1,2
old_request->status != aborted,1,1,2
ctx->type != XHCI_CTX_TYPE_INPUT,1,1,2
&p->sighand->siglock,1,1,2
efx->vfdi_channel->enabled,1,1,2
np->rx_skbs[new],1,1,2
"(&next_lip->li_ail == &ailp->xa_ail) || (XFS_LSN_CMP(next_lip->li_lsn, lsn) <= 0)",1,1,2
xfs_btree_cur_zone != NULL,1,1,2
reserve_space >= write_space,1,1,2
"!mutex_trylock(&oi->ip_io_mutex), ""Clear inode of %""MLFu64"", io_mutex is locked\n"", oi->ip_blkno",1,1,2
PAGE_SIZE / sizeof(struct shared_msr_entry) < NR_VMX_MSR,1,1,2
priv->stmmac_rst,2,0,2
qc->scsicmd == cmd,1,1,2
"sdp, !sdp->sd_log_num_hdrs",1,1,2
"rhwdep != NULL, return -EINVAL",1,1,2
"obd->obd_magic == OBD_DEVICE_MAGIC, ""%p obd_magic %08x != %08x\n"", obd, obd->obd_magic, OBD_DEVICE_MAGIC",2,0,2
mp->m_inodes == NULL,1,1,2
&event->lock,1,1,2
!ifp->state,1,1,2
"ISALIGNED(nbytes, sizeof(uint32))",1,1,2
"!PageCompound(page), page",2,0,2
"INT_GET(k1->ir_startino, ARCH_CONVERT) < INT_GET(k2->ir_startino, ARCH_CONVERT)",1,1,2
"info != NULL, return;",2,0,2
"pag->pagi_freecount == INT_GET(agi->agi_freecount, ARCH_CONVERT) || XFS_FORCED_SHUTDOWN(mp)",1,1,2
"sample_rate != 0, return -ENXIO",1,1,2
"async_codec_scb_desc, return -EIO",1,1,2
driver->OnReceiveCallback,1,1,2
"list_empty(&pool->prp_req_list) || size == pool->prp_rq_size, ""Trying to change pool size with nonempty pool "" ""from %d to %d bytes\n"", pool->prp_rq_size, size",1,1,2
uiter->i >= 0 && uiter->i < ulist->nnodes,1,1,2
frag->sk,2,0,2
"INT_GET(*XFS_DIR2_DATA_UNUSED_TAG_P(dup), ARCH_CONVERT) == (char *)dup - (char *)d",1,1,2
len > PPC440SPE_ADMA_XOR_MAX_BYTE_COUNT,2,0,2
&pdev->dev,1,1,2
hlist_unhashed(&crq->hash),1,1,2
!dl_task(p),2,0,2
bcm->noisecalc.calculation_running,1,1,2
"sbi, ni.blk_addr == NULL_ADDR",2,0,2
page->lru.next->prev != &page->lru,1,1,2
sge_no > rdma->sc_max_sge,1,1,2
vfsmount_mark,2,0,2
sii->gpioh_head != NULL,1,1,2
iv == NULL,1,1,2
sizeof(struct mdt_rec_reint) == sizeof(struct mdt_rec_create),2,0,2
skb_tail_pointer(sarb) + ATM_CELL_PAYLOAD <= sarb->end,1,1,2
"dev_priv, to_intel_crtc(crtc)->shared_dpll, to_intel_crtc(crtc)",1,1,2
iip->ili_format.ilf_fields & XFS_ILOG_AEXT,1,1,2
(be16_to_cpu(leaf1->hdr.info.magic) == XFS_ATTR_LEAF_MAGIC) && (be16_to_cpu(leaf2->hdr.info.magic) == XFS_ATTR_LEAF_MAGIC),1,1,2
!(dp->i_mount->m_flags & XFS_MOUNT_COMPAT_ATTR),1,1,2
B43_TAB_NOISESCALEG_SIZE != ARRAY_SIZE(b43_tab_noisescaleg1),1,1,2
!service || (service->ref_count == 0),2,0,2
npo.meta_prod > ARRAY_SIZE(netbk->meta),1,1,2
vdso32_pagelist == NULL,2,0,2
!em || IS_ERR(em),1,1,2
gss_msg == NULL,1,1,2
msg->out_len > EC_HOST_PARAM_SIZE,1,1,2
logical >= rbio->raid_map[0],1,1,2
"false, ""rtlbe_hal_pwrseqcmdparsing(): "" ""Unknown CMD!!\n""",1,1,2
MODULES_VADDR-KERNEL_IMAGE_START < KERNEL_IMAGE_SIZE,1,1,2
!list_empty(&port->phy_list),2,0,2
dn.data_blkaddr == NULL_ADDR,1,1,2
node->free,1,1,2
"__packet_get_status(po, ph) != TP_STATUS_SENDING",1,1,2
!(avail_space % stride),1,1,2
"!pskb_may_pull(skb, 2)",1,1,2
ret == true,1,1,2
dent->ch.sqnum > ubifs_inode(dir)->creat_sqnum,1,1,2
mtrr2protval[i] == MTRR2PROTVAL_INVALID,1,1,2
s->ctor || s->dtor,1,1,2
len < sizeof(struct xfs_trans_header),1,1,2
item->ip == pip,1,1,2
nfrozen != ntotal,1,1,2
!msg->bio_iter,1,1,2
(vp - base) <= MAXSZ_NVRAM_VARS,1,1,2
__macvtap_disable_queue(q),1,1,2
p->ptrace,1,1,2
(page->flags & PG_head_tail_mask) != (1 << PG_compound),1,1,2
&cachep->nodelists[node]->list_lock,1,1,2
!req->rq_ctx_init && !req->rq_ctx_fini,1,1,2
(nvecs == 1) || (nvecs == __HFN_NUMINTS),1,1,2
sk->sk_state != TCP_ESTABLISHED,2,0,2
(data->flags & BOTH_DIR) == BOTH_DIR,2,0,2
RcvDataBufferHdr->State == SXG_BUFFER_ONCARD,1,1,2
len & 3,1,1,2
"r->res_nodeid == -1, dlm_dump_rsb(r);",1,1,2
hpi_entity_size(entity) != 0,1,1,2
master_key->size != EXT4_AES_256_XTS_KEY_SIZE,1,1,2
"cpcm->name, return -EINVAL",1,1,2
"device, list_empty(&device->go_diskless.list)",1,1,2
len <= BRCMF_C_IOCTL_MAXLEN,1,1,2
"&next_lip->li_ail == &ailp->xa_ail || XFS_LSN_CMP(next_lip->li_lsn, lsn) <= 0",1,1,2
page_offset >= PAGE_SIZE,1,1,2
request_data_size > (size_t) U32_MAX,1,1,2
"IS_ALIGNED((unsigned long)PKTDATA(pkt), 2)",1,1,2
!vol->updating && !vol->changing_leb,2,0,2
bio->bi_size == 0,1,1,2
"rgd->rd_sbd, blk != BFITNOENT",1,1,2
config->hpd_clk_cnt > ARRAY_SIZE(hdmi->hpd_clks),1,1,2
word < 1 || word > rt2x00dev->ops->rf_size / sizeof(u32),2,0,2
!is_multicast_ether_addr(h->a1.octet),1,1,2
proto != NULL,1,1,2
!free->hdr.firstdb,1,1,2
log->l_grant_reserve_bytes >= log->l_grant_write_bytes,1,1,2
align > SMP_CACHE_BYTES,1,1,2
atomic_long_read(&ioc->refcount) == 0,1,1,2
!fe->id2.i_list.l_tree_depth,1,1,2
*page_offset + cursor->resid > PAGE_SIZE,1,1,2
page_count(pagevec[i]) != 1,1,1,2
!list_empty(&wq->flusher_overflow) && wq->flush_color != work_next_color(wq->work_color),1,1,2
cee != NULL,1,1,2
nr_cpus + cpu - prev - 1 < MAX_NR_CPUS,1,1,2
"dma != NULL, return NULL",1,1,2
!ss->css_free,1,1,2
obj->gtt_space != I915_GTT_RESERVED,1,1,2
shp==NULL,1,1,2
obj->write_domain & I915_GEM_GPU_DOMAINS,1,1,2
leaf_d->hdr.info.magic == cpu_to_be16(XFS_ATTR_LEAF_MAGIC),1,1,2
list_empty(&w->sources) || list_empty(&w->sinks),1,1,2
"env, pg, pg->cp_req == NULL",2,0,2
"atomic_read(&op->n_pages), ==, 0",1,1,2
file && to == NULL,1,1,2
!((itype >= 0) && (itype < 8)),1,1,2
PageHighmem(page),1,1,2
mdev->ldev == NULL,1,1,2
free > BLK_RING_SIZE,1,1,2
"!cpumask_test_cpu(cpu, cptab->ctb_cpumask)",2,0,2
m->mo_ops->moo_open,1,1,2
lp->qli_dquot == dqp,1,1,2
(offset & I915_GTT_RESERVED) != 0,1,1,2
length > NFS2_MAXNAMLEN,1,1,2
"cgroup_css(cgrp, ss) != cgroup_css(cgroup_dummy_top, ss)",1,1,2
!obj->data,1,1,2
"mixer != NULL, return -ENXIO",1,1,2
kb->kb_tfm,1,1,2
"!insert_lock(op, b)",1,1,2
list_empty(&ds->ds_addrs),1,1,2
scsi_bufflen(ctask->sc) == 0,1,1,2
mm->num_unused != 0,1,1,2
"!list_empty(&sh->lru) && !test_bit(STRIPE_EXPANDING, &sh->state) && !test_bit(STRIPE_ON_UNPLUG_LIST, &sh->state) && !test_bit(STRIPE_ON_RELEASE_LIST, &sh->state)",1,1,2
!kn->s_parent,1,1,2
"false, ""rtl88_hal_pwrseqcmdparsing(): Unknown CMD!!\n""",1,1,2
"!b->keys.nsets && t->size < bkey_to_cacheline(t, bset_bkey_last(t->data))",1,1,2
"ISALIGNED((uintptr) frame, 2)",1,1,2
nr_pages > PTRS_PER_PTE,1,1,2
"INT_GET(map->size, ARCH_CONVERT) >= XFS_DIR_LEAF_ENTSIZE_BYNAME(args->namelen)",1,1,2
XFS_AGI_GOOD_VERSION(be32_to_cpu(agip->agi_versionnum)),1,1,2
bidx < 0 || bidx >= QDIO_MAX_BUFFERS_PER_Q,1,1,2
clli->cfg_sb != NULL,1,1,2
gcwq->flags & GCWQ_FREEZING,1,1,2
new_ctx->pwd,1,1,2
"cell, return -EINVAL",1,1,2
"(int)offsetof(struct som_attrs, som_size) == 16, ""found %lld\n"", (long long)(int)offsetof(struct som_attrs, som_size)",1,1,2
!have_vcpu_info_placement,1,1,2
!trans->delayed_ref_elem.seq,1,1,2
shift & ~(SZ_64 - 1),2,0,2
*(unsigned long *)nid >= MAX_NUMNODES,1,1,2
ii->ii_count == 0,1,1,2
cplb.switch_i.size <= cplb.switch_i.pos,1,1,2
p->mo_dir_ops->mdo_rename_tgt,1,1,2
page_pools.epp_total_pages+npages <= page_pools.epp_max_pages,1,1,2
"INT_GET(rblock->bb_leftsib, ARCH_CONVERT) == NULLDFSBNO",1,1,2
list_empty(page_list),1,1,2
mdev->net_conf->wire_protocol == DRBD_PROT_B,1,1,2
from == mem,1,1,2
irq > TBID_SIGNUM_MAX,2,0,2
msg2->msg_tx_delayed,2,0,2
!urb_qtd,2,0,2
PKMAP_BASE + LAST_PKMAP * PAGE_SIZE > PAGE_OFFSET,2,0,2
sizeof(dtd->part1) != 8,2,0,2
oconn == C_WF_REPORT_PARAMS,1,1,2
"INT_GET(tmp_info->forw, ARCH_CONVERT) == old_blk->blkno",1,1,2
IS_ERR(reloc_inode),1,1,2
!v9inode->fscache,2,0,2
!is_long_mode(vcpu) && is_pae(vcpu),1,1,2
"btrfs_node_blockptr(parent, parent_slot) != btrfs_header_blocknr(leaf)",1,1,2
k >= num_pages && left,1,1,2
uctx && sk,1,1,2
"INT_GET(free->hdr.firstdb, ARCH_CONVERT) <= curdb",1,1,2
len > bio->bi_iter.bi_size,1,1,2
ep->mpa_skb == NULL,1,1,2
tid->tx_buf[i] == NULL,1,1,2
mode > 4,1,1,2
EDMA_EN & readl(port_mmio + EDMA_CMD_OFS),1,1,2
nilfs_checkpoint_snapshot(cp),1,1,2
status == A_OK || status == A_ECANCELED,1,1,2
 NULL != pContext ,1,1,2
(ifp->if_u1.if_extents == NULL) || (ifp->if_bytes > 0),1,1,2
" (scb->sub_list_ptr == ins->the_null_scb && scb->next_scb_ptr == ins->the_null_scb), goto _end",1,1,2
!list_empty(&sh_chan->ld_queue),1,1,2
pll == NULL,1,1,2
"INT_GET(ablock->bb_numrecs, ARCH_CONVERT) == XFS_IFORK_NEXTENTS(ip, whichfork)",1,1,2
pAdapter->TxRing.nBusySend <= NUM_TCB,1,1,2
offset + (sfp->count + 2) * (uint)sizeof(xfs_dir2_leaf_entry_t) + (uint)sizeof(xfs_dir2_block_tail_t) <= dp->i_mount->m_dirblksize,1,1,2
srom != NULL,1,1,2
"size >= 0, return -EINVAL",1,1,2
"skb_flow_dissector_uses_key(flow_dissector, key->key_id)",1,1,2
"memcmp(dev->wd_data, heci_stop_wd_params, HECI_WD_PARAMS_SIZE)",1,1,2
"bind_irq_vector(irq, vec)",1,1,2
state > 3,1,1,2
seqno == dev_priv->next_seqno,1,1,2
!expires || expires > VTIMER_MAX_SLICE,1,1,2
addr < bdata->node_boot_start,1,1,2
"rcu_read_lock_held() || lockdep_is_held(&cgroup_mutex), ""cgroup_from_id() needs proper protection""",1,1,2
(bhp)->bh_first,1,1,2
kian,1,1,2
lock->l_resource->lr_type != LDLM_FLOCK,2,0,2
"GFS2_SB(inode), (di->di_mode & S_IFMT) == (inode->i_mode & S_IFMT)",1,1,2
target_bio_nr >= sc->stripes,2,0,2
(nid >= NM_I(sbi)->max_nid),1,1,2
i2c_dev->rst,2,0,2
be32_to_cpu(agip->agi_seqno) == agno,1,1,2
RB_EMPTY_ROOT(&ad->sort_list[REQ_SYNC]),1,1,2
task->tk_callback != NULL,1,1,2
(skb->len - skb->data_len) <= PAGE_SIZE,1,1,2
list_empty(&h->coh_locks),1,1,2
lockres->l_level != LKM_EXMODE && lockres->l_level != LKM_PRMODE,1,1,2
td->nr_queued[rw] <= 0,1,1,2
!swap_index,1,1,2
!dev->ats,1,1,2
"device, current != first_peer_device(device)->connection->worker.task",2,0,2
fl->fl_start > NLM_OFFSET_MAX,1,1,2
"args->inumber != INT_GET(dep->inumber, ARCH_CONVERT)",1,1,2
c3cn->cdev != cdev,1,1,2
sizeof(struct dot11_bar) == DOT11_BAR_LEN,1,1,2
!vreg_sdslot,1,1,2
&ocapa->c_list != before,1,1,2
(ip->i_df.if_bytes / (uint)sizeof(xfs_bmbt_rec_t)) > 0,1,1,2
"sdp, d + 1 == sdp->sd_log_blks_reserved",1,1,2
!map->format.format_write,1,1,2
(int)(fs->bl == NULL),1,1,2
dfp == &d->hdr.bestfree[2],1,1,2
n->gro_list,1,1,2
hlist_unhashed(&ct->tuplehash[IP_CT_DIR_ORIGINAL].hnode),1,1,2
"!rcu_is_cpu_idle(), ""rcu_read_lock_sched() used illegally while idle""",1,1,2
"ptr + chip->work_size == chip->work_ptr.area + chip->work_ptr.bytes, ",1,1,2
(fields & (XFS_DI_U|XFS_DI_A)) == 0,1,1,2
page_mapcount(src_page) != 1,1,1,2
!mutex_is_locked(&md->type_lock),2,0,2
!victim_name,1,1,2
i915_gem_request_get_ring( from->legacy_hw_ctx.rcs_state->last_read_req) != ring,1,1,2
num_registers > US_IOBUF_SIZE/2,2,0,2
addr & (~PAGE_MASK_4K),1,1,2
iomapp->iomap_bn != DELAYSTARTBLOCK,1,1,2
"fifo != NULL, return",1,1,2
iMode,1,1,2
"!__same_type(*(p), bool) && !__same_type(*(p), unsigned int) && !__same_type(*(p), int)",1,1,2
!capa_cachep,1,1,2
"arg != NULL && emu != NULL, return -ENXIO",1,1,2
!bcm43xx_using_pio(bcm),1,1,2
"(subdevice_id & 0xfff0) == INDIGO, return -ENODEV",1,1,2
p + n > RV_PHYS,1,1,2
vb->free || !list_empty(&vb->free_list),1,1,2
"device, list_empty(&device->sync_ee)",2,0,2
"INT_GET(info->magic, ARCH_CONVERT) == XFS_DA_NODE_MAGIC || INT_GET(info->magic, ARCH_CONVERT) == XFS_DIRX_LEAF_MAGIC(state->mp) || INT_GET(info->magic, ARCH_CONVERT) == XFS_ATTR_LEAF_MAGIC",1,1,2
skb_shinfo(skb)->frag_list == NULL,1,1,2
sport->dummy_rx_desc == NULL,1,1,2
skb->list != NULL,1,1,2
pdu->size > P9_IOHDRSZ,1,1,2
kctx->kc_keye.kb_tfm == NULL || ke->ke_conf_size >= ll_crypto_blkcipher_blocksize(kctx->kc_keye.kb_tfm),1,1,2
"list_empty(&r->res_grantqueue),",1,1,2
iip->ili_format.ilf_fields & XFS_ILOG_DEXT,1,1,2
!buffer_dirty(right_buffer),1,1,2
clk_src != DSS_SRC_DSI2_PLL_FCLK && clk_src != DSS_SRC_DSS1_ALWON_FCLK,1,1,2
cplb.switch_i.size < cplb.switch_i.pos,1,1,2
"HPI_OBJ_MAXINDEX == 14, obj_list_doesnt_match",1,1,2
!hugepd_none(*hpdp) && !hugepd_ok(*hpdp),2,0,2
uctx && sid,1,1,2
!srv,1,1,2
dead_info->magic == cpu_to_be16(XFS_DA_NODE_MAGIC),1,1,2
"rcu_read_lock_sched_held() || lockdep_is_held(&wq->mutex) || lockdep_is_held(&wq_pool_mutex), ""sched RCU, wq->mutex or wq_pool_mutex should be held""",1,1,2
"channel < num_busses_out(chip), return -EINVAL",1,1,2
err <= 0,1,1,2
0 != err,1,1,2
!map->bus || !map->format.format_write,1,1,2
device->tconn == tconn,1,1,2
sizeof(srpc_stat_reqst_t) == 28,1,1,2
"htab_bolt_mapping(start, end, __pa(start), PAGE_KERNEL, mmu_linear_psize, mmu_kernel_ssize)",1,1,2
!(lustre_msg_get_flags(req->rq_reqmsg) & MSG_REPLAY),1,1,2
flags & ~(SLAB_DMA | GFP_LEVEL_MASK | __GFP_NO_GROW),1,1,2
!is_power_of_2(size),1,1,2
sizeof(*PACKET_SKB_CB(skb)) + MAX_ADDR_LEN - 8 > sizeof(skb->cb),1,1,2
ctx->skb == NULL,1,1,2
m->count == 0,1,1,2
cm_id->context,2,0,2
c2,1,1,2
cmd != NULL,1,1,2
malloc_sizes[INDEX_AC].cs_cachep == NULL,1,1,2
wport->hwbuf != NULL,1,1,2
idev->working_request == NULL,2,0,2
"periods >= 2, return -EINVAL",1,1,2
mech->gm_ops->gss_delete_sec_context,1,1,2
"INT_GET(leaf_d->hdr.info.magic, ARCH_CONVERT) == XFS_ATTR_LEAF_MAGIC",1,1,2
"lockres->l_requested == LKM_IVMODE, ""Lockres %s, requested ivmode. flags 0x%x\n"", lockres->l_name, lockres->l_flags",1,1,2
pip->i_d.di_mode & S_IFDIR,1,1,2
!(entry->msg.address_hi | entry->msg.address_lo | entry->msg.data),1,1,2
sizeof(SXG_X64_SGE) == sizeof(SCATTER_GATHER_ELEMENT),1,1,2
lseg,1,1,2
mask == 0xFF || mask == 0xFFFF || mask == 0xFFFFFFFF,2,0,2
"""wrong time"", !(PERF_SAMPLE_TIME & evsel->attr.sample_type)",2,0,2
size > SIZE_MAX_STATUS,1,1,2
host->clk_requests > 0,1,1,2
"IS_ALIGNED((uintptr) di->rxd64, align)",1,1,2
!target_device,1,1,2
rbd_dev->id < 1,1,1,2
!rgmii || rgmii->users == 0,1,1,2
mp->tx_ring_skbs == 0,1,1,2
host->size > 0x10000,1,1,2
!is_bad_inode(found->d_inode),1,1,2
val & INETPEER_BASE_BIT,1,1,2
ticket == NULL,1,1,2
"rac97 != NULL, return -EINVAL",1,1,2
tmpbuffer2,1,1,2
b->written && bch_count_data(b) != oldsize,1,1,2
new_entries & (new_entries - 1),1,1,2
" actq->variant[act_endian] <= 99, i<<8 | actq->variant[act_endian] ",1,1,2
list_empty(&req->w.list),1,1,2
state->path.blk[max].magic == XFS_ATTR_LEAF_MAGIC || state->path.blk[max].magic == XFS_DIRX_LEAF_MAGIC(state->mp),1,1,2
"sdp, !get_gl2ip(i_gh.gh_gl)",1,1,2
"INT_GET(d->d_ino_softlimit, ARCH_CONVERT) <= INT_GET(d->d_ino_hardlimit, ARCH_CONVERT)",1,1,2
r != num_bufs,1,1,2
"lustre_msg_get_transno(req->rq_reqmsg) == lustre_msg_get_transno(req->rq_repmsg) || lustre_msg_get_transno(req->rq_repmsg) == 0, LPX64""/""LPX64""\n"", lustre_msg_get_transno(req->rq_reqmsg), lustre_msg_get_transno(req->rq_repmsg)",1,1,2
req->rq_set == NULL,2,0,2
device->state.disk == D_FAILED,1,1,2
snap && snap->id == CEPH_NOSNAP,1,1,2
reg1 == 0,1,1,2
be64_to_cpu(d->d_bcount) >= (xfs_qcnt_t) -totalbdelta,1,1,2
sizeof(struct tomoyo_page_buffer) <= TOMOYO_MAX_PATHNAME_LEN - 1,1,1,2
!sess,2,0,2
!khelper_wq,1,1,2
arc_pmu->n_counters > ARC_PMU_MAX_HWEVENTS,1,1,2
meminfo.nr_banks < 1,1,1,2
req->mod_dent <= 1,2,0,2
IS_ERR(prima2_clks[i]),1,1,2
it->cache != net->ipv4.mfc_cache_array,1,1,2
"!(pc->flags & PCG_MEMSW), page",1,1,2
lhpte.dw0.dw0.v,1,1,2
"""wrong refcnt"", mg->refcnt, 2",1,1,2
len >= UBIFS_CH_SZ,2,0,2
path[i].p_hdr->eh_magic != EXT4_EXT_MAGIC,1,1,2
addr != NULL || cmd == Q_XQUOTASYNC,1,1,2
(uintptr) cc,1,1,2
!(iip->ili_format.ilf_fields & (XFS_ILOG_DBROOT | XFS_ILOG_DEXT | XFS_ILOG_DDATA | XFS_ILOG_DEV)),1,1,2
cpu >= num_possible_cpus(),1,1,2
lnum != c->ltail_lnum,1,1,2
"htab_bolt_mapping(base, base + size, __pa(base), tprot, mmu_linear_psize, mmu_kernel_ssize)",1,1,2
"fmixer != NULL, return -ENXIO",1,1,2
BTRFS_UUID_SIZE > PAGE_SIZE,1,1,2
buffer_nilfs_volatile(path[level].bp_bh),1,1,2
"be16_to_cpu(dfp->length) == INT_GET(prevdup->length, ARCH_CONVERT)",1,1,2
ctx->mm != current->mm,1,1,2
!(numbytes < btp->bt_ssize),1,1,2
host->host_failed == 0 && list_empty(&host->eh_cmd_q),1,1,2
first_sb,1,1,2
current->pid != daemon->pid,1,1,2
"fd, F_SEAL_SHRINK | F_SEAL_GROW",2,0,2
ip->i_d.di_format == XFS_DINODE_FMT_EXTENTS,1,1,2
"INT_GET(cblock->bb_leftsib, ARCH_CONVERT) == NULLDFSBNO",1,1,2
atomic_read(&page->_count) == -1,1,1,2
OSL_PKTTAG_SZ <= sizeof(skb->cb),1,1,2
"chip->ac97_sdin[codecs] < 3, chip->ac97_sdin[codecs] = 0",1,1,2
MAXNAMELEN-1<=0xff,1,1,2
!c->n_buffers[b->list_mode],2,0,2
opc < LUSTRE_MAX_OPCODES,2,0,2
"!list_empty(&lp->all_list), ""%x,%llx"", lp->lockname.ln_type, lp->lockname.ln_number",1,1,2
err_callback == NULL,1,1,2
!tm || !tm->seq,1,1,2
pfn >= MAX_DOMAIN_PAGES,1,1,2
*moved_len > len,1,1,2
((lower >= 1) && (lower <= tipc_max_nodes)) || ((lower >= LOWEST_SLAVE) && (lower <= tipc_highest_allowed_slave)),1,1,2
list_empty(tmp_cg_links),1,1,2
"irttp != NULL, return NULL;",1,1,2
(mask+1) & mask,1,1,2
!info->bytes,1,1,2
atomic_read(&lsm->lsm_refc) > 0,2,0,2
"sbi, old_addr != NEW_ADDR",1,1,2
p_tx_desc_used == NULL,1,1,2
"cpcm->pcm_channel != NULL, return -ENXIO",1,1,2
"ins->npcm_channels > 0, return ",1,1,2
&f->fi_lock,2,0,2
PTTYPE == 64 || is_pse(vcpu),1,1,2
pChannel->status == MUSB_DMA_STATUS_UNKNOWN || pChannel->status == MUSB_DMA_STATUS_BUSY,1,1,2
device->connection->net_conf == NULL,1,1,2
adv_credits,2,0,2
pRCB->pDevice,1,1,2
"skb_headroom(userdata) >= LMP_HEADER, return -1;",2,0,2
blk1->blkno >= mp->m_dirleafblk && blk1->blkno < mp->m_dirfreeblk,1,1,2
flags & (XFSMNT_UQUOTA | XFSMNT_GQUOTA),1,1,2
(tlen == 19) || (tlen == 20) || (tlen == 23),1,1,2
ctx2gctx_keyring(ctx)->gck_key == NULL,1,1,2
atomic_read(&buf->state) == QETH_QDIO_BUF_IN_CQ,1,1,2
"false, (""Unable to obtain 32bit DMA for consistent allocations\n"")",1,1,2
atomic_dec_and_test(&new->h.h.refcnt),1,1,2
!(rx_buf->flags & EFX_RX_PKT_CSUMMED),1,1,2
list_empty(&gmsg->gum_list),1,1,2
pil == 0,1,1,2
payload - priv->memory_pool[i - 1].size > PAYLOAD_SIZE,1,1,2
idx >= spec->num_cvts,1,1,2
mem == NULL,2,0,2
be16_to_cpu(save_leaf->hdr.info.magic) == XFS_DIR2_LEAFN_MAGIC,1,1,2
"tl_count > ocfs2_truncate_recs_per_inode(osb->sb) || tl_count == 0, ""Truncate record count on #%""MLFu64"" invalid ("" ""wanted %u, actual %u\n"", OCFS2_I(tl_inode)->ip_blkno, ocfs2_truncate_recs_per_inode(osb->sb), le16_to_cpu(tl->tl_count)",1,1,2
len <= MEMBLOCK,1,1,2
rate == 48000,1,1,2
lksb->flags & (DLM_LKSB_PUT_LVB|DLM_LKSB_GET_LVB),2,0,2
svsk->sk_pool != NULL,1,1,2
cur_idx < n,1,1,2
lip->li_ail.ail_back == prev_lip,1,1,2
sizeof(fid_t) >= sizeof(xfs_fid2_t),1,1,2
be16_to_cpu(leaf2->hdr.info.magic) == XFS_DIR_LEAF_MAGIC,1,1,2
!(pp->flags & NV_ADMA_ATAPI_SETUP_COMPLETE) && (qc->flags & ATA_QCFLAG_DMAMAP),2,0,2
wbuf->size <= c->max_write_size,2,0,2
!XFS_FORCED_SHUTDOWN(mp),1,1,2
PageSwapBacked(page),1,1,2
list_empty(&mdev->unplug_work.list),1,1,2
txq->tx_stats.len == 0,1,1,2
INTEL_INFO(dev_priv->dev)->gen < 5,1,1,2
sromrev > 1,1,1,2
"substream->stream == SNDRV_PCM_STREAM_CAPTURE, return -EINVAL",1,1,2
!IS_ROOT(dentry),1,1,2
!ubifs_zn_obsolete(znode),2,0,2
"card != NULL && device_data != NULL && ops != NULL, return -ENXIO",1,1,2
iip->ili_item.li_flags & XFS_LI_IN_AIL,1,1,2
le16_to_cpu(xh->xh_num_buckets) < num_buckets,1,1,2
!list_empty(&thread->node),1,1,2
hdr->coh_tree.rnode == NULL,2,0,2
"INT_GET(tmp_info->back, ARCH_CONVERT) == drop_blk->blkno",1,1,2
len <= PAGE_CACHE_SIZE,2,0,2
dq_f,2,0,2
res_idx >= ARRAY_SIZE(i2c_resources),1,1,2
mtask->xmstate != XMSTATE_IDLE,1,1,2
"name != NULL, return NULL;",2,0,2
txq->tx_curr_desc == txq->tx_used_desc,1,1,2
!pval || plen < sizeof(*pval),1,1,2
TARGET_10X_NUM_MSDU_DESC > (CE_HTT_H2T_MSG_SRC_NENTRIES - 1),1,1,2
level == DLM_LOCK_IV,2,0,2
obj->fence_reg == I915_FENCE_REG_NONE,1,1,2
devhandle & devino,1,1,2
"instance, !usb_pipeisoc(channel->endpoint) || usb_pipein(channel->endpoint)",1,1,2
"""wrong name"", !strcmp(perf_evsel__name(evsel), ""mem:0x0:rw:u"")",1,1,2
iter == tp_mod,1,1,2
phys_aob & 0xFF,1,1,2
!kobj || !kobj->dentry || !name,1,1,2
plug->magic != PLUG_MAGIC,1,1,2
mddev->suspended,1,1,2
fl->fl_end > NLM4_OFFSET_MAX && fl->fl_end != OFFSET_MAX,1,1,2
wl->irq,1,1,2
"list_empty(&r->res_root_list),",1,1,2
*slot == NULL,1,1,2
iip->ili_aextents_buf == NULL,1,1,2
"inb((int)ch->board->port) & FEPMEM, ""Global memory off""",1,1,2
!cookie->def->get_aux,2,0,2
!adp,1,1,2
dt->do_ops->do_write_lock,1,1,2
save_leaf->hdr.info.magic == cpu_to_be16(XFS_ATTR_LEAF_MAGIC),1,1,2
"card != NULL, goto error",1,1,2
"ccc_count == 0, ""count: %i\n"", ccc_count",1,1,2
!mutex_is_locked(&rt2x00dev->usb_cache_mutex),1,1,2
bpos + len > pcmp->dma_size,2,0,2
"memcmp((char *)&args->inumber, (char *)&sfe->inumber, sizeof(xfs_ino_t))",1,1,2
"INT_GET(dead_info->magic, ARCH_CONVERT) == XFS_DA_NODE_MAGIC",1,1,2
index >= PTRS_PER_HUGEPGD,1,1,2
vmsg && vmsg->lm_bufcount >= 2,1,1,2
rcs[0].tries != 0,1,1,2
"INT_GET(r1->ar_startblock, ARCH_CONVERT) + INT_GET(r1->ar_blockcount, ARCH_CONVERT) <= INT_GET(r2->ar_startblock, ARCH_CONVERT)",1,1,2
per_dev->cur_sg >= ios->sgs_per_dev,1,1,2
"dst_channels[dst_channel].area.first % 8 == 0 || dst_channels[dst_channel].area.step % 8 == 0, return -ENXIO",1,1,2
"offsetof(typeof(*b), unused1) != 0",1,1,2
mutex_is_locked(nlk_sk(sk)->cb_mutex),1,1,2
req->rl_nchunks != 0,1,1,2
sport->dma_tx_desc == NULL,1,1,2
"!cpu_isset(cpu, cpu_online_map)",1,1,2
"bd_claim(bdev, holder) != 0",1,1,2
bcm->chipcommon_capabilities & BCM43xx_CAPABILITIES_PCTL,1,1,2
!mutex_is_locked(&us_ibdev->usdev_lock),2,0,2
tmp > bsize,2,0,2
mnt_get_count(m) < 2,1,1,2
(flags & XFS_LOG_NOSLEEP) == 0,1,1,2
nn->reclaim_str_hashtbl_size,1,1,2
ste_live,2,0,2
dev->pmod_loc != pa_pdc_cell.mod_location,1,1,2
args->dp->i_d.di_aformat == XFS_IFINLINE,1,1,2
s->minor < COMEDI_NUM_BOARD_MINORS,1,1,2
outlen > MCDI_CTL_SDU_LEN_MAX_V1,1,1,2
"oh->prcm.omap2.module_offs, ohri.rst_shift, ohri.st_shift",1,1,2
max % 2 == 0,1,1,2
!(flag & OCFS2_INLINE_XATTR_FL),1,1,2
m->pages == NULL,1,1,2
bh->b_data + boffs + size <= bh->b_data + bh->b_size,1,1,2
dev->dd_ops->dt_sync,1,1,2
atomic_read(&task->tk_count) != 2,1,1,2
*remainder < len,1,1,2
&lowest_rq->lock,1,1,2
work->wq_data != cwq,1,1,2
"device, atomic_read(&device->md_io_in_use) == 1",1,1,2
ul_bytes < (RMS_COMMANDBUFSIZE * sizeof(rms_word)),1,1,2
!i915_gem_obj_is_pinned(ctx_obj0),1,1,2
dt->do_body_ops->dbo_declare_write,1,1,2
"PTRACE_EVENT_SECCOMP, (status >> 16)",2,0,2
isci_port == NULL,1,1,2
!bf->bf_isretried,1,1,2
trans == NULL,1,1,2
(s & RQ_NET_MASK) == 0 || (s & RQ_NET_DONE),1,1,2
lp->busy_itl == 0 && lp->busy_itlq == 0,1,1,2
s->dma_address == 0,1,1,2
msg != NULL && (msg->flags & XPC_M_SN2_DONE),1,1,2
" kfifo_put_locked(fifo, (unsigned char *) &entry, sizeof(u32), lock) == 0",1,1,2
"!dl, ""parent %llu, ino %llu, create %d\n"", (unsigned long long)parent_blkno, (unsigned long long)OCFS2_I(inode)->ip_blkno, create",1,1,2
hnode,1,1,2
fib4_rules_init(),1,1,2
NILFS_SR_BYTES > bh_sr->b_size,1,1,2
sfp->hdr.i8count != 0,1,1,2
"chip_mask >= 0 && chip_mask <= 0x0f, return -EINVAL",1,1,2
stable_node->kpfn != page_to_pfn(oldpage),1,1,2
!idle_cpu(cpu),1,1,2
grp->name[0] == '\0',1,1,2
netDevice->ReceiveBufferSize > 0,1,1,2
"test_bit(VSYSCALL_EMU_VECTOR, used_vectors)",1,1,2
"self->magic == IAS_MAGIC, goto out;",2,0,2
(XFS_BUF_ISUNINITIAL(bp)) == 0,1,1,2
"(gpio_request(N810_HEADSET_AMP_GPIO, ""hs_amp"") < 0) || (gpio_request(N810_SPEAKER_AMP_GPIO, ""spk_amp"") < 0)",1,1,2
token == (unsigned char)token,1,1,2
__REQ_NR_BITS > 8 * sizeof(((struct request *)0)->cmd_flags),1,1,2
gdt == NULL || pda == NULL,1,1,2
!iwm,1,1,2
EFX_FILTER_TABLE_RX_IP != (EFX_FILTER_RX_TCP_WILD >> 2),1,1,2
"rpcm != NULL, return -EINVAL",1,1,2
!map->bus || !map->format.format_val,1,1,2
sbp->b_target == mp->m_ddev_targp,1,1,2
size > 0x80000000,1,1,2
!(bp->b_flags & _XBF_DELWRI_Q),2,0,2
max == RMS_COMMANDBUFSIZE,1,1,2
"sdp, sdp->sd_log_num_databuf",1,1,2
rule_idx != num_rules,1,1,2
lg == NULL,2,0,2
cursor->offset + bytes > pagelist->length,1,1,2
wm2000->anc_mode != ANC_STANDBY,1,1,2
"src_format->channels > 0, return -ENXIO",1,1,2
!(lip->li_type == XFS_LI_EFD),1,1,2
len == ubi32_to_cpu(vid_hdr->data_size),1,1,2
sbp->sb_ifree == ifree,1,1,2
mdev->oldest_tle == mdev->newest_tle,1,1,2
olg != NULL,2,0,2
dt->do_ops->do_xattr_list,1,1,2
ac->avail > 0,1,1,2
locked_q->queue_lock,1,1,2
iter->head_page == cpu_buffer->commit_page,1,1,2
(slot_num < 0) || (slot_num >= si->si_num_slots),2,0,2
bcm->core_80211[0].available,1,1,2
page_count(old_page) != 1,1,1,2
data_dir != rq_is_sync(arq2->request),1,1,2
&dentry->d_inode->i_mutex,1,1,2
!atomic_read(&lower_dentry->d_count),1,1,2
(iip->ili_item.li_flags & XFS_LI_IN_AIL) == 0,1,1,2
"INT_GET(agf->agf_freeblks, ARCH_CONVERT) <= INT_GET(agf->agf_length, ARCH_CONVERT)",1,1,2
slot_num > osb->max_slots,1,1,2
DOT11_MAXNUMFRAGS == NBITS(uint16),1,1,2
me->arch.stub_count > me->arch.stub_max,1,1,2
"is_hash_key(c, &zbr->key)",2,0,2
obd->md_stats == NULL,1,1,2
"!(oi->ip_flags & OCFS2_INODE_CACHE_INLINE), ""Inode %""MLFu64"" not marked as inline anymore!\n"", oi->ip_blkno",1,1,2
sizeof(default_cal_rssi) != RSSI_CAL_ARRAY_LEN,1,1,2
last_vcn > 0,2,0,2
ls->lookahead.token == TK_EOS,1,1,2
EC_MSG_PREAMBLE_COUNT > ec_dev->din_size,2,0,2
"sdp, count != size || al->al_alloced",1,1,2
!fdev,1,1,2
!pfn,1,1,2
frames <= 0,2,0,2
seg_len == len,1,1,2
"ib_dma_mapping_error(device->ib_device, dma_addr)",1,1,2
extent_root->fs_info->current_insert.flags == extent_root->fs_info->current_insert.offset,1,1,2
!frame->regs[DWARF_ARCH_RA_REG].flags,1,1,2
current->pid == current->tgid,1,1,2
align & ~PAGE_MASK || !is_power_of_2(align),1,1,2
"matched || be16_to_cpu(dfp->length) >= INT_GET(dup->length, ARCH_CONVERT)",1,1,2
"GFS2_SB(&ip->i_inode), !ip->i_inode.i_mapping->nrpages",1,1,2
BITS_TO_LONGS(STA_TID_NUM) > 1,1,1,2
obj_request_img_data_test(obj_request) ^ !obj_request->img_request,1,1,2
"INT_GET(ltp->bestcount, ARCH_CONVERT) <= (uint)dp->i_d.di_size / mp->m_dirblksize",1,1,2
len <= WLC_IOCTL_MAXLEN,1,1,2
NUM_IL_RXON_CTX != 1,1,1,2
r & ~AR9170_TX_PHY_MCS,1,1,2
zone_type > ZONE_NORMAL,1,1,2
!kvm,1,1,2
input >= num_busses_in(chip),2,0,2
q->last_merge == rq,1,1,2
xfs_sb_version_hasdirv2(&mp->m_sb),1,1,2
!io_ctl->cur,1,1,2
qip->qli_pushbuf_flag != 0,1,1,2
state == STARGET_DEL,1,1,2
(cur->bc_private.b.firstblock != NULLFSBLOCK) || XFS_IS_REALTIME_INODE(cur->bc_private.b.ip),1,1,2
dac->nextOut == dac->fragTotalSize,1,1,2
req->rq_clrbuf_len == 0,1,1,2
dev->irq_enabled && ring->user_irq_refcount <= 0,1,1,2
pci_state < PCI_D0 || pci_state > PCI_D3cold,1,1,2
ichdr_d->count < XFS_LBSIZE(mp) / 8,1,1,2
(leaf1->hdr.info.magic == cpu_to_be16(XFS_ATTR_LEAF_MAGIC)) && (leaf2->hdr.info.magic == cpu_to_be16(XFS_ATTR_LEAF_MAGIC)),1,1,2
(pad + SDPCM_HDRLEN) <= (int)PKTLEN(pkt),1,1,2
unlikely(params_size >= WLC_IOCTL_SMLEN),1,1,2
_einitdata != __bss_start,1,1,2
"spdifi_scb_desc, return -EIO",1,1,2
"if (!del) { printk(KERN_WARNING ""***jffs_fmfree(): "" ""Didn't delete any node reference!\n""); }",1,1,2
!S_ISDIR(child->d_inode->i_mode),1,1,2
p->blkno != dabuf->blkno || p->target != dabuf->target,1,1,2
bsz < le32_to_cpu(tp->dmt_nleafs),1,1,2
channel != OMAP_DSS_CHANNEL_DIGIT && channel != OMAP_DSS_CHANNEL_LCD && channel != OMAP_DSS_CHANNEL_LCD2,1,1,2
msi->cascade_array[i] != irq_get_handler_data(virq),1,1,2
!regp,2,0,2
chip->nr_ac97_codecs == 1 || chip->nr_ac97_codecs == 2,1,1,2
iip->ili_format.ilf_fields != 0,1,1,2
!RB_EMPTY_ROOT(&clp->cl_state_owners),1,1,2
"sbi, !page",1,1,2
!list_empty(&rdev->netdev_list),1,1,2
(1LU << (BITS_PER_LONG - WORK_OFFQ_POOL_SHIFT)) < WORK_CPU_END * NR_STD_WORKER_POOLS,1,1,2
periodic_work->is_scheduled,1,1,2
p.rfbi_module > 1,1,1,2
EFX_FARCH_FILTER_TABLE_RX_IP != (EFX_FILTER_UDP_FULL >> 2),1,1,2
"timer != NULL, return 0",1,1,2
ifp && ifp->info && ifp->idx,1,1,2
!PageLocked(old),1,1,2
dev_priv->num_pch_pll > I915_NUM_PLLS,1,1,2
(adapter->State == SXG_STATE_INITIALIZING) || (pAdapt->State == SXG_STATE_HALTING),1,1,2
iip->ili_push_owner == current_pid(),1,1,2
"!c->page->frozen, c->page",1,1,2
"cif, return 0",1,1,2
dt->do_index_ops->dio_declare_insert,1,1,2
!ar7_gpio_list[gpio],1,1,2
obj_request_img_data_test(obj_request) ^ (obj_request->which == BAD_WHICH),1,1,2
!tattr,2,0,2
!new_skb,1,1,2
(char *)&leaf->ents[be16_to_cpu(leaf->hdr.count)] <= (char *)xfs_dir2_leaf_bests_p(ltp),1,1,2
i <= XFS_LIC_MAX_SLOT,1,1,2
(*exp)->exp_connection,1,1,2
con == NULL,1,1,2
"offsetof(typeof(*lum), lum_padding1) != 0",1,1,2
vaddr + UPROBE_BKPT_INSN_SIZE > PAGE_SIZE,1,1,2
"!COMP_INIT, (""Invalid RegAddr 0x%x in"" ""PHY_GetRateSectionIndexOfTxPowerByRate()\n"",regaddr)",1,1,2
!(vq->vring.avail->flags & VRING_AVAIL_F_NO_INTERRUPT),1,1,2
dt->do_ops->do_declare_destroy,1,1,2
last_sb,1,1,2
"dev_priv, pipe, PCH_DP_C",1,1,2
uctx->ctx_doi != XFRM_SC_ALG_SELINUX,1,1,2
counter == NULL,1,1,2
"!(lx_dsp_reg_read(chip, eReg_CSM) & Reg_CSM_MR)",1,1,2
pgd_index(VMALLOC_START) != pgd_index(VMALLOC_END),1,1,2
vif->pending_ring[pending_index(head)] != pending_idx,1,1,2
sizeof(struct efx_rx_page_state) + NET_IP_ALIGN + EFX_RX_USR_BUF_SIZE > PAGE_SIZE / 2,1,1,2
NULL == bio_is_patched,2,0,2
old_obj_priv->active || (reg->obj->write_domain & I915_GEM_GPU_DOMAINS),1,1,2
chan == tx->chan,1,1,2
"oi->ip_open_count, ""Clear inode of %""MLFu64"" has open count %d\n"", oi->ip_blkno, oi->ip_open_count",1,1,2
"v_max <= 63, return",1,1,2
IS_MDT(lsi),1,1,2
"sbi, PageDirty(src_page)",2,0,2
length <= SBSDIO_CIS_SIZE_LIMIT,1,1,2
p + XDR_QUADLEN(nbytes) > resp->xdr.end,1,1,2
cnfg->phy_layers[param->phyid].phy_layer->id == param->phyid,1,1,2
arg->acl_len % 4,1,1,2
!spin_is_locked(&ctx->fault_wqh.lock),1,1,2
"sdp, sdp->sd_log_num_buf + sdp->sd_log_num_databuf == sdp->sd_log_commited_buf + sdp->sd_log_commited_databuf",1,1,2
ep->com.state != MPA_REQ_RCVD,2,0,2
new == ctx,1,1,2
!new_device->name,1,1,2
"INT_GET(free->bests[findex], ARCH_CONVERT) != NULLDATAOFF",1,1,2
"xfs_dir_ino_validate(mp, be64_to_cpu(dep->inumber)) == 0",1,1,2
"!IS_ALIGNED((unsigned long)cwqs, align)",1,1,2
req->state != FUSE_REQ_FINISHED,1,1,2
s->ctor,1,1,2
"spin_is_locked(&oi->ip_lock), ""Clear inode of %""MLFu64"", inode is locked\n"", oi->ip_blkno",1,1,2
i >= num_bhs,1,1,2
md->flush_request,1,1,2
sizeof(struct hstcp) > TCP_CA_PRIV_SIZE,1,1,2
"dentry->d_inode, ==, NULL",1,1,2
"e1->u.info == GETARG_B(getcode(fs, e2))-1",1,1,2
retval != 0 && retval != -ESRCH,1,1,2
d_refcount(new_ctx->pwd),1,1,2
XFS_BUF_VALUSEMA(bp) > 0,1,1,2
log_vector->i_len >= sizeof(xfs_efi_log_format_t),1,1,2
!(pb->pb_flags & PBF_READ),1,1,2
ts->tv_sec < 0,1,1,2
"event >= SNDRV_TIMER_EVENT_MSTART && event <= SNDRV_TIMER_EVENT_MPAUSE, return",1,1,2
imaps[0].br_startblock == HOLESTARTBLOCK,1,1,2
"R_REG(osh, &cc->chipstatus) & 0x08",1,1,2
percpu_read(cpu_tlbstate.state) == TLBSTATE_OK,1,1,2
ext->oe_grants > 0,2,0,2
timer->cpu != smp_processor_id(),1,1,2
&osb->osb_lock,2,0,2
par->hooknum == NF_INET_POST_ROUTING || par->hooknum == NF_INET_LOCAL_IN,1,1,2
!controller,2,0,2
msg->p.pages,1,1,2
cur_pos + offset > last_byte,1,1,2
targets == 0,1,1,2
_PAGE_NUMA != _PAGE_PROTNONE,1,1,2
sizeof(nic_data->ipv6_rss_key) != 2 * sizeof(temp) + FRF_CZ_RX_RSS_IPV6_TKEY_HI_WIDTH / 8 || FRF_CZ_RX_RSS_IPV6_TKEY_HI_LBN != 0,1,1,2
"off + INT_GET(dup->length, ARCH_CONVERT) <= INT_GET(dfp->offset, ARCH_CONVERT)",1,1,2
(be16_to_cpu(node1->hdr.info.magic) == XFS_DA_NODE_MAGIC) && (be16_to_cpu(node2->hdr.info.magic) == XFS_DA_NODE_MAGIC),1,1,2
!b->level && !KEY_OFFSET(k),1,1,2
ret != 0 && ret != -ENOENT,1,1,2
bio == NULL,1,1,2
ex.fe_start != ac->ac_g_ex.fe_start,2,0,2
!iso_size,1,1,2
!(req->rq_state & RQ_LOCAL_MASK),1,1,2
src_group >= group_data[0].group + flex_gd->count,1,1,2
bmval2,1,1,2
"info != NULL, return -EINVAL",1,1,2
NR_CPUS != 1 && !spin_is_locked(&zone->lru_lock),1,1,2
rq->nr_running != 0,1,1,2
"LUSTRE_MSG_MAGIC_V1 == 0x0BD00BD0, ""found 0x%.8x\n"", LUSTRE_MSG_MAGIC_V1",1,1,2
drop_leaf->hdr.info.magic == cpu_to_be16(XFS_DIR2_LEAFN_MAGIC),1,1,2
efx->type->evq_size & (efx->type->evq_size - 1),1,1,2
p->frag.page_offset > PAGE_SIZE,1,1,2
!EXT4_JOURNAL(inode) && EXT4_I(inode)->i_state & EXT4_STATE_JDATA,1,1,2
dt->do_ops->do_read_unlock,1,1,2
rspq,1,1,2
flash != NULL,1,1,2
wport->swbuf == NULL,1,1,2
i != count,1,1,2
LST_IS_EMPTY(target->ovly_list),1,1,2
device->state.disk == D_UP_TO_DATE,1,1,2
paddr != dma,1,1,2
sizeof(struct bt_skb_cb) > sizeof(skb->cb),1,1,2
"!rcu_is_cpu_idle(), ""rcu_read_lock() used illegally while idle""",1,1,2
be32_to_cpu(r1->ar_blockcount) < be32_to_cpu(r2->ar_blockcount) || (r1->ar_blockcount == r2->ar_blockcount && be32_to_cpu(r1->ar_startblock) < be32_to_cpu(r2->ar_startblock)),1,1,2
"vi->cvq->vq_ops->add_buf(vi->cvq, sg, out, in, vi)",1,1,2
"!test_bit(COW_ZNODE, &znode->flags)",1,1,2
iip->ili_inode->i_itemp != NULL,1,1,2
(XFS_BUF_BFLAGS(bp) & (XFS_B_STALE|XFS_B_DELWRI)) != (XFS_B_STALE|XFS_B_DELWRI),1,1,2
dirty == 0,1,1,2
IS_ERR(clk_i2s),1,1,2
ret != 0 && conn->c_xmit_sg == rm->data.m_nents,1,1,2
old->shared_count == old->shared_max,1,1,2
cex->ec_type != EXT4_EXT_CACHE_GAP && cex->ec_type != EXT4_EXT_CACHE_EXTENT,1,1,2
meta_group_info[j]->bb_bitmap == NULL,1,1,2
msg->msg_type == LNET_MSG_ACK,2,0,2
!list_empty(&opg->ops_inflight),2,0,2
XFS_BMAP_BROOT_MAXRECS(ifp->if_broot_bytes) == 1,1,1,2
XFS_QM_DQPERBLK(mp) == j,1,1,2
vma->vm_file,2,0,2
!lo->sock && !list_empty(&lo->queue_head),1,1,2
drbd_md_ss(device->ldev) == device->ldev->md.md_offset,1,1,2
"stmp3xxx_dma_running(STMP3xxx_DMA(chain->channel, chain->bus)) > 0",1,1,2
IS_ERR_OR_NULL(bo_vaddr),1,1,2
vf,1,1,2
"req_capsule_get_size(pill, field, RCL_CLIENT) == 0",1,1,2
skreq->bio != NULL,1,1,2
rq->end_io,1,1,2
"wlc_bmac_taclear(wlc->hw, TRUE)",1,1,2
pfn >= max_p2m_pfn,1,1,2
lp->flags | LPROPS_TAKEN,1,1,2
"bd_claim(bdev, filp) != 0",1,1,2
"name != NULL, return -EINVAL",1,1,2
"!(desc->bd_registered && req->rq_send_state != LUSTRE_IMP_REPLAY) || xid != desc->bd_last_xid, ""registered: %d rq_xid: ""LPU64"" bd_last_xid: ""LPU64""\n"", desc->bd_registered, xid, desc->bd_last_xid",1,1,2
snod->type != UBIFS_REF_NODE,1,1,2
XFS_ISLOCKED_INODE(ip),1,1,2
!assoc_array_ptr_is_node(ptr),2,0,2
sizeof(struct compound) > ICSK_CA_PRIV_SIZE,1,1,2
frame_header->fis_type != SATA_FIS_TYPE_REGD2H,1,1,2
skb_headlen(fskb) > len,1,1,2
level == 6,1,1,2
&wakeup_lock,1,1,2
wd->sta.bssInfoArray[wd->sta.bssInfoArrayTail] == NULL,1,1,2
mem_tgt,2,0,2
!LST_IS_EMPTY (msg_queue_obj->msg_used_list),1,1,2
be16_to_cpu(*xfs_dir2_data_entry_tag_p(dep)) == (char *)dep - (char *)hdr,1,1,2
tp && wr,1,1,2
sdata->local->phy != phy,1,1,2
newsize1 >= msg->lm_buflens[segment1],1,1,2
cgroup_init_root_id(&cgroup_dummy_root),1,1,2
el->l_recs[0].e_cpos,1,1,2
"(sizeof(TYPE) - offsetof(TYPE, MEMBER) - sizeof(((TYPE *)0)->MEMBER)) > 0",1,1,2
idx >= wq->sq.size,2,0,2
len < sizeof(Elf32_Ehdr),1,1,2
"bpf_get_next_key(map_fd, &key, &next_key) == 0 && next_key == 2",1,1,2
last < off,1,1,2
pfn > max_low_pfn,1,1,2
radio->nrssi[1] != -1000,1,1,2
"n > 0, ",1,1,2
atomic_read(&q->nr_buf_used) < 0,1,1,2
adapter->IsrCopy[0],1,1,2
root->cache_size == 0,1,1,2
new_page == NULL,1,1,2
buf->filled_cells <= rcv_buf_size,1,1,2
atomic_read(&files->count) != 1,1,1,2
h->sops[0].sem_num != q->sops[0].sem_num,1,1,2
!xen_pv_domain(),1,1,2
((unsigned long)xc_desc) % sizeof(*xc_desc) != 0,1,1,2
"memblock_add_region(&memblock.reserved, addr, new_size) < 0",1,1,2
"irlmp->magic == LMP_MAGIC, return;",2,0,2
"if (!fmc) { printk(KERN_ERR ""jffs_mark_obsolete(): fmc == NULL\n""); return -1; }",1,1,2
!ctxt,1,1,2
!zpci_iomap_start[idx].count,2,0,2
"vi->cvq->vq_ops->add_buf(vi->cvq, sg, out, in, vi) < 0",1,1,2
"call->state != RXRPC_CALL_CLIENT_FINAL_ACK, call->state, >=, RXRPC_CALL_COMPLETE",1,1,2
!static_size,1,1,2
 baseband_attenuation <= 11,1,1,2
"++count < 10000, ""Connection id status change timed out""",2,0,2
map->num_stripes < num_stripes,1,1,2
!RB_EMPTY_ROOT(&st->rb) || st->active != NULL,1,1,2
obd->obd_type != LP_POISON,1,1,2
UserDataLen <= MAX_USER_DEFINED_BYTES,1,1,2
(_PAGE_FILE_4U & ~0xfffUL) || (_PAGE_FILE_4V & ~0xfffUL),1,1,2
cache->uc_ops->do_upcall,1,1,2
"false, (""pairwise key without mac_addr\n"")",1,1,2
down_trylock(&mlc->osem),2,0,2
vol->readers == 0 && vol->writers == 0,1,1,2
base < VMALLOC_END,1,1,2
ctx2gctx_keyring(ctx)->gck_key == key,1,1,2
ring == NULL,1,1,2
obj->pin_count == DRM_I915_GEM_OBJECT_MAX_PIN_COUNT,1,1,2
"emu, return NULL",1,1,2
rc == -ETIMEDOUT,2,0,2
hv_pte_get_mode(prot) != HV_PTE_MODE_CACHE_TILE_L3,2,0,2
!(worker->flags & WORKER_IDLE),1,1,2
atomic_read(&svsk->sk_xprt.xpt_ref.refcount) < 2,1,1,2
info->extent_tree_prealloc_nr == 0,1,1,2
uLength == cbNdisBodySize,1,1,2
tsc != NULL,2,0,2
!runtime->hw.channels_min || !runtime->hw.channels_max,1,1,2
id >= MAX_UNITTEST_OVERLAYS,2,0,2
"!bio_flagged(bio, BIO_CLONED)",1,1,2
dip != NULL,1,1,2
blocks == 1 && blksz > 512,1,1,2
root_cache->memcg_params->memcg_caches[id] != cachep,1,1,2
wl->band >= sizeof(wl1271_band_rate_to_idx)/sizeof(u8 *),1,1,2
"c, ""suspicious rcu_dereference_protected()"" "" usage""",1,1,2
" ""Assertion failed: line %d file '%s'\n"" "" -> '%s'\n"" "" -> 0x%08lX\n"", __LINE__, __FILE__, str, (DWORD) p1",1,1,2
(int)(ls->fs != NULL) || ls->t.token == TK_EOS,1,1,2
current_block + count > EXT4_MAX_BLOCK_FILE_PHYS,1,1,2
group == NULL,2,0,2
&dev_priv->uncore.lock,2,0,2
shift < oa_bufs,1,1,2
index >= SSB_EXTIF_NR_GPIOOUT,2,0,2
le32_to_cpu(right->header.nr_entries) > le32_to_cpu(right->header.max_entries),1,1,2
_calc_walked(in) > dd->in_sg->length,2,0,2
"offsetof(srpc_msg_t, msg_body.tes_reqst.tsr_ndest) == 78",1,1,2
!htlb_fault_mutex_table,1,1,2
!dn->phb || !dn->phb->bus,1,1,2
pkt->bio->bi_private != pkt,1,1,2
"msynth != NULL, return -EINVAL",1,1,2
IA64_FIRST_DEVICE_VECTOR != IA64_IRQ_MOVE_VECTOR,1,1,2
!PageLocked(new),1,1,2
from > to || to > PAGE_CACHE_SIZE,1,1,2
sizeof(iwlagn_def_3w_lookup) != sizeof(bt_cmd.bt3_lookup_table),1,1,2
sizeof(qcb->data) < sz,2,0,2
res == sizeof(ip),1,1,2
irq_info[irq].type != IRQT_IPI,1,1,2
"!rcu_is_cpu_idle(), ""rcu_read_unlock() used illegally while idle""",1,1,2
got.br_startoff + got.br_blockcount >= aoff + alen,1,1,2
comedi_subdevice_minor_table[i],1,1,2
bh && (count > 1),1,1,2
ddb_in32(DDB_INT2STAT) == 0,1,1,2
atomic_read(&device->local_cnt),1,1,2
vi != mft_vi,2,0,2
i->vfs_inode.i_sb != sb,2,0,2
probe == be16_to_cpu(leaf->hdr.count) || args->oknoent,1,1,2
onoff == 0 || onoff == 1,1,1,2
txq->index != 0,1,1,2
"channel == RME9652_NCHANNELS, return",1,1,2
"memcmp(parent_key, node->keys, sizeof(struct key))",1,1,2
irq < 0 || irq >= MC13XXX_NUM_IRQ,1,1,2
rar->allocated,1,1,2
width < 0,1,1,2
nd->intent.open.flags & O_CREAT,1,1,2
"rtimer != NULL, return -EINVAL",1,1,2
"stream <= SNDRV_PCM_STREAM_LAST, return NULL",1,1,2
obd->obd_proc_exports_entry->subdir == NULL,1,1,2
gdt != NULL || pda != NULL,1,1,2
BUS_ID_SIZE < IFNAMSIZ,1,1,2
!(wobdo->o_flags & OBD_FL_LOCAL_MASK),1,1,2
elog_size > OPAL_MAX_ERRLOG_SIZE,1,1,2
vdev->prio == NULL,1,1,2
pglist_ent == 0,1,1,2
len > FALCON_SPI_MAX_LEN,1,1,2
req->nr_phys_segments > 1,1,1,2
!memrar_is_valid_rar_type(rarnum),1,1,2
vcpu->kvm->arch.float_int.local_int[vcpu->vcpu_id] == NULL,1,1,2
hdr->count && (be16_to_cpu(hdr->count) < (XFS_LBSIZE(mp)/8)),1,1,2
hba != iscsi_host_priv(shost),1,1,2
!scpnt->scsi_done,1,1,2
gpio_reg_results.gpioreg_id == GPIO_ID_NONE,1,1,2
c->cmt_orphans > 0,2,0,2
(reg_buf_offset + reg_buf_bytes) <= XFS_BUF_COUNT(bp),1,1,2
ip->i_transp == NULL,1,1,2
!tail_to_skip && !di_bh,1,1,2
"dev->dev_private, crtc->pipe, crtc->active",1,1,2
&cmd->t_state_lock,2,0,2
service->srvstate != VCHIQ_SRVSTATE_FREE,2,0,2
"ifp->if_broot_bytes <= (XFS_IFORK_SIZE(ip, whichfork) + XFS_BROOT_SIZE_ADJ)",1,1,2
!flags && mode == HWLOCK_IRQSTATE,2,0,2
period_size >= (1 << 24),1,1,2
file->f_dentry,1,1,2
sbp->sb_inodesize >= 256 && sbp->sb_inodesize <= 2048,1,1,2
!au_macs[0],1,1,2
(iip != NULL) ? !(iip->ili_item.li_flags & XFS_LI_IN_AIL) : 1,1,1,2
irq_info[irq].index != ipi,1,1,2
tp->phy_version < RTL_GIGA_PHY_VER_H,1,1,2
!intelmad_vendor_ops[sst_card_vendor_id],1,1,2
mode != READ,1,1,2
devino & ~IMAP_INO,1,1,2
(ap->flags & ATA_FLAG_PIO_POLLING) && qc->tf.protocol == ATAPI_PROT_DMA,1,1,2
((unsigned long)h->first & LIST_BL_LOCKMASK) != LIST_BL_LOCKMASK,2,0,2
ddb_in32(DDB_NMISTAT) == 0,1,1,2
"INT_GET(blkinfo->magic, ARCH_CONVERT) == XFS_DIRX_LEAF_MAGIC(state->mp) || INT_GET(blkinfo->magic, ARCH_CONVERT) == XFS_ATTR_LEAF_MAGIC",1,1,2
"rcu_read_lock_sched_held() || lockdep_is_held(&workqueue_lock), ""sched RCU or workqueue lock should be held""",1,1,2
nilfs_segment_usage_error(su),1,1,2
!p->is_write,2,0,2
atomic_read(&bp->b_hold) >= 0,1,1,2
"!atomic64_add_unless(&v, one, v0)",1,1,2
lcfg.cfg_instance != NULL,1,1,2
ring_req->u.rw.nr_segments > BLKIF_MAX_SEGMENTS_PER_REQUEST,1,1,2
!device->writeable,1,1,2
xfs_get_projid(ip) == 0,1,1,2
!is_power_of_2(ATMEL_SERIAL_RINGSIZE),1,1,2
"pcm_channel->src_scb->ref_count > 0, return ",1,1,2
!itn->fb_tunnel_dev,2,0,2
(char *)dep - (char *)hdr == be16_to_cpu(*xfs_dir2_data_entry_tag_p(dep)),1,1,2
isci_port->isci_host == NULL,1,1,2
chan->mem_resource->start != SH7751_PCI_MEMORY_BASE,1,1,2
"gl->gl_sbd, atomic_read(&gl->gl_lvb_count)",1,1,2
spu->node != node,2,0,2
request == NULL,1,1,2
!list_empty(&pwq->delayed_works),1,1,2
!sbi || !sbi->s_nilfs,1,1,2
is_raid6_zero_block(blocks[i]),1,1,2
mutex_trylock(&tl_inode->i_mutex),2,0,2
gpio_num == -1,1,1,2
hlist_unhashed(&req->collision),1,1,2
"!cpus_intersects(*pmask, cpu_online_map)",1,1,2
msg->flags & XPC_M_SN2_DONE,2,0,2
"(le32_to_cpu(rec->e_cpos) + le32_to_cpu(rec->e_clusters)) != (em->em_clusters + new_clusters), ""Inode %""MLFu64"":\n"" ""rec->e_cpos = %u + rec->e_clusters = %u = %u\n"" ""em->em_clusters = %u + new_clusters = %u = %u\n"", OCFS2_I(inode)->ip_blkno, le32_to_cpu(rec->e_cpos), le32_to_cpu(rec->e_clusters), le32_to_cpu(rec->e_cpos) + le32_to_cpu(rec->e_clusters), em->em_clusters, new_clusters, em->em_clusters + new_clusters",1,1,2
q->sops[0].sem_op >= 0,1,1,2
a->cpuid >= NCAPINTS*32,1,1,2
sidx >= eidx,1,1,2
imp->imp_conn_current,2,0,2
"(index >= 0) && (index < INT_GET(hdr->count, ARCH_CONVERT))",1,1,2
owner_objectid >= BTRFS_MAX_LEVEL,1,1,2
"self != NULL, return -EBADR;",2,0,2
!list_empty(&edge->list[UPPER]),1,1,2
sizeof(struct dot11_management_header) == DOT11_MGMT_HDR_LEN,1,1,2
gctx,1,1,2
old_base->curr_timer,1,1,2
"scb->scb_symbol != NULL, return ",1,1,2
rcu_dereference(nf_nat_pptp_hook_inbound),1,1,2
!atomic_read(&dentry->d_count),1,1,2
*nr_pages != 0,2,0,2
reserve_space > write_space,1,1,2
info->clt_counters[i].ctc_nr_locks_locked == 0,2,0,2
unlikely(region->vm_start < last->vm_top),1,1,2
!((ip->i_d.di_mode & S_IFMT) == S_IFREG && whichfork == XFS_DATA_FORK),1,1,2
"(probe >= 0) && ((!leaf->hdr.count) || (probe < INT_GET(leaf->hdr.count, ARCH_CONVERT)))",1,1,2
"ai_core_sflags(pi->sh->sih, 0, 0) & SISF_FCLKA",1,1,2
ext != NULL,1,1,2
lo->sock,1,1,2
dm_source_clocks[i] == NULL,1,1,2
!count,2,0,2
"""wrong name"", !strcmp(perf_evsel__name(evsel), ""mem:0x0:rw:kp"")",1,1,2
"!lock_is_held(&rcu_sched_lock_map), ""Illegal context switch in RCU-sched read-side critical section""",1,1,2
cic->key != cfqd_dead_key(cfqd),1,1,2
(char *)&leaf->ents[be16_to_cpu(leaf->hdr.count)] <= (char *)XFS_DIR2_LEAF_BESTS_P(ltp),1,1,2
k <= MAX_TX_RATE_TBL,1,1,2
"(HPI_DESTNODE_LAST_INDEX - HPI_DESTNODE_NONE + 1) == (8), destnode_strings_match_defs",1,1,2
atomic_read(&entry->ue_refcount) > 0,1,1,2
rs->rs_repdata_len <= rs->rs_repbuf_len,1,1,2
sizeof(struct dot11_llc_snap_header) == DOT11_LLC_SNAP_HDR_LEN,1,1,2
ocfs2_sparse_alloc(osb),1,1,2
index,1,1,2
req->rq_state & RQ_EXP_RECEIVE_ACK,1,1,2
vuart_bus_priv.use_count < 1,1,1,2
unregister_inet6addr_notifier(&qeth_ip6_notifier),1,1,2
!rzs->disksize,1,1,2
!__builtin_constant_p(_PAGE_SZBITS_4U) || !__builtin_constant_p(_PAGE_SZBITS_4V),1,1,2
!(iip->ili_format.ilf_fields & (XFS_ILOG_ADATA | XFS_ILOG_ABROOT)),1,1,2
vb->dirty != VMAP_BBMAP_BITS,1,1,2
"test_bit(__LC_LOCKED, &mdev->act_log->flags)",1,1,2
!be,1,1,2
atomic_read(&call->usage)<=0,1,1,2
copied > len,1,1,2
"comp_keys(&node_key, &cpukey) >= 0",1,1,2
"(INT_GET(map->base, ARCH_CONVERT) & 0x3) == 0",1,1,2
"dma_has_cap(DMA_ZERO_SUM, device->cap_mask) && !device->device_prep_dma_zero_sum",1,1,2
minlevel <= NILFS_BTREE_LEVEL_DATA,1,1,2
!pool->count,1,1,2
lck->lls_sub[i].sub_lock == NULL,2,0,2
state != EXIT_DEAD,1,1,2
ichdr.freemap[i].size < XFS_LBSIZE(mp),1,1,2
(PTLRPC_BULK_OPS_COUNT & (PTLRPC_BULK_OPS_COUNT - 1)) == 0,1,1,2
outlen & 3 || outlen >= MC_SMEM_PDU_LEN,1,1,2
S_ISLNK(ip->i_d.di_mode),1,1,2
list_empty(&page_address_pool),1,1,2
xlator_obj->ul_seg_id > 0,1,1,2
sizeof(struct SXG_X64_SGE) == sizeof(struct SXG_X64_SGE),1,1,2
vlr.irq >= VGIC_NR_IRQS,1,1,2
"ins->ref_snoop_scb != NULL,return -EINVAL",1,1,2
"xfs_lic_isfree(licp, i)",1,1,2
!(__mask) || !is_valid_mask(__mask) || (__mask) != (u8)(__mask),1,1,2
"is_free_space_inode(root, inode)",1,1,2
oti->oti_logcookies,2,0,2
top_half_reg_cache != NULL,1,1,2
ss->ss_lu != NULL,1,1,2
boot_pat_state,1,1,2
*tp != NULL,1,1,2
num_options > COMEDI_NDEVCONFOPTS,1,1,2
"!IS_ALIGNED((unsigned long)obj->iopgd, IOPGD_TABLE_SIZE)",1,1,2
XFS_BUF_ADDR(bp) <= log->l_logBBsize-1,2,0,2
root->memcg_params->memcg_caches[id],1,1,2
"!strcmp(name, ""krb5"")",1,1,2
b47n->curr_page_addr & ~nand_chip->pagemask,2,0,2
height <= ip->i_height,1,1,2
bd1->bd_disk == NULL,1,1,2
list_empty(&path->nodes[level]->dirty),1,1,2
"sbi, en->ei.fofs <= pos",1,1,2
oldroot->hdr.info.magic == cpu_to_be16(XFS_DA_NODE_MAGIC),1,1,2
cplb.init_d.size < cplb.init_d.pos,1,1,2
stats->ojs_hash,1,1,2
list_empty(&item->li_cil),1,1,2
thi->task == NULL,1,1,2
!wc.replay_dest,1,1,2
ser->tty != tty,1,1,2
(flags & OCFS2_BH_READAHEAD) && (!inode || !(flags & OCFS2_BH_CACHED)),1,1,2
(SI_INFO(sih))->osh != NULL,1,1,2
"card != NULL, return -ENODEV",1,1,2
!device || !device->device_data,2,0,2
list_empty(&mdev->bm_io_work.w.list),1,1,2
domain->pgtable == NULL,2,0,2
sizeof(struct bictcp) > TCP_CA_PRIV_SIZE,1,1,2
rport->hwbuf != NULL,1,1,2
!(pb->pb_flags & (PBF_DELWRI|_PBF_DELWRI_Q)),1,1,2
&nc_path->packet_list_lock,2,0,2
(chan == SDPCM_DATA_CHANNEL) || (chan == SDPCM_EVENT_CHANNEL),1,1,2
i == 0 && head != 0,1,1,2
!root->fs_info->enospc_unlink,1,1,2
sizeof(int) == 4,2,0,2
it->cache != &net->ipv6.mfc6_cache_array[it->ct],1,1,2
alloced == npages,1,1,2
ch->count < 0,1,1,2
old_mem_type != TTM_PL_VRAM && old_mem_type != VMW_PL_GMR && old_mem_type != VMW_PL_MOB,1,1,2
!sd->s_parent,1,1,2
policy->pol_req_queued > 0,2,0,2
hifdevice->dma_buffer != NULL,1,1,2
fid_seq(&dti->dti_fid) == fid_seq(first_fid),1,1,2
capa_cachep == NULL,1,1,2
"gl, ret",1,1,2
EFX_IRQ_MOD_MAX > (1 << FRF_AB_TC_TIMER_VAL_WIDTH),1,1,2
conn->ibc_state == IBLND_CONN_ACTIVE_CONNECT || conn->ibc_state == IBLND_CONN_PASSIVE_WAIT,2,0,2
sizeof(struct netlink_skb_parms) > sizeof(dummy_skb->cb),1,1,2
RB_EMPTY_ROOT(&ad->sort_list[BLK_RW_SYNC]),1,1,2
(ifp->if_flags & (XFS_IFEXTENTS|XFS_IFEXTIREC)) == XFS_IFEXTENTS,1,1,2
drvr_priv && (ifidx < DHD_MAX_IFS),1,1,2
!req->rq_pool || req->rq_reqbuf,1,1,2
nvec->rst,2,0,2
mode == (mode & -mode),1,1,2
n < chan->frag_number,1,1,2
"INT_GET(leaf_s->hdr.info.magic, ARCH_CONVERT) == XFS_DIR_LEAF_MAGIC",1,1,2
nr * sizeof *uu == sizeof(class_uuid_t),1,1,2
"(span <= 4) || (INT_GET(btree->hashval, ARCH_CONVERT) == hashval)",1,1,2
bo->sync_obj != NULL,1,1,2
reg->dev == NULL,1,1,2
be16_to_cpu(info->magic) == XFS_DA_NODE_MAGIC,1,1,2
inode->i_blocks != ocfs2_align_bytes_to_sectors(i_size_read(inode)),1,1,2
"XFS_DIR2_SF_GET_INUMBER(sfp, XFS_DIR2_SF_INUMBERP(sfep)) == args->inumber",1,1,2
"self->bulk_out_mtu == 64, ;",1,1,2
"ci->ci_num_cached != OCFS2_INODE_MAX_CACHE_ARRAY, ""Inode %llu, num cached = %u, should be %u\n"", (unsigned long long)oi->ip_blkno, ci->ci_num_cached, OCFS2_INODE_MAX_CACHE_ARRAY",1,1,2
"OFFSETOF(wl_scan_params_t, channel_list) == WL_SCAN_PARAMS_FIXED_SIZE",1,1,2
"p >= 0 && (unsigned int)p < chip->audio_outs,",1,1,2
head_blk != tail_blk,2,0,2
i >= RDS_CONG_MAP_PAGES,1,1,2
"skb != NULL, return -EFAULT;",2,0,2
"OCFS2_I(inode)->ip_orphaned_slot != orphaned_slot && OCFS2_I(inode)->ip_orphaned_slot != OCFS2_INVALID_SLOT, ""Inode %llu: Node %d says it's "" ""orphaned in slot %d, we think it's in %d\n"", (unsigned long long)OCFS2_I(inode)->ip_blkno, be32_to_cpu(resp->r_hdr.h_node_num), orphaned_slot, OCFS2_I(inode)->ip_orphaned_slot",1,1,2
"ntohl(sp->hdr.seq), <=, call->rx_data_recv + 1",2,0,2
"length % 4 == 0, return",1,1,2
PageNosave(virt_to_page(pagedir_save)),1,1,2
!l->use_count,1,1,2
is_empty_shadow_page(page_head->spt),1,1,2
"offsetof(srpc_msg_t, msg_body.tes_reqst.tsr_concur) == 72",1,1,2
!running,1,1,2
x86_read_percpu(cpu_tlbstate.active_mm) != next,1,1,2
atomic_read(&fsn_entry->refcnt) < 2,1,1,2
grctx,1,1,2
!current->journal_info,2,0,2
osd_req->r_ops[1].op == CEPH_OSD_OP_WRITE,1,1,2
"xfs_iflags_test(ip, (XFS_IRECLAIMABLE|XFS_IRECLAIM))",1,1,2
segid == MEMINTERNALID || segid == MEMEXTERNALID,1,1,2
!ctask->imm_count,1,1,2
"sonic != NULL && sonic->card != NULL, return -EINVAL",1,1,2
data->trace_pages.next->prev != &data->trace_pages,1,1,2
list_empty(&req->queuelist),1,1,2
p->nr_cpus_allowed <= 1,2,0,2
"ins->the_null_scb != NULL,return NULL",1,1,2
etdev->TxRing.nBusySend <= NUM_TCB,1,1,2
"err == 0, ""error destroying new cache: rc %d\n"", err",1,1,2
wbuf && lnum >= 0 && lnum < c->leb_cnt && offs >= 0,2,0,2
param->fsp_it != NULL,1,1,2
"cgroup_css(cgrp, ss)->cgroup != cgrp",1,1,2
spec->num_adc_nids >= ARRAY_SIZE(spec->private_adc_nids),1,1,2
!subsys->active,1,1,2
!private,1,1,2
"sdp, gh->gh_flags & GL_ATIME",1,1,2
a <= MAXARG_Ax,1,1,2
!list_empty(&tp->t_items),1,1,2
"play_substream && cap_substream, return -EINVAL",1,1,2
"false, (""Invalid WirelessMode(%#x)!!\n"", rtlpriv->mac80211.mode)",1,1,2
openInfo != NULL,1,1,2
l2 != &old_cset->cg_links,1,1,2
len + offset > PAGE_SIZE<<compound_order(page),1,1,2
!p_cluster,2,0,2
!ci->i_snap_realm,1,1,2
trans->block_rsv != &root->fs_info->trans_block_rsv,1,1,2
"""wrong callgraph"", !(PERF_SAMPLE_CALLCHAIN & evsel->attr.sample_type)",2,0,2
param == NULL,1,1,2
"scb->next_scb_ptr != NULL, return NULL",1,1,2
max_reqs == 0,1,1,2
"ISALIGNED((uintptr) txh->RTSPhyHeader, sizeof(uint16))",1,1,2
tp->starget_ref <= 0,1,1,2
dentry->d_parent == configfs_sb->s_root,1,1,2
"dev->dev_private, pipe",1,1,2
"op->n_pages, ==, 0",1,1,2
a >= 16*1048576,1,1,2
!(page_state == ECRYPTFS_PAGE_STATE_MODIFIED || page_state == ECRYPTFS_PAGE_STATE_READ),1,1,2
"pcm_oss_file != NULL, return -ENXIO",1,1,2
"oh->prcm.omap2.module_offs, ohri->rst_shift",1,1,2
TASK_SIZE_64 > MODULES_VADDR,2,0,2
obj_request->osd_req != NULL,1,1,2
"!asoc->rwnd_over, ""rwnd_over not zero"", return",1,1,2
"sdp, !list_empty(&sdp->sd_rindex_list)",1,1,2
newmsg_size >= req->rq_reqbuf->lm_buflens[1],1,1,2
sizeof(struct dot11_rts_frame) == DOT11_RTS_LEN,1,1,2
extent_op->parent != orig_parent,1,1,2
!dev_data->ats.enabled,1,1,2
total_dbuf < num,1,1,2
"(subdevice_id & 0xfff0) == ECHO3G, return -ENODEV",1,1,2
drvr_priv && ifp,1,1,2
(start ^ end) >> PAGE_SHIFT,2,0,2
!sbio->pagev[i],1,1,2
next_nr != padata->seq_nr,1,1,2
match,1,1,2
leader->tgid != tsk->tgid,1,1,2
!ring->suspended,1,1,2
"INT_GET(bestsp[i], ARCH_CONVERT) != NULLDATAOFF",1,1,2
"skb->len > 3, return -1;",2,0,2
atomic_read(&ctx->cc_refcount) > 1,1,1,2
(*res)->lgh_file == NULL,1,1,2
*licpp != NULL,1,1,2
PDC_OK != status,2,0,2
"!list_empty(&oi->ip_handle_list), ""Clear inode of %""MLFu64"" has non empty handle list\n"", oi->ip_blkno",1,1,2
!old_ent,1,1,2
mnt_get_count(real_mount(m)) < 2,1,1,2
!cachep->memcg_params,1,1,2
b >= smc->counts.nr,1,1,2
(type & XFS_BLF_TYPE_MASK) != 0,1,1,2
"INT_GET(agip->agi_seqno, ARCH_CONVERT) == agno",1,1,2
inlen & 3 || inlen >= MC_SMEM_PDU_LEN,1,1,2
size < LPAGE_SIZE,1,1,2
"last > first, ""last ""LPU64"" first ""LPU64""\n"", last, first",1,1,2
strm_mgr_obj->intf_fxns != NULL,1,1,2
!(EDMA_EN & readl(port_mmio + EDMA_CMD_OFS)),1,1,2
!(io_end->flag & EXT4_IO_END_UNWRITTEN),1,1,2
*nimaps <= 1,1,1,2
!iter,2,0,2
memory->sysdev.id != __section_nr(section),1,1,2
sizeof(skb->cb) < sizeof(struct wpan_xmit_cb),1,1,2
is_empty_shadow_page(page_hpa),1,1,2
"ktapc_ts_eqstr(gt->name, label->name)",1,1,2
policy->pol_req_queued == 0,2,0,2
be32_to_cpu(free->hdr.firstdb) == XFS_DIR2_MAX_FREE_BESTS(mp) * (fdb - XFS_DIR2_FREE_FIRSTDB(mp)),1,1,2
!netif_carrier_ok(dev),1,1,2
"inode->i_generation != le32_to_cpu(fe->i_generation), ""Invalid dinode %""MLFu64"" disk generation: %u "" ""inode->i_generation: %u\n"", oi->ip_blkno, le32_to_cpu(fe->i_generation), inode->i_generation",1,1,2
"device, atomic_read(&device->local_cnt) > 0",2,0,2
"objp != index_to_obj(cachep, slabp, objnr)",1,1,2
"!(TxIsocEPList[epid].command & IO_MASK(USB_EP_command, enable))",1,1,2
(uint) PKTHEADROOM(sdu) >= TXOFF,1,1,2
"runtime->avail + count <= runtime->buffer_size, ",1,1,2
(final - first) < BITS_PER_LONG && (final - first) >= 0,1,1,2
vma->vm_private_data != PRIV_VMA_LOCKED,1,1,2
!trim || (mval->br_blockcount <= len) || (mval->br_startoff < obno),1,1,2
inode->i_state == I_CLEAR,1,1,2
blkif->persistent_gnt_c > max_mapped_grant_pages(pending_req->blkif->blk_protocol),1,1,2
pct_bcr.c > ARC_PMU_MAX_HWEVENTS,1,1,2
bytes != 1 && bytes != 2,2,0,2
bsdr && bsdv,1,1,2
item->ip == ip,1,1,2
sh->ops.pending || sh->ops.ack || sh->ops.complete,1,1,2
!(le16_to_cpu(header->frame_ctl) & IEEE80211_FCTL_RETRY),1,1,2
h->cbh_elements3[hwm >> (2 * CBH_SHIFT)] == NULL,1,1,2
unlikely(last->vm_top < last->vm_end),1,1,2
path.dentry,1,1,2
!list_empty(&root->trans),1,1,2
RNDIS_MESSAGE_SIZE(RNDIS_SET_REQUEST) + sizeof(u32) <= sizeof(RNDIS_MESSAGE),1,1,2
used + count > QDIO_MAX_BUFFERS_PER_Q,1,1,2
e->lc_number != e->lc_new_number,2,0,2
OCFS2_I(inode)->ip_handle,1,1,2
"entry != NULL && entry->p != NULL, return -ENXIO",1,1,2
"bpf_delete_elem(map_fd, &key) == -1 && errno == ENOENT",2,0,2
be16_to_cpu(oldroot->hdr.info.magic) == XFS_DA_NODE_MAGIC,1,1,2
key.offset != start,1,1,2
BBTOB(offset + nbblks) <= XFS_BUF_SIZE(bp),1,1,2
"stale == INT_GET(btp->stale, ARCH_CONVERT)",1,1,2
file && mddev->bitmap_offset,1,1,2
s % MTHCA_MTT_SEG_SIZE,1,1,2
be16_to_cpu(tmp_info->magic) == be16_to_cpu(old_info->magic),1,1,2
skb_shinfo(nskb)->frag_list,1,1,2
i->state != NID_ALLOC,1,1,2
iip->ili_fields & XFS_ILOG_DEXT,1,1,2
"OBJ_INDEX_LOOKUP == 9, ""found %lld\n"", (long long)OBJ_INDEX_LOOKUP",2,0,2
__thread_has_fpu(tsk),1,1,2
res->backup->base.mem.mem_type != VMW_PL_MOB,2,0,2
jbd2_journal_head_cache == 0,1,1,2
(req->rq_state & RQ_LOCAL_MASK) == 0,1,1,2
"path_leaf_bh(left_path) == path_leaf_bh(right_path), ""Inode %lu: error during insert of %u "" ""(left path cpos %u) results in two identical "" ""paths ending at %llu\n"", inode->i_ino, insert_cpos, cpos, (unsigned long long) path_leaf_bh(left_path)->b_blocknr",1,1,2
rc >= efx->n_rx_queues,1,1,2
phb->cfg_addr == NULL,1,1,2
"dev->dev_private, to_intel_crtc(crtc)->pipe",1,1,2
regs->len < B3_RI_WTO_R1,1,1,2
sizeof(skb->cb) <= (sizeof(struct sockaddr_can) + sizeof(unsigned int)),1,1,2
be32_to_cpu(lep[i].hashval) >= be32_to_cpu(lep[i - 1].hashval),1,1,2
!ins->spdif_in_src,2,0,2
"!cgroup_css(cgroup_dummy_top, i)",1,1,2
"dbri != NULL && dbri->card != NULL, return -EINVAL",1,1,2
args->index < be16_to_cpu(leaf1->hdr.count),1,1,2
xfs_sb_version_has_pquotino(&mp->m_sb) || !XFS_IS_PQUOTA_ON(mp),2,0,2
p->state != TASK_WAKING,1,1,2
reg != fp->reg,1,1,2
!timer->expires || timer->expires > VTIMER_MAX_SLICE,1,1,2
r && (r <= ulim),1,1,2
gmsg->gum_mechidx == mechidx,1,1,2
"!test_bit(RPC_BC_PA_IN_USE, &req->rq_bc_pa_state)",1,1,2
"ltend <= INT_GET(XFS_BUF_TO_AGF(args->agbp)->agf_length, ARCH_CONVERT)",1,1,2
"offsetof(struct batadv_unicast_4addr_packet, src) != 10",1,1,2
"sdp, !error && bh_map.b_blocknr",1,1,2
"src_index != -1,return NULL",1,1,2
(guest_pte & PT_PAGE_SIZE_MASK),1,1,2
core->available,1,1,2
cpu_queue->queue.qlen,2,0,2
pkt->bio->bi_end_io != pkt_end_io_packet_write,1,1,2
!page || PageAnon(page),1,1,2
"ip->i_sbd, test_bit(GIF_MIN_INIT, &ip->i_flags)",1,1,2
stats->ojs_cntr_num > event,1,1,2
rbd_dev->watch_request != NULL,1,1,2
"fid_seq_is_norm(seq) || fid_seq_is_echo(seq) || fid_seq_is_idif(seq), LPX64""\n"", seq",1,1,2
controller_idx >= 0 && controller_idx < ARRAY_SIZE(map64),1,1,2
cfg != NULL,1,1,2
idx > wq->sq.size,1,1,2
c->lhead_lnum != c->ltail_lnum,2,0,2
hwacc_dev >= NUM_HW_ACC,1,1,2
findex < XFS_DIR2_MAX_FREE_BESTS(mp),1,1,2
rs->rs_rgd->rd_reserved < rs->rs_free,1,1,2
ch >= ARRAY_SIZE(channel_name),1,1,2
hash_table,1,1,2
sizeof(struct SXG_RCV_DESCRIPTOR_BLOCK) == SXG_RCV_DESCRIPTOR_BLOCK_SIZE,1,1,2
blk_no <= INT_MAX,2,0,2
!XFS_IS_GQUOTA_ON(mp),1,1,2
srv->name != NULL,1,1,2
"bitmap_allocate_region(vb->dirty_map, offset >> PAGE_SHIFT, order)",1,1,2
list_empty(&mdev->meta.work.q),1,1,2
!c->ro_mount,2,0,2
atomic_read(&xprt->xpt_ref.refcount) != 0,1,1,2
"INT_GET(agf->agf_flcount, ARCH_CONVERT) <= XFS_AGFL_SIZE(mp)",1,1,2
"INT_GET(dep->inumber, ARCH_CONVERT) == XFS_DIR2_SF_GET_INUMBER(sfp, &sfp->hdr.parent)",1,1,2
!se,1,1,2
srcTs == 0,1,1,2
!async,1,1,2
reserve != 0,1,1,2
p->numa_faults_buffer,1,1,2
PAGE_SIZE < IOMMU_PAGE_SIZE_4K,1,1,2
fence->work,1,1,2
"count % 2 == 0, return",1,1,2
height == 0,1,1,2
sdt->app_tag == 0xffff,1,1,2
!req->r_pages,1,1,2
error || (ip != NULL),1,1,2
!dio->is_async && ret2 != 0,1,1,2
iomap.iomap_bsize - iomap_delta > 0,1,1,2
bma->gotp->br_startoff + bma->gotp->br_blockcount >= aoff + alen,1,1,2
(gfp & GFP_MOVABLE_MASK) == GFP_MOVABLE_MASK,1,1,2
IS_ERR_OR_NULL(c),1,1,2
"(next_lip == (xfs_log_item_t*)base) || (XFS_LSN_CMP(next_lip->li_lsn, lip->li_lsn) <= 0)",1,1,2
se_len > sizeof(buffer),1,1,2
OVS_KEY_ATTR_TUNNEL_INFO != 24,1,1,2
ubi->mtd->writebufsize % ubi->mtd->writesize == 0,1,1,2
!(dma_reason[5] & BCM43xx_DMAIRQ_RX_DONE),1,1,2
mdblocks < EXT4_I(inode)->i_reserved_meta_blocks,1,1,2
ident != TAG_IDENT_PVD,1,1,2
ktrace_hdr_zone,1,1,2
!tcp_ctask->dtask,1,1,2
!list_empty(&pchnl->io_completions),1,1,2
NUM_RFKILL_TYPES != RFKILL_TYPE_WWAN + 1,1,1,2
!ubi->move_to_put && !ubi->move_from_put,1,1,2
obd->obd_lu_dev,1,1,2
device->state.disk == D_DISKLESS && device->state.conn == C_STANDALONE,1,1,2
ip->i_afp->if_broot_bytes > 0,1,1,2
"IS_ALIGNED((uintptr) frame, 2)",1,1,2
(unsigned long)ctx & 3,1,1,2
"ch >= 0, return -EINVAL",1,1,2
evlist->mmap[idx].refcnt == 0,1,1,2
!(mres->flags & DLM_MRES_RECOVERY),2,0,2
is_vma_temporary_stack(vma),2,0,2
lov->lo_type == LLT_EMPTY || lov->lo_type == LLT_RELEASED,2,0,2
map->num_nodes == 0,1,1,2
ip->i_ino == ino,1,1,2
params_size >= BRCMF_C_IOCTL_SMLEN,1,1,2
dti,1,1,2
&rs->rs_lock,2,0,2
mask == 0,1,1,2
j == 1,1,1,2
!list_empty(&dev_priv->bsd_ring.request_list),1,1,2
tail_to_skip != 0,1,1,2
!(cachep->flags & SLAB_RED_ZONE),2,0,2
num_rcvd != 1,1,1,2
bm_ext->lce.refcnt > 0,1,1,2
position >= BHV_POSITION_BASE && position <= BHV_POSITION_TOP,1,1,2
XFS_BUF_IODONE_FUNC(bp) != NULL,1,1,2
offset == MSR_INVALID,2,0,2
"ret, inode->i_sb",2,0,2
!trident || !substream,2,0,2
IsListEmpty(&listHead),1,1,2
!rdev->ops->auth,1,1,2
level > BTRFS_MAX_LEVEL,1,1,2
np->csr6,1,1,2
ip->i_blkno != 0,1,1,2
!(ch->flags & XPC_C_OPENREQUEST),1,1,2
!map->format.format_write && !map->format.format_val,1,1,2
cipher_name_len >= ECRYPTFS_MAX_CIPHER_NAME_SIZE,1,1,2
_calc_walked(out) > dd->out_sg->length,2,0,2
pObj->TimerQThr_task == NULL,1,1,2
ctask->sc->request_bufflen == 0,1,1,2
&rq->rt != rt_rq,2,0,2
cno < 1 || cno > nilfs_mdt_cno(cpfile) || (cno < nilfs_mdt_cno(cpfile) && create),1,1,2
"count == 0, ""Some RPCs are still "" ""unregistering: %d\n"", count",1,1,2
"ntohl(sp->hdr.seq), >=, call->rx_data_recv",2,0,2
"(int)sizeof(((struct hsm_attrs *)0)->hsm_arch_ver) == 8, ""found %lld\n"", (long long)(int)sizeof(((struct hsm_attrs *)0)->hsm_arch_ver)",1,1,2
XFS_IS_OQUOTA_ON(tp->t_mountp),1,1,2
!val,2,0,2
(*res)->lgh_obj != NULL,1,1,2
ret < 0 || m->nr_pages < want,1,1,2
a != ex_ee_block,1,1,2
"INT_GET(leaf1->hdr.count, ARCH_CONVERT) + INT_GET(leaf2->hdr.count, ARCH_CONVERT) == oldsum",1,1,2
length == XFS_IALLOC_BLOCKS(mp),1,1,2
XFS_BUF_COUNT(bp) >= ((uint)bit << XFS_BLI_SHIFT)+(nbits<<XFS_BLI_SHIFT),1,1,2
wr || !delay,1,1,2
dif && (scmd->cmnd[0] == READ_6 || scmd->cmnd[0] == WRITE_6),1,1,2
i < uuid_table_size,1,1,2
!(__mask) || !is_valid_mask(__mask) || (__mask) != (u16)(__mask),1,1,2
curdesc == bdp,1,1,2
"skb->len >= TTP_HEADER, return;",2,0,2
request->BytesXfer <= request->DataBuffer.Length,1,1,2
blkinfo->magic == cpu_to_be16(XFS_DA_NODE_MAGIC),1,1,2
"XFS_BUF_FSPRIVATE3(bp, void *) != NULL",1,1,2
sizeof(flags) != sizeof(unsigned long),1,1,2
ioc_type == BFA_IOC_TYPE_FC,1,1,2
!(txh && rxh),1,1,2
"GFS2_SB(inode), !create",1,1,2
"pcm_channel->src_slot >= 0 && pcm_channel->src_slot < DSP_MAX_SRC_NR, return ",1,1,2
!dev->ats_cap || !dev->ats_enabled,1,1,2
lockspace != msg->h_lockspace,1,1,2
"bind_irq_vector(irq, vector, CPU_MASK_ALL)",2,0,2
"findex < INT_GET(free->hdr.nvalid, ARCH_CONVERT)",1,1,2
((unsigned long)frame % DHD_SDALIGN) == 0,1,1,2
"card != NULL && card->private_data != NULL, return -EINVAL",1,1,2
ref_flags(xd->node) != REF_UNCHECKED,1,1,2
&ima_iint_lock,1,1,2
request->ttype != tmf_task,1,1,2
be32_to_cpu(dip->di_next_unlinked) == NULLAGINO,1,1,2
cwq->flush_color != -1,1,1,2
"object->n_ops, >=, object->n_exclusive",2,0,2
ARRAY_SIZE(minstrel_mcs_groups) != MINSTREL_MAX_STREAMS * MINSTREL_STREAM_GROUPS,1,1,2
hifdevice != NULL,1,1,2
bp == NULL,2,0,2
!(mp->m_flags & XFS_MOUNT_WSYNC),1,1,2
PageCount <= MAX_PAGE_BUFFER_COUNT,1,1,2
avail == I915_FENCE_REG_NONE,1,1,2
hwif->handler,2,0,2
lpar_rc != H_NOT_FOUND,1,1,2
!list_empty(&bd->bd_le.le_list),1,1,2
old_blk->magic == new_blk->magic,1,1,2
index != IBM_VETH_INVALID_MAP,1,1,2
bio->bi_phys_segments && nsegs > bio->bi_phys_segments,1,1,2
&wq_mutex,1,1,2
hpa >> addr_width,1,1,2
18 - 1 != HWEIGHT32( O_RDONLY | O_WRONLY | O_RDWR | O_CREAT | O_EXCL | O_NOCTTY | O_TRUNC | O_APPEND | __O_SYNC | O_DSYNC | FASYNC | O_DIRECT | O_LARGEFILE | O_DIRECTORY | O_NOFOLLOW | O_NOATIME | O_CLOEXEC | __FMODE_EXEC ),1,1,2
entry->dev->current_state != PCI_D0,1,1,2
ostid_seq(&lsm->lsm_oi) == FID_SEQ_ECHO,1,1,2
!PageHWPoison(p),1,1,2
pwq->flush_color != -1,1,1,2
!spin_is_locked(&sk->sk_lock.slock) && !sock_owned_by_user(sk),1,1,2
retval == ENOSPC,1,1,2
sizeof(SXG_RCV_DESCRIPTOR_BLOCK) == SXG_RCV_DESCRIPTOR_BLOCK_SIZE,1,1,2
list_empty(&mcastq->axq_q),1,1,2
(flags & (XFS_PROJ_QUOTA | XFS_GROUP_QUOTA)) != (XFS_PROJ_QUOTA | XFS_GROUP_QUOTA),1,1,2
"(int)offsetof(struct som_attrs, som_ioepoch) == 8, ""found %lld\n"", (long long)(int)offsetof(struct som_attrs, som_ioepoch)",1,1,2
"pci_id->driver_data < PCI_ID_LAST, return -ENODEV",1,1,2
obj_request->which == BAD_WHICH,2,0,2
bio->bi_rw & REQ_FLUSH,2,0,2
"!drm_mm_search_free(&dev_priv->mm.gtt_space, min_size, alignment, 0)",1,1,2
(ip->i_afp->if_real_bytes == 0) || (ip->i_afp->if_real_bytes == data_bytes),1,1,2
mm->scanned_blocks,2,0,2
"false, (""Another mac power off over time\n"")",1,1,2
device->open_cnt == 0,1,1,2
timestamp < time_begin,1,1,2
sizeof(struct hybla) > TCP_CA_PRIV_SIZE,1,1,2
index > EFX_TXQ_MASK,1,1,2
"(int)sizeof(((struct mdt_body *)0)->unused1) == 8, ""found %lld\n"", (long long)(int)sizeof(((struct mdt_body *)0)->unused1)",1,1,2
"(rmh.stat[0] & MASK_FIRST_FIELD) == mgr->playback_chips*2, return -EINVAL",1,1,2
work != &release_agent_work,1,1,2
smc->counts.counts[*b] != 0,1,1,2
isci_request->io_request_completion != NULL,1,1,2
gop - queue->tx_unmap_ops > MAX_PENDING_REQS,1,1,2
XFS_I(inode) == NULL,1,1,2
le32_to_cpu(left->header.nr_entries) > le32_to_cpu(left->header.max_entries),1,1,2
"r_chip != NULL, return -EINVAL",1,1,2
sizeof(struct SXG_UCODE_REGS) == SXG_REGISTER_SIZE_PER_CPU,1,1,2
"logcookies && numcookies >= lsm->lsm_stripe_count, ""logcookies %p, numcookies %d lsm->lsm_stripe_count %d \n"", logcookies, numcookies, lsm->lsm_stripe_count",1,1,2
prev_end_pfn > start_pfn,1,1,2
atomic_read(&req->completion_ref) == 0,1,1,2
"state <= SNDRV_PCM_STATE_LAST, return NULL",1,1,2
ppgtt->num_pd_pages > GEN8_LEGACY_PDPES,1,1,2
s.compute > 2,1,1,2
stream_obj->segment_id > 0,1,1,2
"sk != NULL, return;",1,1,2
skb->data,1,1,2
RX_DESC_CNT,1,1,2
totsize > sizeof(xfs_attr_sf_hdr_t) || args->addname || (mp->m_flags & XFS_MOUNT_COMPAT_ATTR),1,1,2
modeset->num_connectors,1,1,2
*(u16*)(dac->lbuf + dac->nextOut) == outTicket,1,1,2
tgt != NULL,2,0,2
spin_is_locked(&page_pools.epp_lock),1,1,2
!csr,1,1,2
offset >= (char *)dup - (char *)d,1,1,2
chain->cooked_count < count,1,1,2
chunk->sg == NULL,1,1,2
RcvDescriptorBlockHdr,1,1,2
"!(lock_flags & XFS_ILOCK_SHARED) || (ismrlocked(&ip->i_lock, MR_ACCESS))",1,1,2
ptp->mode != MC_CMD_PTP_MODE_V2,1,1,2
channel != OMAP_DSS_CHANNEL_LCD2,1,1,2
"boot->size % 3 == 0, return -EINVAL",1,1,2
q == NULL,1,1,2
maniptype == IP_NAT_MANIP_SRC || maniptype == IP_NAT_MANIP_DST,1,1,2
new_mode == LCK_COS,1,1,2
host->dma.num_ents > NR_SG,1,1,2
len > TX_BUF_SIZE - padding - 1,1,1,2
i != wd->sta.bssList.bssCount,1,1,2
sizeof(skb->queue_mapping) != sizeof(qdisc_skb_cb(skb)->bond_queue_mapping),1,1,2
!mntpt->d_inode,1,1,2
"dev_priv, to_intel_crtc(encoder->base.crtc)->pipe",1,1,2
FLAGS_RESERVED != 32,1,1,2
"priv->tty->driver->tiocmset != NULL, return -1;",1,1,2
priv == NULL,1,1,2
wiov.i == wiov.used,2,0,2
lov->lo_type == LLT_RAID0,2,0,2
pb->pb_target == target,1,1,2
unlikely(pad >= vdev_to_v4l2_subdev( fh->vfh.vdev)->entity.num_pads),1,1,2
speed != BFA_PPORT_SPEED_AUTO,1,1,2
mp->m_dircook_elog <= mp->m_sb.sb_blocklog,1,1,2
rbno != NULLFSBLOCK || lbno != NULLFSBLOCK,1,1,2
"be16_to_cpu(map->size) >= xfs_attr_leaf_newentsize(args->namelen, args->valuelen, mp->m_sb.sb_blocksize, NULL)",1,1,2
data->num_sensors >= data->max_sensors || data->num_attributes >= data->max_attributes,1,1,2
s->memcg_params && !s->memcg_params->is_root_cache,1,1,2
!system_wq || !system_highpri_wq || !system_long_wq || !system_nrt_wq || !system_unbound_wq || !system_freezable_wq || !system_nrt_freezable_wq,1,1,2
rcu_dereference(ip_nat_amanda_hook),1,1,2
ip_nat_amanda_hook,1,1,2
"obj != NULL, return -1;",2,0,2
"ctl != NULL && ctl->card != NULL, return -ENXIO",1,1,2
cursor->vector_offset != bio_vec->bv_len,1,1,2
size <= UPDATE_BUFFER_SIZE,1,1,2
"rcu_read_lock_held() || lockdep_is_held(&devcgroup_mutex), ""device_cgroup::may_access() called without proper synchronization""",1,1,2
"(notif_event & MSG_CANCEL_NOTIFY_MASK) == 0, return -EINVAL",1,1,2
page_pools.epp_growing,1,1,2
!ib_conn,1,1,2
"k < ARRAY_SIZE(c->deps), return -EINVAL",1,1,2
!page_count(kpte_page),1,1,2
sizeof(struct i596_private) > 4096,1,1,2
!(*result) && result2,1,1,2
"new_rate != tegra2_periph_clk_round_rate(c, new_rate)",1,1,2
"FD(evsel, cpu, thread_index) >= 0",1,1,2
(m3 >= 2) && (m3 <= 7),1,1,2
"ISALIGNED((uintptr) pktdata, sizeof(uint16))",1,1,2
"!nv_iclass(obj, NV_ENGINE_CLASS)",1,1,2
symlen != inode->i_size,1,1,2
FIXADDR_SIZE > PMD_SIZE,1,1,2
p != argp->tmpp,1,1,2
dfp == &hdr->bestfree[2],1,1,2
site != NULL,1,1,2
"!(pci_unmap_addr( &unmap_q->unmap_array[unmap_cons], dma_addr))",1,1,2
fl->fl_end > NLM_OFFSET_MAX && fl->fl_end != OFFSET_MAX,1,1,2
"INT_GET(agf->agf_length, ARCH_CONVERT) == INT_GET(agi->agi_length, ARCH_CONVERT)",1,1,2
con->state != CON_STATE_CLOSED,1,1,2
req->rq_reqmsg == NULL,2,0,2
*sga_cbfn != NULL,1,1,2
free_slots(ring) != 0,1,1,2
phy->type == BCM43xx_PHYTYPE_G,1,1,2
d->dd_ops->dt_trans_create,1,1,2
!list_empty(&tsk->ptrace_children),1,1,2
atomic_read(&bbio->stripes_pending) == 0,1,1,2
cpu_cache_get(&cache_cache) != &initarray_cache.cache,1,1,2
"ncontrol->info != NULL, return NULL",1,1,2
found_len > 128,1,1,2
(iter->head_page == cpu_buffer->tail_page) && (iter->head + length > cpu_buffer->tail),1,1,2
!sbi->total_valid_block_count,1,1,2
cg1->root != cg2->root,1,1,2
free != pa->pa_free,1,1,2
"v >= 0, return -EINVAL",1,1,2
i && sym_get_cam_status(cp->cmd) == CAM_REQUEUE_REQ,1,1,2
!cpu->lg->pgdirs[cpu->cpu_pgd].switcher_mapped,1,1,2
(XFS_IS_GQUOTA_ON(mp) ? ip->i_d.di_gid : ip->i_d.di_projid) == be32_to_cpu(gdqp->q_core.d_id),1,1,2
!pmb_cache,1,1,2
sizeof(srpc_msg_t) == 160,1,1,2
rx_buf->page,1,1,2
req->r_data_in.type != CEPH_OSD_DATA_TYPE_PAGES,1,1,2
mode & ~(DISPC_LOAD_CLUT_ONLY | DISPC_LOAD_FRAME_ONLY | DISPC_LOAD_CLUT_ONCE_FRAME),1,1,2
i >= powernv_pstate_info.nr_pstates || i < 0,1,1,2
(csrow < 0) || (csrow >= pvt->cs_count),1,1,2
"sdp, (new->gh_flags & LM_FLAG_ANY) || !(existing->gh_flags & LM_FLAG_ANY)",1,1,2
((tEplPtrInstance)pInstance)->m_InstState == kStateUsed,1,1,2
!btrfs_is_leaf(leaf),1,1,2
(u32)(address >> 32) != 0L,1,1,2
nritems == 0,1,1,2
"""wrong number of groups"", 0 == evlist->nr_groups",2,0,2
cpu_ptr == NULL,2,0,2
!list_empty(&edmac->queue),2,0,2
dma_pte_addr(*pte),1,1,2
"!cfs_hash_with_assert_empty(hs), ""hash %s bucket %u(%u) is not "" "" empty: %u items left\n"", hs->hs_name, bd.bd_bucket->hsb_index, bd.bd_offset, bd.bd_bucket->hsb_count",1,1,2
be16_to_cpu(save_leaf->hdr.info.magic) == XFS_ATTR_LEAF_MAGIC,1,1,2
be64_to_cpu(rblock->bb_rightsib) == NULLDFSBNO,1,1,2
page->ptl,1,1,2
!LST_IS_EMPTY(pchnl->pio_completions),1,1,2
compr_type >= 0 && compr_type < UBIFS_COMPR_TYPES_CNT,2,0,2
cmdinfo->state & COMMAND_COMPLETED,1,1,2
"""Core ID doesn't match"", (session->header.env.cpu[map->map[i]].core_id == (cpu_map__get_core(map, i) & 0xffff))",1,1,2
atomic_long_read(&c->dirty_zn_cnt) == 0,2,0,2
addr->addr_type != IEEE802154_ADDR_SHORT,1,1,2
pfn_valid(pfn),1,1,2
zone >= GFP_ZONETYPES,1,1,2
!pdev_id,1,1,2
elevator_find(e->elevator_name),1,1,2
"""wrong nr"", map->nr == 1",2,0,2
Packet->PageBuffers[0].Length > RNDIS_MESSAGE_SIZE(RNDIS_PACKET),1,1,2
!bcm->active_80211_core,1,1,2
obd->obd_type->typ_name,1,1,2
m->mo_ops->moo_attr_get,1,1,2
!left_buf,1,1,2
"sdp, unused >= 0",1,1,2
vr0->info->magic == MIC_MAGIC + type,1,1,2
reqhdr,1,1,2
bits & ~gpct_joint_reset_mask,1,1,2
&dio->bio_lock,1,1,2
!list_empty(&dev_priv->bsd_ring.active_list),1,1,2
!(current->flags & PF_DEAD),1,1,2
!list_empty(&vblk->reqs),1,1,2
"!error, printk(""%s: num=%x,%""PRIx64"" err=%d cur=%d req=%d lkf=%x\n"", ls->fsname, lp->lockname.ln_type, lp->lockname.ln_number, error, lp->cur, lp->req, lp->lkf);",1,1,2
RBD_MAX_MD_NAME_LEN < RBD_MAX_OBJ_NAME_LEN + sizeof (RBD_SUFFIX),1,1,2
btrfs_header_level(header) != 1,1,1,2
lock->l_granted_mode == 1 << idx,2,0,2
nd.path.dentry->d_inode,1,1,2
"""wrong refcnt"", other_mg->refcnt == 2",1,1,2
"chan != NULL, return",1,1,2
"cpumask_test_cpu(cpu, cptab->ctb_parts[cpt].cpt_cpumask)",2,0,2
op->processor != NULL,2,0,2
src && dest,1,1,2
card->run_thread,1,1,2
"!XFS_INOBT_IS_FREE(&rec, off)",1,1,2
e4b->bd_bitmap_page == NULL,2,0,2
buddy == NULL,2,0,2
error2,1,1,2
(n_oos - device->rs_failed) == 0,1,1,2
psr & (IA64_PSR_I),2,0,2
got.br_startoff <= aoff,1,1,2
&log->io_list_lock,2,0,2
nritems > BTRFS_NODEPTRS_PER_BLOCK(root),1,1,2
bhp->bh_first != NULL,1,1,2
start + size > start_r + size_r,1,1,2
(_pAdapt)->AllRcvBlockCount >= (_pAdapt)->FreeRcvBlockCount,1,1,2
"p != MAP_FAILED || !""mmap returned an unexpected error""",1,1,2
last_request->wiphy->regd,1,1,2
!msg->msg_rx_committed,2,0,2
ring->outstanding_lazy_request == 0,1,1,2
siu > 1,1,1,2
level >= BTRFS_MAX_LEVEL,1,1,2
msg->lm_buflens[0] >= sizeof(*ghdr) + (handle ? handle->len : 0),1,1,2
iomap.iomap_bsize - iomap.iomap_delta > 0,1,1,2
"INT_GET(bf[1].length, ARCH_CONVERT) >= INT_GET(bf[2].length, ARCH_CONVERT)",1,1,2
dq_f->qlf_len == 1,2,0,2
val != AFMT_QUERY,1,1,2
"sbi, max_slots < 0",1,1,2
db->nextOut == db->fragTotalSize,1,1,2
"test_bit(epid, (void *)&epid_usage_bitmask)",1,1,2
Count < 0,1,1,2
list_empty(&private_devs),1,1,2
!obj->pin_mappable && map_and_fenceable,1,1,2
ident_pfn_iter + P2M_PER_PAGE > start_pfn + size,1,1,2
ZD_CS_RATE_MASK == 0x0f,1,1,2
start_slot < 0,1,1,2
cursor->vector_offset + bytes > bio_vec->bv_len,1,1,2
SKB_GSO_MPLS != (NETIF_F_GSO_MPLS >> NETIF_F_GSO_SHIFT),1,1,2
Channel->OnChannelCallback,1,1,2
d->dm_dev.bdev,1,1,2
!pmu_reg,1,1,2
pgoff < max_bufs,1,1,2
"INT_GET(free->hdr.firstdb, ARCH_CONVERT) == XFS_DIR2_MAX_FREE_BESTS(mp) * (fdb - XFS_DIR2_FREE_FIRSTDB(mp))",1,1,2
"ai_core_sflags(wlc_hw->sih, 0, 0) & SISF_FCLKA",1,1,2
"ISALIGNED(offset, sizeof(uint32))",1,1,2
mdev->ee_hash_s == 0,1,1,2
cis,1,1,2
"INT_GET(dfp->length, ARCH_CONVERT) == INT_GET(dup->length, ARCH_CONVERT)",1,1,2
gctx_kr->gck_timer == NULL,1,1,2
(this->options & NAND_USE_FLASH_BBT_NO_OOB) && !(this->options & NAND_USE_FLASH_BBT),1,1,2
"!PageHeadHuge(page), page",2,0,2
task->task_state_flags & SAS_TASK_STATE_ABORTED,1,1,2
"card != NULL && id != NULL, return NULL",1,1,2
"rcu_read_lock_sched_held() || lockdep_is_held(&wq->mutex), ""sched RCU or wq->mutex should be held""",1,1,2
bvec->bv_len <= PAGE_SIZE,1,1,2
"!resmap_page_reserved(res_map, page_nr)",1,1,2
 ( (db->count == db->fragTotalSize) && (db->nextIn == db->nextOut) ) || ( (db->count < db->fragTotalSize) && (db->nextIn != db->nextOut) ) ,1,1,2
usb1_reset,2,0,2
mdev->tconn->oldest_tle == mdev->tconn->newest_tle,1,1,2
ret == 0 && !(vma->vm_flags & VM_MAYSHARE),1,1,2
!orig_request->osd_req,1,1,2
i > max_entries,1,1,2
brd_state == BRD_LOADED,1,1,2
nfrozen > 0,1,1,2
atomic_read(&new_backup->base.reserved) == 0,1,1,2
wq->flush_color == wq->work_color,1,1,2
tfm,1,1,2
skb->nh.iph->protocol != IPPROTO_TCP,1,1,2
!(lli->lli_flags & LLIF_DONE_WRITING),2,0,2
payload_addr - priv->memory_pool[0].start > PAYLOAD_AREA_SIZE,1,1,2
"offsetof(struct thread_vr_state, vscr) != offsetof(struct thread_vr_state, vr[32])",2,0,2
PageNosaveFree(virt_to_page(pagedir_save)),1,1,2
aid<=64,1,1,2
"!pair || type == YMFPCI_PCM, return -EINVAL",1,1,2
phr->h.specific_error > MIN_STRV_PACKET_SIZE && phr->h.specific_error < 1500,1,1,2
sh->ops.pending,1,1,2
!timeri,2,0,2
"llabs(after - before - length) < 0x40000 || !""rss didn't grow as expected""",1,1,2
"!list_empty(&sh->lru) && !test_bit(STRIPE_EXPANDING, &sh->state)",1,1,2
EFX_FARCH_FILTER_TABLE_RX_IP != (EFX_FILTER_TCP_FULL >> 2),1,1,2
(adapter->ReceiveBufferSize == SXG_RCV_DATA_BUFFER_SIZE) || (adapter->ReceiveBufferSize == SXG_RCV_JUMBO_BUFFER_SIZE),1,1,2
ptr == new_lv->lv_buf + new_lv->lv_buf_len,1,1,2
rc == -ENOENT,1,1,2
"sdp, dip->i_di.di_entries < (1 << 16)",1,1,2
flex_gd->count == 0 || group_data == NULL,2,0,2
"ergo(crt == CRT_WRITE && pg->cp_type == CPT_CACHEABLE, equi(result == 0, PageWriteback(cl_page_vmpage(env, pg))))",1,1,2
mirror_num == 0,1,1,2
"ichdr->freemap[mapindex].size >= xfs_attr_leaf_newentsize(args->namelen, args->valuelen, args->geo->blksize, NULL)",1,1,2
!entropylen,2,0,2
optname < RDS_INFO_FIRST || optname > RDS_INFO_LAST,2,0,2
!keystone_rstctrl,1,1,2
ltnew + rlen <= ltbno + ltlen,1,1,2
(_Sgl)->State == SXG_BUFFER_FREE,1,1,2
eb == root->node,1,1,2
"data->conv >= 0 && data->conv < 4*2*2, return -EINVAL",1,1,2
lock->cll_state != CLS_FREEING,2,0,2
"xfs_dir3_sfe_get_ino(dp->i_mount, sfp, sfep) == args->inumber",1,1,2
(pchnl->state & CHNL_STATECANCEL),1,1,2
!(efip->efi_flags & XFS_EFI_RECOVERED),1,1,2
port_info->playback.rw_flg || port_info->capture.rw_flg,1,1,2
down_trylock (&data->lock) != 0,1,1,2
EFX_FILTER_TABLE_RX_IP != (EFX_FILTER_RX_TCP_FULL >> 2),1,1,2
r->ctarget != NULL,1,1,2
ud,1,1,2
nfdt->max_fds < fdt->max_fds,1,1,2
"atomic_read(&conn->usage), ==, 0",2,0,2
timer->function(timer) != HRTIMER_NORESTART,1,1,2
msglen % 8 == 0,1,1,2
!bufs,2,0,2
"!(pc->flags & PCG_MEM), oldpage",1,1,2
IS_ERR(log),1,1,2
"device, sector == bio->bi_iter.bi_sector",1,1,2
page->active,2,0,2
bh->b_bdev != inode->i_sb->s_bdev,1,1,2
!item || !item->ci_dentry || !attr,1,1,2
((int)preempt_count() < 0),1,1,2
atomic_read(&dev->vblank[crtc].refcount) == 0,1,1,2
"spec->num_mixers < ARRAY_SIZE(spec->mixers), break",1,1,2
obj->pin_count == 0,1,1,2
fid_is_zero(old),1,1,2
(iter->head_page == cpu_buffer->tail_page) && (iter->head + length > cpu_buffer->tail_page->write),1,1,2
"sdev->card != NULL, return -ENODEV",1,1,2
upper->checked,2,0,2
port != SCI_INVALID_HANDLE,1,1,2
((size_t)SAS_ADDR_SIZE / 2) != sizeof(properties.remote.sas_address.low),1,1,2
(XFS_BUF_SIZE(bp) & BBMASK) == 0,1,1,2
ref->in_tree,1,1,2
level > MAX_LEVEL,1,1,2
"rcu_read_lock_held() || lockdep_is_held(&files->file_lock), ""suspicious rcu_dereference_check() usage""",1,1,2
bus_num != NULL,1,1,2
"sdp, !atomic_read(&ip->i_count)",1,1,2
totsize > sizeof(xfs_attr_sf_hdr_t) || args->addname || !(mp->m_flags & XFS_MOUNT_ATTR2),1,1,2
s->uptodate < disks,1,1,2
rv == FE_STILL_LIVE,1,1,2
!file->f_mapping->a_ops->get_xip_page,1,1,2
svcpt->scp_rqbd_allocating == 1,2,0,2
ul_trace_sec_beg != 0,1,1,2
"IS_ALIGNED((unsigned long)di->txd32, align)",1,1,2
(be16_to_cpu(leaf1->hdr.info.magic) == XFS_DIR_LEAF_MAGIC) && (be16_to_cpu(leaf2->hdr.info.magic) == XFS_DIR_LEAF_MAGIC),1,1,2
(flags & ~(SYNC_TRYLOCK|SYNC_WAIT|SYNC_IOWAIT)) == 0,1,1,2
vlandev->real_num_tx_queues > vlandev->num_tx_queues,1,1,2
"offset + loopsize <= blocksize, return -EINVAL",1,1,2
max_slots > NFS4_MAX_SLOT_TABLE,1,1,2
(xm >> (SP_FBITS + 1)) == 0,2,0,2
!unmap,1,1,2
object->_magic != NVKM_OBJECT_MAGIC,1,1,2
sizeof(struct p_handshake) != 80,1,1,2
(fix_size > TFD39_MAX_PAYLOAD_SIZE) && !(cmd->meta.flags & CMD_SIZE_HUGE),1,1,2
(PHYSADDRHI(pa) & PCI64ADDR_HIGH) == 0,1,1,2
"index < num_busses_out(chip) + num_busses_in(chip), return -EINVAL",1,1,2
guard_p >= (void *)hpi_entity_ptr_to_next(*next),1,1,2
tmp == this_parent,1,1,2
msg->pages,1,1,2
b.buf - base <= MAXSZ_NVRAM_VARS,1,1,2
list_empty(&mdev->tconn->meta.work.q),1,1,2
new->state != CLOCK_EVT_STATE_DETACHED,1,1,2
flushed_updates->context != updates->context,1,1,2
svc_gctx && svc_gctx->gsc_mechctx,1,1,2
!(BBTOB(blkno) & (xfs_off_t)btp->bt_smask),1,1,2
!drv->ops->assoc,1,1,2
drvr_priv != NULL,1,1,2
"dev->dev_private, to_intel_crtc(crtc)->plane",1,1,2
offset <= 0,1,1,2
qe_ic == NULL,2,0,2
"INT_GET(dip->di_next_unlinked, ARCH_CONVERT) == NULLAGINO",1,1,2
last_vcn < -1,2,0,2
msg->trail,1,1,2
atomic_read(&host->h_count),1,1,2
p || stopper->enabled || !list_empty(&stopper->works),1,1,2
cycle - 1 == CYCLE_LSN(tail_lsn),1,1,2
n > ni_660x_max_source_pin,1,1,2
header.size != 16,1,1,2
!nommu_region_tree.rb_node,2,0,2
length > NFS3_MAXPATHLEN,1,1,2
"!(remote && rw == WRITE && test_bit(CREATE_BARRIER, &mdev->tconn->flags))",1,1,2
unit < 0,1,1,2
uip || gip,1,1,2
efx->max_channels == 0,1,1,2
"INT_GET(drop_leaf->hdr.info.magic, ARCH_CONVERT) == XFS_DIR2_LEAFN_MAGIC",1,1,2
ext4_ext_get_actual_len(newext) == 0,1,1,2
"!bset_written(b, bset_tree_last(b)) && (bset_tree_last(b)->size || b->nsets)",1,1,2
css->id < 0,2,0,2
(ptr != NULL && size >= sizeof(int)),1,1,2
"substream != NULL, return NULL",1,1,2
i >= KMALLOC_CACHES,1,1,2
pw->is_scheduled,1,1,2
connection->agreed_pro_version < 100,1,1,2
NR_CPUS != 1 && !spin_is_locked(&khugepaged_mm_lock),2,0,2
blk_addr < SEG0_BLKADDR(sbi),1,1,2
"srhi->srhi_seq == srhi->srhi_req->rq_history_seq, ""%s:%d: seek seq ""LPU64"", request seq ""LPU64""\n"", svcpt->scp_service->srv_name, svcpt->scp_cpt, srhi->srhi_seq, srhi->srhi_req->rq_history_seq",1,1,2
"IS_ALIGNED((uintptr) di->txd32, align)",1,1,2
IS_ERR(rdev) || !rdev,1,1,2
"test_bit(CSS_ROOT, &mc.to->css.flags)",1,1,2
c < mea->mea_count,1,1,2
&rect->list == &rectangles,1,1,2
"XFS_BMAP_BLOCK_IMAXRECS(level, cur) == XFS_BMAP_BROOT_MAXRECS(ifp->if_broot_bytes)",1,1,2
!requested,2,0,2
"!test_bit(BITMAP_IO_QUEUED, &device->flags)",1,1,2
!next_node->scanned_next_free,1,1,2
cfg->ref == 0,1,1,2
"spec->stream_digital_capture, return -EINVAL",1,1,2
!bus->ops.attach_pcm,1,1,2
be16_to_cpu(bestsp[i]) != NULLDATAOFF,1,1,2
node2_type == NODE_GPP,1,1,2
ring_size & (ring_size - 1),1,1,2
!list_empty(&lv->lv_item->li_cil),1,1,2
!virt_addr_valid(cpu_addr),1,1,2
region == OTP_HW_REGION,1,1,2
class_get_devdata(cdev),1,1,2
(uint) PHY_TYPE(R_REG(&wlc_hw->regs->phyversion)) == wlc_hw->band->phytype,1,1,2
__kfifo_len(&tcp_task->r2tqueue),1,1,2
le32_to_cpu(fe->i_clusters) < target_i_clusters,1,1,2
"offsetof(struct sock, sk_copy_start) != sizeof(osk->sk_node) + sizeof(osk->sk_refcnt)",1,1,2
"ip->i_d.di_gid == INT_GET(gdqp->q_core.d_id, ARCH_CONVERT)",1,1,2
msg->bio,1,1,2
ip_nat_sip_hook,1,1,2
x != (sector_t)chunk,1,1,2
handle->k_handle,1,1,2
"memcmp(ehdr->e_ident, ELFMAG, 4) != 0 || !elf_check_arch_ia32(ehdr) || ehdr->e_type != ET_DYN",1,1,2
rate < MARCO_CLOCK_FREQ,1,1,2
lh->kuc_magic == KUC_MAGIC,1,1,2
nseq->first_free <= nseq->alloc,1,1,2
prev_blkno != (*first_bh)->b_blocknr,1,1,2
jbd2_journal_head_cache != NULL,1,1,2
qip->qli_item.li_flags & XFS_LI_IN_AIL,1,1,2
(bp->b_flags & (XBF_STALE|XBF_DELWRI)) != (XBF_STALE|XBF_DELWRI),1,1,2
list_empty(&right_buffer->dirty),1,1,2
!rtc,2,0,2
btrfs_item_offset(leaf->items + i) + btrfs_item_size(leaf->items + i) != LEAF_DATA_SIZE,1,1,2
config->pwr_clk_cnt > ARRAY_SIZE(hdmi->pwr_clks),1,1,2
m->mo_ops->moo_xattr_del,1,1,2
"oi->ip_handle, ""Clear inode of %llu has non empty handle pointer\n"", (unsigned long long)oi->ip_blkno",1,1,2
SRP_SQ_SIZE,1,1,2
p->verify_alg[data_size-1] == 0,1,1,2
lock->cll_descr.cld_mode >= CLM_WRITE,2,0,2
!list_empty(&item->li_cil),1,1,2
(unsigned long)virt_to_phys(m) & (huge_page_size(h) - 1),1,1,2
path->slots[level] >= btrfs_header_nritems(cur),1,1,2
be16_to_cpu(blkinfo->magic) == XFS_DIR2_LEAFN_MAGIC || be16_to_cpu(blkinfo->magic) == XFS_ATTR_LEAF_MAGIC,1,1,2
"info->access == 0, ",1,1,2
!display->ops,1,1,2
!ops->hooks,2,0,2
"INT_GET(dup->length, ARCH_CONVERT) <= be16_to_cpu(bf[2].length)",1,1,2
!BTRFS_I(inode)->outstanding_extents,1,1,2
status || (dev_obj->bridge_context != NULL),1,1,2
tunnel,1,1,2
(bdp)->bd_next,1,1,2
chl != NULL,1,1,2
ext_index + 1 != ref->nritems,1,1,2
list_empty(&job->js_list),1,1,2
token->len >= sizeof(*khdr) + ke->ke_hash_size,1,1,2
list_empty(&rocker_port->trans_mem),1,1,2
j >= ARRAY_SIZE(group->attrs),1,1,2
"comp_keys(&leaf->items[i].key, &cpukey) >= 0",1,1,2
irq < IRQ_KIRKWOOD_GPIO_LOW_0_7,1,1,2
"INT_GET(dfp->length, ARCH_CONVERT) == INT_GET(prevdup->length, ARCH_CONVERT)",1,1,2
atomic_read(&page->cp_ref) > 0,2,0,2
next == hctx->seqt,1,1,2
obj_priv->pin_count && !obj_priv->pin_mappable,1,1,2
best_guess >= nr_irqs,1,1,2
"!crypt_stat || !crypt_stat->tfm || !ECRYPTFS_CHECK_FLAG(crypt_stat->flags, ECRYPTFS_STRUCT_INITIALIZED)",1,1,2
ss->module,1,1,2
cld,2,0,2
target->ml.highest_blocked != LKM_IVMODE,2,0,2
atomic_read(&cfqg->ref) <= 0,1,1,2
hooknum == NF_INET_PRE_ROUTING || hooknum == NF_INET_POST_ROUTING,1,1,2
"sdp, al->al_requested",1,1,2
(adapter->State == SXG_STATE_RUNNING) || (adapter->State == SXG_STATE_PAUSING) || (adapter->State == SXG_STATE_PAUSED) || (adapter->State == SXG_STATE_HALTING),1,1,2
dabuf->data == dabuf->bps[0]->b_addr,1,1,2
"skb_copy_bits(skb, 0, skb_put(skb1, skb->len), skb->len)",1,1,2
"irlmp != NULL, return -1;",2,0,2
atomic_read(&(cred)->usage) <= 0,1,1,2
portmux_id >= MAX_NR_PIO_DEVICES,1,1,2
EFX_FILTER_TABLE_RX_IP != (EFX_FILTER_RX_UDP_FULL >> 2),1,1,2
"htab_bolt_mapping(dart_tablebase+16*MB, base + size, __pa(dart_table_end), mode_rw, mmu_linear_psize, mmu_kernel_ssize)",1,1,2
queue->bcm->shutting_down,1,1,2
reg == fs->freereg,1,1,2
list_empty(&xqm->qm_dqfrlist),1,1,2
"ISALIGNED((uintptr) txh->RTSPhyHeader, sizeof(u16))",1,1,2
"if (!dir_f) { printk(KERN_ERR ""jffs_mkdir(): No reference to a "" ""jffs_file struct in inode.\n""); unlock_kernel(); return -EIO; }",1,1,2
lastfree == 0,1,1,2
port_user[port] != NULL,1,1,2
wl->wlc,1,1,2
!(spgd.flags & _PAGE_PRESENT),1,1,2
result == -EINPROGRESS,1,1,2
__get_cpu_var(paravirt_lazy_mode) != PARAVIRT_LAZY_NONE,1,1,2
current_user_ns() != daemon->user_ns,1,1,2
"!pskb_may_pull(skb, nhoff + sizeof(*ip))",1,1,2
channel > 0 && channel <= 1000,1,1,2
!manager->ops,1,1,2
type == XFS_DQ_USER || type == XFS_DQ_GROUP,1,1,2
(args->index >= 0) && (args->index <= be16_to_cpu(leaf->hdr.count)),1,1,2
VSYSCALL_ADDR(0) != __fix_to_virt(VSYSCALL_FIRST_PAGE),1,1,2
cmd->cmd_len > sizeof(c->Request.CDB),2,0,2
"mm_init_cpumask(&init_mm, 0)",1,1,2
!node_online(nid),1,1,2
size > 4,1,1,2
sizeof(uid) > UPCALL_BUF_LEN,1,1,2
clp->cl_rpcclient->cl_dentry == NULL,1,1,2
val <= (chan->frag_size * chan->frag_number),1,1,2
other_req->status != REQ_STATUS_FLSH,1,1,2
lock->bast_pending,2,0,2
(flags & OCFS2_BH_READAHEAD) && !(flags & OCFS2_BH_CACHED),1,1,2
!bp,1,1,2
saved_lock_depth < 0,1,1,2
(requested_addr - base_addr) >= sizeof(*isci_request),1,1,2
!dma_chan->device,2,0,2
Length == SXG_RCV_BLOCK_SIZE(BufferSize),1,1,2
retval != rx_count,1,1,2
!RB_EMPTY_NODE(&drq->rb_node),1,1,2
next_agino != agino,2,0,2
getscl(i2c) != 1,1,1,2
i >= 3,1,1,2
"snd_pcm_plug_first(plug) != NULL, return -ENXIO",1,1,2
"!test_bit(PDEV_ARCHDATA_FLAG_IDLE, &ad->flags)",1,1,2
root_cache->memcg_params->memcg_caches[id],1,1,2
"inode->i_sb->s_fs_info, list_empty(&gl->gl_holders)",1,1,2
req->ki_users < 0,1,1,2
atom != NULL,1,1,2
index >= first_index - 1,1,1,2
sbp->sb_icount == itotal,1,1,2
!list_empty(&idev->node),1,1,2
"(args->index >= 0) && (args->index <= INT_GET(hdr->count, ARCH_CONVERT))",1,1,2
sizeof(CommandList_struct) % 8,1,1,2
"del_waiting_dir_move(sctx, pm->ino) == 0",1,1,2
ifidx < DHD_MAX_IFS && dhd->iflist[ifidx],1,1,2
sn->pipefs_sb == NULL,1,1,2
!(ctx->cc_flags & PTLRPC_CTX_UPTODATE),1,1,2
"runtime->silence_filled <= runtime->buffer_size, return",1,1,2
ip->i_chash != NULL,1,1,2
atomic_read(&suspend_timeouts) > 0,1,1,2
osd_data->type != CEPH_OSD_DATA_TYPE_PAGES,2,0,2
!p || md->io_pool || md->tio_pool || md->bs,1,1,2
ARRAY_SIZE(spu_syscall_table) != __NR_syscalls,1,1,2
!spec->pcm_playback,1,1,2
!rq->special,1,1,2
rmsg && rmsg->lm_bufcount >= 3,1,1,2
!list_empty(&worker->entry) && (worker->hentry.next || worker->hentry.pprev),1,1,2
bind_node_0 < 0 || bind_node_0 >= g->p.nr_nodes,1,1,2
"(SV_REFFREQUENCY % 16) == 0, return -EINVAL",1,1,2
bcm,1,1,2
"(ddb_in32(DDB_SDRAM0) & 0xffffffef) == ddb_calc_pdar(DDB_SDRAM_BASE, DDB_SDRAM_SIZE, 32, 0, 1)",1,1,2
remap_boundary_pfn >= remap_pfn + size,1,1,2
"GFS2_SB(inode), !(er.er_flags & GFS2_ERF_MODE)",1,1,2
be16_to_cpu(info->magic) == XFS_DIR2_LEAFN_MAGIC,1,1,2
"! device_is_compatible(node, ""ibm,uic"")",1,1,2
unlikely(task_stack_end_corrupted(prev)),1,1,2
end > JFFS2_F_I_SIZE(f),1,1,2
"htab_bolt_mapping(dart_tablebase+16*MB, base + size, __pa(dart_table_end), mode_rw, mmu_linear_psize)",1,1,2
"do_swap_account && !(pc->flags & PCG_MEMSW), oldpage",1,1,2
"sdp, sdp->sd_log_blks_reserved + tr->tr_reserved >= reserved",1,1,2
"rcu_dereference_protected(*stackptr[-1], lockdep_is_held(&base->lock)) != t",1,1,2
"dev >= 0 && dev < dp->max_synthdev, return",1,1,2
ip->i_d.di_size == ip->i_mount->m_sb.sb_blocksize,1,1,2
!system_wq || !system_long_wq || !system_nrt_wq || !system_unbound_wq || !system_freezable_wq || !system_nrt_freezable_wq,1,1,2
"INT_GET(k1->br_startoff, ARCH_CONVERT) < INT_GET(k2->br_startoff, ARCH_CONVERT)",1,1,2
(end - start) > (itcm_end - ITCM_OFFSET),1,1,2
lowest_level > 1 && leaf,1,1,2
!bch_keylist_empty(&keylist),2,0,2
out->length < ctrl->length,1,1,2
(data_size >> data_width) > STEDMA40_MAX_SEG_SIZE,1,1,2
rcu_dereference(nf_conntrack_destroyed) == NULL,1,1,2
oldroot->hdr.info.magic == cpu_to_be16(XFS_DIR2_LEAFN_MAGIC),1,1,2
list_empty(&mdev->go_diskless.list),1,1,2
(unsigned long)dst & 0x3,2,0,2
NFS_WBACK_BUSY(req),1,1,2
!system_wq || !system_long_wq || !system_nrt_wq || !system_unbound_wq || !system_freezeable_wq,1,1,2
obj_request->type != OBJ_REQUEST_BIO,1,1,2
!mutex_is_locked(&dir->d_inode->i_mutex),1,1,2
ioend,1,1,2
"info->channel < hdsp->max_channels, return -EINVAL",1,1,2
info->eti_big_lmmsize >= rc,1,1,2
rx_ring->nReadyRecv == rx_ring->NumRfd,1,1,2
!wiphy_idx_valid(request->wiphy_idx),1,1,2
!pi_state,1,1,2
"src_format->rate != dst_format->rate, return -ENXIO",1,1,2
!btrfs_tree_locked(parent),1,1,2
ichdr.freemap[i].base < XFS_LBSIZE(mp),1,1,2
"client, return NULL",1,1,2
!mutex_is_locked(&root->fs_info->alloc_mutex),1,1,2
table - conf->hash_table > nb_zone,1,1,2
"op->state != FSCACHE_OP_ST_COMPLETE, op->state, ==, FSCACHE_OP_ST_CANCELLED",1,1,2
(le32_to_cpu(rec->e_cpos) + le32_to_cpu(rec->e_clusters)) != (le32_to_cpu(old->e_cpos) + le32_to_cpu(old->e_clusters) + new_clusters),1,1,2
info->eti_big_lmmsize,1,1,2
"kcontrol->info != NULL, goto error",1,1,2
"dip->i_sbd, l == leaves",1,1,2
hose->init,1,1,2
blkTs > 0,1,1,2
!list_empty(&u->link),2,0,2
!(val & _PAGE_PRESENT),1,1,2
"ap != NULL, -ENXIO, PPP_ERROR, ""ap is NULL...\n""",2,0,2
" 1 <= supp->variant && supp->variant <= 99, supp->variant ",1,1,2
"!(lock_flags & XFS_IOLOCK_SHARED) || (ismrlocked(&ip->i_iolock, MR_ACCESS))",1,1,2
item->ri_buf[i].i_len % XFS_BLI_CHUNK == 0,1,1,2
(status && (dbll_sym != NULL)) || (!status && (dbll_sym == NULL)),1,1,2
enable_bit != SPLL_PLL_ENABLE,1,1,2
MODULES_VADDR < KERNEL_IMAGE_START,1,1,2
bcm->current_core->phy->type == BCM43xx_PHYTYPE_A,1,1,2
inode->i_ino == LOGFS_INO_MASTER,2,0,2
"i < INT_GET(ltp->bestcount, ARCH_CONVERT)",1,1,2
msg->lm_bufcount > 0,1,1,2
sig_xstate_size < xstate_size,1,1,2
!memcg,1,1,2
"DIV_ROUND_UP(cmd->data_length, attr->block_size) > attr->hw_max_sectors",1,1,2
mddev->bitmap_info.offset && mddev->bitmap_info.log,1,1,2
level <= LKM_NLMODE,1,1,2
out + in == 0,1,1,2
"freq > 0, return 0",1,1,2
start > high,1,1,2
(new_size != 0) || (fork == XFS_ATTR_FORK) || (ip->i_d.di_nextents == 0),1,1,2
ccb->suc_seq != NULL,1,1,2
ret == -ERESTARTSYS,1,1,2
sizeof(struct dot11_header) == DOT11_A4_HDR_LEN,1,1,2
(spitfire_get_primary_context() & CTX_NR_MASK) != 0,1,1,2
dev_priv->active_display_unit != vmw_du_legacy,1,1,2
ARRAY_SIZE(pageflag_names) - 1 != __NR_PAGEFLAGS,1,1,2
"comp_keys(&node->ptrs[slot].key, &cpukey) >= 0",1,1,2
"asoc->rwnd, ""rwnd zero"", return",1,1,2
"fid_res_name_eq(&mdt_body->fid1, &lock->l_resource->lr_name), ""Lock res_id: %lu/%lu/%lu, fid: %lu/%lu/%lu.\n"", (unsigned long)lock->l_resource->lr_name.name[0], (unsigned long)lock->l_resource->lr_name.name[1], (unsigned long)lock->l_resource->lr_name.name[2], (unsigned long)fid_seq(&mdt_body->fid1), (unsigned long)fid_oid(&mdt_body->fid1), (unsigned long)fid_ver(&mdt_body->fid1)",1,1,2
cfs_size_round(buflen) == buflen,1,1,2
"temp, return -EINVAL",1,1,2
time_is_after_jiffies(part->disengage_request_timeout),1,1,2
buf->size != priv->bufsize,1,1,2
bus_index == 10,1,1,2
child->chn_index == child_idx,1,1,2
clk_src != DSS_CLK_SRC_DSI_PLL_HSDIV_DSI && clk_src != DSS_CLK_SRC_FCK,1,1,2
rbd_dev->spec->image_id,1,1,2
crypt_key->size < EXT4_AES_256_CBC_KEY_SIZE,1,1,2
reg == fp->reg,1,1,2
pipe->nrbufs > PIPE_BUFFERS,1,1,2
val < 1,1,1,2
!cpumask_empty(core),2,0,2
rdev->ddev->irq_enabled && rdev->irq.sw_refcount <= 0,1,1,2
"XFS_BUF_FSPRIVATE(bp, xfs_buf_log_item_t *) == bip",1,1,2
!cur_trans,1,1,2
"INT_GET(p->ar_startblock, ARCH_CONVERT) + INT_GET(p->ar_blockcount, ARCH_CONVERT) <= INT_GET(agf->agf_length, ARCH_CONVERT)",1,1,2
riov.max_num & VRINGH_IOV_ALLOCATED,2,0,2
"INT_GET(k1->ar_blockcount, ARCH_CONVERT) < INT_GET(k2->ar_blockcount, ARCH_CONVERT) || (INT_GET(k1->ar_blockcount, ARCH_CONVERT) == INT_GET(k2->ar_blockcount, ARCH_CONVERT) && INT_GET(k1->ar_startblock, ARCH_CONVERT) < INT_GET(k2->ar_startblock, ARCH_CONVERT))",1,1,2
"memcmp(parent_key, &leaf->items[0].key, sizeof(struct btrfs_disk_key))",1,1,2
packet->XferPagePacket->Count > 0,1,1,2
!(kn->flags & SYSFS_FLAG_REMOVED),1,1,2
(oinfo->oi_flags & LDLM_FL_REPLAY) == 0,1,1,2
(args.agbno + len) <= be32_to_cpu(XFS_BUF_TO_AGF(args.agbp)->agf_length),1,1,2
!plast,1,1,2
"memchr(grp->name, '\0', GENL_NAMSIZ) == NULL",1,1,2
!(cmd->se_cmd_flags & SCF_SCSI_DATA_SG_IO_CDB),1,1,2
nseq->sseqs,1,1,2
!(req->dirtied_ino_d & 7),2,0,2
pa->e_tag != ACL_OTHER,1,1,2
block->inode->i_ino == LOGFS_INO_MASTER,1,1,2
atomic_read(&iser_conn->ib_conn->post_recv_buf_count) != 0,1,1,2
offset > dev_priv->mm.gtt->stolen_size - size,1,1,2
"!list_empty(&svcpt->scp_hist_reqs), ""%s:%d: seek offset %llu, request seq %llu, "" ""last culled %llu\n"", svcpt->scp_service->srv_name, svcpt->scp_cpt, seq, srhi->srhi_seq, svcpt->scp_hist_seq_culled",1,1,2
shadow == NULL,1,1,2
"is_master(r), dlm_print_rsb(r);",1,1,2
idx > 1,1,1,2
ddb_in32(DDB_INT4STAT) == 0,1,1,2
atomic_pool.vaddr,1,1,2
ct != NULL && (ctinfo == IP_CT_NEW || ctinfo == IP_CT_RELATED),2,0,2
obj->pending_read_domains & I915_GEM_DOMAIN_CPU,1,1,2
"""failed to alloc map"", map",2,0,2
hwgroup->drive,1,1,2
node->header.nritems > NODEPTRS_PER_BLOCK,1,1,2
"object->backer, ==, NULL",2,0,2
__mlx5_st_sz_bits(typ) % 32,2,0,2
bcm->noisecalc.channel_at_start == bcm->current_core->radio->channel,1,1,2
!tsk->cred,2,0,2
sizeof(priv->eeprom39) != IWL_EEPROM_IMAGE_SIZE,1,1,2
"ops != NULL, return -ENXIO",1,1,2
(m2 >= 3) && (m2 <= 10),1,1,2
unlikely(!master_clk.rate),1,1,2
i >= group_size,1,1,2
pool->skbuff[index] == NULL,1,1,2
scd->scd_buf_posting > 0,2,0,2
!service_tree->count,1,1,2
"(int)sizeof(((struct som_attrs *)0)->som_ioepoch) == 8, ""found %lld\n"", (long long)(int)sizeof(((struct som_attrs *)0)->som_ioepoch)",1,1,2
buf->vb.dma.nr_pages << PAGE_SHIFT < (buf->vb.width*buf->vb.height)*2,1,1,2
BTRFS_I(inode)->reserved_extents < 0,1,1,2
nand->selected_bank,2,0,2
worker->current_work,1,1,2
ts->hardwall != rect,1,1,2
"ergo(result == 0, lock->cll_state == CLS_ENQUEUED || lock->cll_state == CLS_HELD)",1,1,2
"runtime->dma_bytes > 0 && runtime->dma_bytes < MAXPAGES * EMUPAGESIZE, return NULL",1,1,2
!device->device_free_chan_resources,1,1,2
dt->do_index_ops->dio_lookup,1,1,2
"INT_GET(dup->length, ARCH_CONVERT) >= length",1,1,2
ptr != NULL && size > sizeof(int),1,1,2
datalign < (_align),1,1,2
offset + len > vp_dev->device_len,2,0,2
!ip->i_res->rs_free,1,1,2
radio_attenuation < 10,1,1,2
nrecs == ip->i_d.di_anextents,1,1,2
list_empty(pages),1,1,2
dev->dd_ops->dt_root_get,1,1,2
"get_slice_psize((*tlb)->mm, addr) != mmu_huge_psize",1,1,2
ARRAY_SIZE(ack_kill_msk) < ARRAY_SIZE(cmd.boost_values),1,1,2
!bridge_data.bounce,1,1,2
vn_count(VFS_I(ip)) == 0,1,1,2
ctx->mech_type->gm_ops,1,1,2
"(R_REG(osh, &cc->clk_ctl_st) & CCS_HTAVAIL) == 0",1,1,2
"vp, return",1,1,2
seq->lcs_srv != NULL,1,1,2
((upper >= 1) && (upper <= tipc_max_nodes)) || ((upper >= LOWEST_SLAVE) && (upper <= highest_allowed_slave)),1,1,2
ieee754dp_isnan(r),1,1,2
"req_capsule_field_present(pill, field, RCL_SERVER)",1,1,2
blk_addr > end_addr,1,1,2
pd->bio_queue_size < 0,2,0,2
msg->p.type != CEPH_MSG_DATA_NONE,1,1,2
sizeof(channel->info->rx.param) != sizeof(u32),2,0,2
"is_pipe_allocated(chip, pipe_index), return -EINVAL",1,1,2
atomic_read(&req->kref.refcount) == 1,1,1,2
first_vcn,2,0,2
__get_cpu_var(paravirt_lazy_mode) != mode,1,1,2
vif->task,1,1,2
ebi1_clk == NULL,1,1,2
locale_idx < ARRAYSIZE(g_locale_2g_table),1,1,2
atomic_read(&task->real_cred->usage) < 1,1,1,2
hw_entry.dev_list != NULL,1,1,2
be32_to_cpu(r1->ir_startino) + XFS_INODES_PER_CHUNK <= be32_to_cpu(r2->ir_startino),1,1,2
flags & ~(KM_SLEEP|KM_NOSLEEP|KM_NOFS|KM_MAYFAIL|KM_LARGE),1,1,2
r_sector != chunk_number,1,1,2
"dev_priv, pipe, PCH_DP_B",1,1,2
req->r_reply,1,1,2
cfqg->ref <= 0,1,1,2
consistent_pte,1,1,2
id < 0 || id > 1,1,1,2
ctx->cc_sec->ps_import->imp_obd,1,1,2
!subsys,2,0,2
!bpp,1,1,2
stats && stats->ojs_hash,1,1,2
"__set_blocks(n1, n1->keys + keys, b->c) > btree_blocks(r[i].b)",1,1,2
!(this->options & NAND_USE_FLASH_BBT),1,1,2
"offsetof(typeof(*lum), lum_padding2) != 0",1,1,2
!blk_fs_request(rq) && !blk_discard_rq(rq),1,1,2
clk_enable(pclk0) < 0,1,1,2
pcie->pex_rst,2,0,2
runtime->dma_bytes <= 0 || runtime->dma_bytes > SNDRV_TRIDENT_MAX_PAGES * SNDRV_TRIDENT_PAGE_SIZE,2,0,2
bus->rxbuf,1,1,2
nat->ct->status & IPS_NAT_DONE_MASK,1,1,2
sizeof(ext) > sizeof(ext.mapping),1,1,2
req->new_dent <= 1,2,0,2
"qh, ""qh is not allocated\n""",2,0,2
ent->bh_su || !list_empty(&ent->list),1,1,2
"kernelbuf != NULL || userbuf != NULL, return -EINVAL",1,1,2
gnt_list_entry->gref == -ENOSPC,2,0,2
"miro != NULL && miro->card != NULL, return -EINVAL",1,1,2
rcu_dereference(nf_nat_ftp_hook),1,1,2
mask & ~ab8500_reg_init[id].mask,1,1,2
m->mo_ops->moo_file_lock,1,1,2
"num >= 0 && num < SNDRV_CARDS, return -ENXIO",1,1,2
i2c_del_adapter(&efx->i2c_adap),1,1,2
"sdp, atomic_read(&sdp->sd_log_flush_count)",1,1,2
card->qdio.out_qs[i]->bufs[j] != NULL,1,1,2
index == be16_to_cpu(leaf->hdr.count) || (args->op_flags & XFS_DA_OP_OKNOENT),1,1,2
atomic_read(&ticket->t_ref) > 0,2,0,2
!new_clusters,1,1,2
"sdp, atomic_read(&sdp->sd_log_trans_count)",1,1,2
bma->got.br_startoff <= aoff,1,1,2
"cgroup_css(cgrp, i) != cgroup_css(cgroup_dummy_top, i)",1,1,2
unlikely(nr_entries >= NR_PMB_ENTRIES),1,1,2
ilock >= NR_GLOBAL_LOCKS,1,1,2
!EXT4_I(inode)->i_inline_off,2,0,2
PCIE_PUB(sih),1,1,2
z_ptr->clusters[c_num] == 0,1,1,2
!ttm_bo_is_reserved(&new_backup->base),1,1,2
(tmp < 0) || (tmp != n),1,1,2
!dummytop->subsys[i],1,1,2
"ocfs2_rec_clusters(el, rec) < clusters_to_del",1,1,2
(unsigned long)pgd & (S2_PGD_SIZE - 1),1,1,2
"irttp != NULL, return;",1,1,2
cb_pos->response_buffer.size < mei_hdr->length + cb_pos->information,1,1,2
!opl3,2,0,2
"memcmp(parent_key, &leaf->items[0].key, sizeof(struct key))",1,1,2
keyp == NULL,1,1,2
hstate_is_gigantic(h),1,1,2
(size1 > 0) && ((base1 + size1) <= base1),1,1,2
!service_tree,1,1,2
req->file,1,1,2
(addr & SBSDIO_SBWINDOW_MASK) == 0,1,1,2
!sink_p->source || !source_p->sink,1,1,2
(((xfs_attr_leafblock_t *)bp->data)->hdr.info.magic) == cpu_to_be16(XFS_ATTR_LEAF_MAGIC),1,1,2
!(req->rq_state & RQ_LOCAL_PENDING),1,1,2
tmask >= 1 && tmask <= 7,1,1,2
blk1->magic == XFS_DIR_LEAF_MAGIC,1,1,2
_pslic_handle->type == SLIC_HANDLE_FREE,1,1,2
"ci->ci_num_cached != OCFS2_CACHE_INFO_MAX_ARRAY, ""Inode %llu, num cached = %u, should be %u\n"", (unsigned long long)oi->ip_blkno, ci->ci_num_cached, OCFS2_CACHE_INFO_MAX_ARRAY",1,1,2
riov.i == riov.used,2,0,2
" tailptr < (MSG_OUTBOUND_POST_STACK+MSG_BOUND_STACK_SIZE), return 0",1,1,2
!i915_gem_obj_is_pinned(from->obj),1,1,2
"(args->index == be16_to_cpu(hdr->count)-1) || (INT_GET(entry->hashval, ARCH_CONVERT) <= (INT_GET((entry+1)->hashval, ARCH_CONVERT)))",1,1,2
(!is_long_mode(vcpu) && is_pae(vcpu)) || (vcpu->arch.cr3 & CR3_NONPAE_RESERVED_BITS) == 0,1,1,2
(PAGE_SIZE < 4 * 1024) || ((PAGE_SIZE > 32 * 1024) && ((PAGE_SIZE % (32 * 1024)) != 0 && (PAGE_SIZE % (16 * 1024)) != 0 && (PAGE_SIZE % (8 * 1024)) != 0 && (PAGE_SIZE % (4 * 1024)) != 0)),1,1,2
host->curr.mrq,1,1,2
!list_empty(&obj_priv->gpu_write_list),1,1,2
"(subdevice_id & 0xfff0) == GINA20, return -ENODEV",1,1,2
ip->i_res != NULL,1,1,2
dentry->d_lockref.count,1,1,2
CHSPEC_BW(chspec) == WL_CHANSPEC_BW_40,1,1,2
bm_ext->lce.refcnt == 1,1,1,2
cf_sk->read_queue_len >= 0,1,1,2
nskb,1,1,2
req->rq_reqbuf_len >= bufsize,1,1,2
"!ocfs2_sparse_alloc(osb) && (OCFS2_I(inode)->ip_clusters != le32_to_cpu(rec->e_cpos)), ""Device %s, asking for sparse allocation: inode %llu, "" ""cpos %u, clusters %u\n"", osb->dev_str, (unsigned long long)OCFS2_I(inode)->ip_blkno, rec->e_cpos, OCFS2_I(inode)->ip_clusters",1,1,2
XFS_FORCED_SHUTDOWN(ip->i_mount) || iip->ili_fields != 0,1,1,2
npo.copy_prod > ARRAY_SIZE(netbk->grant_copy_op),1,1,2
newsize >= msg->lm_buflens[segment],1,1,2
atomic_read(&cell->usage) <= 0,1,1,2
__cfqq,1,1,2
qip->qli_format.qlf_blkno == dqp->q_blkno,1,1,2
compound_order(page) && !PageTransHuge(page),1,1,2
!bf[0].offset,1,1,2
*elfcorebuf_sz > alloc_size,1,1,2
ctx->mech_type->gm_ops->gss_display,1,1,2
rng_dev,1,1,2
"GFS2_SB(&ip->i_inode), height",1,1,2
tp->fastopen_rsk != NULL,1,1,2
IS_ERR(ck_ext) || IS_ERR(ck_timer),1,1,2
"rc == 0, ""couldn't destroy fcb_cache slab\n""",1,1,2
log->l_grant_write_bytes >= log->l_grant_reserve_bytes,1,1,2
channel < 0 || channel >= maldata->num_rx_chans,1,1,2
"xfs_dir2_sfe_get_ino(sfp, sfep) == args->inumber",1,1,2
!spin_is_locked(&zone->lru_lock),1,1,2
ac_data(&cache_cache) != &initarray_cache.cache,1,1,2
"page_index, >=, next",1,1,2
!drm_mm_clean(&bdev->addr_space_mm),1,1,2
req->rq_reqbuf_len >= newcipbuf_size,1,1,2
new->br_state == XFS_EXT_NORM || new->br_state == XFS_EXT_UNWRITTEN,1,1,2
&h->lock,1,1,2
dqp->q_blkno != DELAYSTARTBLOCK,1,1,2
ctx->mode != ei->i_crypt_info->ci_mode,1,1,2
"bset_written(&b->keys, t) && i.l != t->data->start && bkey_cmp(tree_to_prev_bkey(t, inorder_to_tree(bkey_to_cacheline(t, i.l), t)), search) > 0",1,1,2
nob <= sizeof(value),1,1,2
!path->slots[0],1,1,2
sfw_data.fw_active_srpc == NULL,2,0,2
daemon->pid != task_pid(current),1,1,2
"sizeof(struct inet_skb_parm) > FIELD_SIZEOF(struct sk_buff, cb)",1,1,2
"__set_blocks(n1, n1->keys + keys, b->c) > btree_blocks(new_nodes[i])",1,1,2
!sst_fw,1,1,2
lip->li_desc != NULL,1,1,2
TRACE_ITER_LAST_BIT > 32,1,1,2
md->oss_capa,1,1,2
LOV_MAXPOOLNAME == 16,2,0,2
be16_to_cpu(*XFS_DIR2_DATA_UNUSED_TAG_P(dup)) == (char *)dup - (char *)d,1,1,2
refs < refs_to_drop,1,1,2
sizeof(arg) > 255,2,0,2
efip->efi_next_extent >= nextents,1,1,2
after_init_bootmem,1,1,2
sizeof(css->cgroup->root->release_agent_path) < PATH_MAX,1,1,2
n_ports < 1 || n_ports > 2,1,1,2
page_pools.epp_pages_short >= desc->bd_iov_count,1,1,2
private,1,1,2
k > ZONE_HIGHMEM,1,1,2
f->k == VNONRELOC,1,1,2
req->new_ino <= 1,2,0,2
sizeof(*f0) == sizeof(f0->f_seq) + sizeof(f0->f_oid) + sizeof(f0->f_ver),1,1,2
!dev->em2820_write_regs_req || !dev->em2820_read_reg_req,1,1,2
mdev->minor == minor,1,1,2
tcp_ctask->sent + size > ctask->total_length,1,1,2
"bus != NULL && template != NULL, return -EINVAL",1,1,2
!is_multicast_ether_addr(h->a1),1,1,2
&gcwq->lock,1,1,2
"cookie->def->type, ==, FSCACHE_COOKIE_TYPE_DATAFILE",2,0,2
bhv,1,1,2
"!rcu_is_cpu_idle(), ""srcu_read_lock() used illegally while idle""",1,1,2
bp->b_target == target,1,1,2
!bss_info,1,1,2
"fd2, F_SEAL_WRITE | F_SEAL_SHRINK | F_SEAL_SEAL",2,0,2
!list_empty(&qh->qtd_list),1,1,2
!array->nr_active,1,1,2
&dlm_domain_lock,2,0,2
!port || !info,2,0,2
video_device[vfd->minor],1,1,2
lock->ast_pending,2,0,2
!IS_VALLEYVIEW(dev_priv->dev) && dev_priv->info->gen >= 5,1,1,2
"irlmp != NULL, return;",2,0,2
avail < 0,1,1,2
!tmp_logflags,1,1,2
isci_phy->isci_port != NULL,1,1,2
bio->bi_phys_segments + 2 > vblk->sg_elems,1,1,2
!(args->wasfromfl) || !args->isfl,1,1,2
le64_to_cpu(old->e_blkno) != le64_to_cpu(rec->e_blkno),1,1,2
bma->gotp->br_startoff <= aoff,1,1,2
!mutex_is_locked(&cfg80211_mutex),1,1,2
be16_to_cpu(*XFS_DIR2_DATA_ENTRY_TAG_P(dep)) == (char *)dep - (char *)d,1,1,2
rs->rs_msg,1,1,2
mnt,1,1,2
&sess->vha->hw->hardware_lock,2,0,2
ctask->xmstate != XMSTATE_IDLE,1,1,2
!(range_base & (loff_t)btp->bt_smask),1,1,2
diff != 1 && diff != -1,1,1,2
"XFS_AGI_MAGIC == INT_GET(agip->agi_magicnum, ARCH_CONVERT)",1,1,2
!apbt_virt_address,1,1,2
"cgroup_setup_root(&cgroup_dummy_root, 0)",1,1,2
!!cur->vm_userfaultfd_ctx.ctx ^ !!(cur->vm_flags & (VM_UFFD_MISSING | VM_UFFD_WP)),2,0,2
IS_ERR(clk1),1,1,2
ip->i_df.if_broot_bytes > 0,1,1,2
sizeof(ht_add_ie_t) == HT_ADD_IE_LEN,1,1,2
inl(s->io + VRC5477_DAC1_CTRL) & VRC5477_DMA_WIP,1,1,2
(flags & (QMFLAGS_NO_MUTEX_LOCK | QMFLAGS_NO_MUTEX_UNLOCK)) != 0,2,0,2
CHSPEC_CTL_SB(chspec) == WL_CHANSPEC_CTL_SB_LOWER,1,1,2
eof == 1,1,1,2
paravirt_get_slot(tag) != 1,1,1,2
rd == country_ie_regdomain,1,1,2
"dma_has_cap(DMA_SLAVE, client->cap_mask) && !client->slave",1,1,2
list_empty(&blizzard.free_req_list),1,1,2
!tasks,1,1,2
"fd, F_SEAL_WRITE | F_SEAL_SHRINK | F_SEAL_SEAL",2,0,2
lockres->l_flags & OCFS2_LOCK_ATTACHED,2,0,2
ts->tv_nsec < 0,1,1,2
pte_pfn(new_pte) != pte_pfn(old_pte),1,1,2
&cachep->nodelists[numa_mem_id()]->list_lock,1,1,2
bi->bi_idx != 0,1,1,2
&bchan->vc.lock,2,0,2
!list_empty(&inode->i_lru),2,0,2
"(!(iip->ili_inode->i_itemp->ili_flags & XFS_ILI_IOLOCKED_EXCL)) || ismrlocked(&(iip->ili_inode->i_iolock), MR_UPDATE)",1,1,2
!in_interrupt() || ((size) <= LIBCFS_VMALLOC_SIZE && ((mask) & __GFP_WAIT) == 0),1,1,2
cnr - to_tnr == i - to,1,1,2
devhandle & ~IMAP_IGN,1,1,2
addr != start,1,1,2
type == TRANS_JOIN_NOLOCK,2,0,2
*c > INT_MIN,1,1,2
RB_EMPTY_ROOT(&ad->sort_list[BLK_RW_ASYNC]),1,1,2
"IS_ALIGNED((unsigned long)(pkt->data), 2)",1,1,2
"mix, return -EINVAL",1,1,2
!i915_gem_obj_bound_any(obj),1,1,2
m->mo_ops->moo_xattr_list,1,1,2
efx_sriov_enabled(efx) && nic_data->vf_buftbl_base < efx->next_buffer_table,1,1,2
PageLRU(page) || PageUnevictable(page),1,1,2
sizeof(root->release_agent_path) < PATH_MAX,1,1,2
"device, current == first_peer_device(device)->connection->worker.task",2,0,2
"iter->magic == POOL_IT_MAGIC, ""%08X"", iter->magic",2,0,2
-rc < ESERIOUS,1,1,2
id == 0 || id > ng->len,1,1,2
!list_empty(&add_list),2,0,2
"msynth->output_rfile.output != NULL, return -EINVAL",1,1,2
!clone->bi_size,1,1,2
(((long)addr + len - 1) & ~(sizeof(long) - 1)) - ((long)addr & ~(sizeof(long) - 1)),1,1,2
pkt->frames > PACKET_MAX_SIZE,1,1,2
mutex_is_locked(&host->i_mutex),2,0,2
"gfp_flags != 0, return NULL",1,1,2
dsp_clk,2,0,2
"rsb_flag(r, RSB_NEW_MASTER), dlm_print_rsb(r);",1,1,2
wr && tp,1,1,2
SENSE_BUFFER_SIZE == 0x12,1,1,2
0 <= __llt && __llt < ARRAY_SIZE(lov_dispatch),2,0,2
chl->chl_ip != ip,1,1,2
"traverse_pages(m.num, sizeof(xen_pfn_t), &pagelist, mmap_batch_fn, &state)",1,1,2
NULL == block,2,0,2
!bo_free,1,1,2
newblk->blkno >= state->mp->m_dirleafblk && newblk->blkno < state->mp->m_dirfreeblk,1,1,2
p_ptr->wakeup,1,1,2
address >= cfg(priv)->base_params->eeprom_size,1,1,2
!d_unhashed(alias),1,1,2
spin_is_locked(&request->rq_import->imp_lock),1,1,2
(sbfields & (XFS_SB_VERSIONNUM | XFS_SB_UQUOTINO | XFS_SB_GQUOTINO | XFS_SB_PQUOTINO | XFS_SB_QFLAGS)) == (XFS_SB_VERSIONNUM | XFS_SB_UQUOTINO | XFS_SB_GQUOTINO | XFS_SB_PQUOTINO | XFS_SB_QFLAGS),1,1,2
irq_cfg[irq].vector == IRQ_VECTOR_UNASSIGNED,1,1,2
"offsetof(struct thread_struct, acc) + sizeof(u64) != offsetof(struct thread_struct, spefscr)",2,0,2
ucb->ts_task,1,1,2
end > ni->allocated_size,2,0,2
controls[0] == NULL,1,1,2
dev->match_id != PS3_MATCH_ID_SOUND,1,1,2
BFA_IOIM_TAG_2_ID(ioim->iotag) == iotag,1,1,2
size & 0x3,2,0,2
why != RESTART_NONE || clusters_to_add,1,1,2
!((from + len) % state->win_size <= (from + len)),1,1,2
"(size) > FIELD_SIZEOF(struct sk_buff, cb)",1,1,2
vma_start_pgoff(node) != vma_start_pgoff(prev),1,1,2
!tz1090_gpio_valid_handler(child_desc),1,1,2
rmsg && rmsg->lm_bufcount >= 4,1,1,2
limit <= SHMEM_NR_DIRECT,1,1,2
!maldata,1,1,2
publ,1,1,2
i_size > 0xffffffff,1,1,2
atomic_read(&clp->cl_cb_set),1,1,2
"f, return -EINVAL",1,1,2
optlen < 0,2,0,2
EFX_FARCH_FILTER_INDEX_MC_DEF != EFX_FILTER_MC_DEF - EFX_FILTER_UC_DEF,1,1,2
ARRAY_SIZE(qos_shm_offsets) != ARRAY_SIZE(wl->qos_params),1,1,2
be16_to_cpu(info->magic) == XFS_DA_NODE_MAGIC || be16_to_cpu(info->magic) == XFS_DIR2_LEAFN_MAGIC || be16_to_cpu(info->magic) == XFS_ATTR_LEAF_MAGIC,1,1,2
"if (fm->nodes == 0) { printk(KERN_ERR ""jffs_write_node(): fm->nodes == 0\n""); }",1,1,2
"F2FS_P_SB(ipage), !de->name_len",1,1,2
ichdr->freemap[mapindex].size < XFS_LBSIZE(mp),1,1,2
"INT_GET(rblock->bb_rightsib, ARCH_CONVERT) == NULLDFSBNO",1,1,2
cur_th && cur_th->t_refcount > 1,2,0,2
buf > copy_page_array + ARRAY_SIZE(copy_page_array),1,1,2
lockh,1,1,2
args.agbno + len <= be32_to_cpu(agf->agf_length),1,1,2
tape->valid,2,0,2
src_format->format != dst_format->format,2,0,2
mdev->tl_hash_s == 0,1,1,2
atomic_read(&transaction->t_updates) > 0,2,0,2
ctx->ctx.dma & ((1 << MFC_BANK1_ALIGN_ORDER) - 1),1,1,2
udq_delblks || gdq_delblks,1,1,2
snapc != NULL,1,1,2
xferred < (u64) UINT_MAX,1,1,2
fib_default_rules_init(),1,1,2
"!(valid & (OBD_MD_FLTYPE | OBD_MD_FLGENER | OBD_MD_FLFID | OBD_MD_FLID | OBD_MD_FLGROUP)), ""object ""DOSTID"", valid %x\n"", POSTID(&src->o_oi), valid",1,1,2
rs->rs_repbuf->lm_buflens[0] >= sizeof(*rephdr) + rsip->out_handle.len,1,1,2
mdev->tconn->net_conf == NULL,1,1,2
!(ip->i_flags & XFS_IRECLAIMABLE),1,1,2
!dummy,1,1,2
N_URBS > (sizeof(dev->outurb_active_mask) * 8),1,1,2
!c->ro_media || mounting_ro,1,1,2
ret2 == 0,1,1,2
be16_to_cpu(bf[0].length) == mp->m_dirblksize - xfs_dir3_data_entry_offset(hdr),1,1,2
blk->magic == XFS_DA_NODE_MAGIC || blk->magic == XFS_DIR2_LEAFN_MAGIC || blk->magic == XFS_ATTR_LEAF_MAGIC,1,1,2
atomic_read(&(p)->_count) == -1,1,1,2
max_rom & ~0x3,1,1,2
ascport->port.mapbase == 0 || ascport->port.membase == NULL,1,1,2
m->mo_ops->moo_close,1,1,2
index <= page->cp_index,1,1,2
cnt < BFA_SEM_SPINCNT,1,1,2
nref < 0,1,1,2
entry->msi_attrib.state > 0,1,1,2
wl->txq_tail == NULL,1,1,2
sb_desc_status != NULL,1,1,2
!de->name_len,1,1,2
spin_is_locked(&rs->rs_svcpt->scp_rep_lock),1,1,2
pasid && !current->mm,1,1,2
!(this->bbt_options & NAND_USE_FLASH_BBT),1,1,2
lock->l_destroyed,1,1,2
"oh->prcm.omap2.module_offs, ohri->st_shift",1,1,2
!gl,1,1,2
count > SPI_HOST_ATTRS,1,1,2
mdev->tconn->net_conf->wire_protocol == DRBD_PROT_B,1,1,2
iic_hosts[found] == NULL,1,1,2
"ip->i_sbd, !file->private_data",1,1,2
epc > copy_page_array + ARRAY_SIZE(copy_page_array),1,1,2
"subs->syncurb[i].urb, return -EINVAL",1,1,2
"sdp, ret == LM_OUT_ASYNC",1,1,2
cis[fn],1,1,2
!origin || !sd,1,1,2
task->tk_status == -EAGAIN,1,1,2
!ext4_ext_is_uninitialized(ex),1,1,2
(((xfs_attr_leafblock_t *)bp->b_addr)->hdr.info.magic) == cpu_to_be16(XFS_ATTR_LEAF_MAGIC),1,1,2
atomic_read(&epoch->active) == 0,1,1,2
IS_ERR(pclkd1_clk),1,1,2
((ulong32) buf & 0xFFFFFFE0) == (ulong32) buf,1,1,2
cfs_wi_data.wi_init,2,0,2
!rq->q,2,0,2
rsi->h.next == NULL,1,1,2
!ss->name,1,1,2
!((vma->vm_flags & (VM_PFNMAP | VM_RESERVED | VM_IO)) == (VM_PFNMAP | VM_RESERVED | VM_IO)),1,1,2
n != 0,1,1,2
!thread_group_leader(current),1,1,2
"!test_bit(R5_UPTODATE, &sh->dev[pd_idx].flags)",1,1,2
"doomed_exp->exp_connection->c_peer.nid == nid_key, ""nid %s found, wanted nid %s, requested nid %s\n"", obd_export_nid2str(doomed_exp), libcfs_nid2str(nid_key), nid",1,1,2
ret >= 0,1,1,2
*moved_len != len,1,1,2
fields & (XFS_SB_UNIT | XFS_SB_WIDTH | XFS_SB_UUID | XFS_SB_FEATURES2 | XFS_SB_BAD_FEATURES2),1,1,2
!validate_cmds_sorted(ring),1,1,2
"vmw_dmabuf_pin_in_vram(dev_priv, buf, false, false) != 0",1,1,2
num_samps <= ARRAYSIZE(data_buf),1,1,2
inode->i_state & I_LOCK,1,1,2
(flags & (XFS_GROUP_QUOTA | XFS_USER_QUOTA)) != (XFS_GROUP_QUOTA | XFS_USER_QUOTA),1,1,2
NULL == state,2,0,2
adc->nextIn == adc->fragTotalSize,1,1,2
!mutex_is_locked(&rng_mutex),2,0,2
info->scsi.irq != NO_IRQ,1,1,2
"sdp, qd->qd_slot_count == 1",1,1,2
frmr_wr.wr.fast_reg.length < len,1,1,2
img_request_child_test(img_request),2,0,2
!vnode_refed,1,1,2
vn_count(rvp) == 1,1,1,2
!unit_size && free_size,1,1,2
prev_qtd->hw_next,1,1,2
le64_to_cpu(fe->i_size) != i_size_read(dir),1,1,2
IS_ERR(d) || lu_device_is_md(d),1,1,2
!root_obj,1,1,2
zm & DP_HIDDEN_BIT,2,0,2
NULL == bus->i2c_adap.algo_data,1,1,2
log->l_buf_cancel_table[i] == NULL,1,1,2
nr_pages <= buffer->pages,1,1,2
"offsetof(SXG_CONFIG, SwCfg) == SW_CFG_SECTION_START",1,1,2
"chip >= 0 && chip < 4, return",1,1,2
db->rbuf,1,1,2
idx <= ifp->if_bytes / (uint)sizeof(xfs_bmbt_rec_t),1,1,2
av7110->bmp_state == BMP_NONE,1,1,2
!mutex_is_locked(&cgroup_root_mutex),1,1,2
m->mo_ops->moo_object_create,1,1,2
sizeof(default_cal_channels) != CHANNEL_CAL_ARRAY_LEN,1,1,2
&sdata->local->mtx,2,0,2
"! sleeping_pmac, return -EBUSY",1,1,2
!revoke_record_cache,1,1,2
(xm >> (DP_MBITS + 1 + 3)) == 0,1,1,2
"gl, gl->gl_state != LM_ST_UNLOCKED",1,1,2
ql->qh_nelems == 0,1,1,2
"sbi, secno >= TOTAL_SECS(sbi)",1,1,2
ichdr->freemap[mapindex].base < XFS_LBSIZE(mp),1,1,2
req->rq_phase == expected_phase,2,0,2
!atomic_read(&node->refcnt),2,0,2
drop_blk->magic == XFS_ATTR_LEAF_MAGIC || drop_blk->magic == XFS_DIRX_LEAF_MAGIC(state->mp),1,1,2
"(INT_GET(map->size, ARCH_CONVERT) & 0x3) == 0",1,1,2
tsk->signal != current->signal,1,1,2
tage->used <= PAGE_CACHE_SIZE,2,0,2
direction == SHIFT_LEFT || direction == SHIFT_RIGHT,2,0,2
btrfs_item_offset(leaf->items + i) != btrfs_item_end(leaf->items + i + 1),1,1,2
freeCount++ < (ZM_BCMC_ARRAY_SIZE*2),1,1,2
currIsNewline(ls),1,1,2
ref->extents[ext_index].bytenr != bytenr,1,1,2
!pipelined && reg->setup_seqno,1,1,2
!node->eb,1,1,2
"offsetof(struct batadv_icmp_packet_rr, icmph.dst) != 4",1,1,2
!oldroot->hdr.info.forw,1,1,2
intersected_rd == rd,1,1,2
list_empty(&ocapa->c_list),1,1,2
session != cap->session,1,1,2
"ip->i_d.di_format != XFS_DINODE_FMT_BTREE || ip->i_d.di_nextents > XFS_IFORK_MAXEXT(ip, XFS_DATA_FORK)",2,0,2
"get_v2sdp(inode->i_sb), 0",1,1,2
hctx->tx_p && !hctx->tx_x_calc,1,1,2
!fl.fl_file,1,1,2
sizeof(srpc_test_reqst_t) == 70,1,1,2
!(flags & DIO_METADATA),1,1,2
cplb.switch_d.size <= cplb.switch_d.pos,1,1,2
" DO_ASSERT, MERGE_2( ((hcf_16*)supp)[i], ((hcf_16*)supp)[i+1] ) ",1,1,2
entry->data.reference == ref,1,1,2
ip->i_d.di_version < 3 || (src_log_flags & XFS_ILOG_OWNER),1,1,2
req->a_block != NULL,1,1,2
lld->lld_mnt_count == 0,1,1,2
lock->ml.node != ml->node,1,1,2
req->rq_clrbuf_len > req->rq_reqlen,1,1,2
chan->slop_len > 0,1,1,2
args.agbp != NULL,1,1,2
offset >= PMD_SIZE,1,1,2
!urb,2,0,2
GET_SIT_VBLOCKS(raw_sit) > sbi->blocks_per_seg,1,1,2
atomic_read(&ctx->cc_refcount) >= 1,1,1,2
"asubstream != NULL, return -EIO",1,1,2
!num_bitmaps,1,1,2
clear_obj.len <= msgbuf_len,1,1,2
mask & FAN_ALL_PERM_EVENTS,1,1,2
IEEE80211_MAX_AMPDU_QUEUES > 127,1,1,2
ul_shm_base != 0,1,1,2
dir != IDETAPE_DIR_READ && dir != IDETAPE_DIR_WRITE,2,0,2
!task->task_padded_sg,1,1,2
"!COMP_EFUSE, (""5G, Channel %d in Group not found \n"",chnl)",1,1,2
"amd != NULL && amd->card != NULL, return -EINVAL",1,1,2
"vma->vm_flags & VM_MAYSHARE, vma",2,0,2
19 - 1 != HWEIGHT32( O_RDONLY | O_WRONLY | O_RDWR | O_CREAT | O_EXCL | O_NOCTTY | O_TRUNC | O_APPEND | __O_SYNC | O_DSYNC | FASYNC | O_DIRECT | O_LARGEFILE | O_DIRECTORY | O_NOFOLLOW | O_NOATIME | O_CLOEXEC | __FMODE_EXEC | O_PATH ),1,1,2
"src_channels->area.first % 8 == 0 && src_channels->area.step % 8 == 0, return -ENXIO",1,1,2
shift & ~(SZ_32 - 1),2,0,2
msgs[i].len > 4,1,1,2
!list_empty(&uctx->cbs.list),1,1,2
!temp,1,1,2
context_handle->mech_type->gm_ops->gss_prep_bulk,1,1,2
mp->tx_desc_count == 0,1,1,2
start >= 0 && stop >= -1,1,1,2
param1 <= MASK_FIRST_FIELD,1,1,2
!cont->subsys[i],1,1,2
"INT_GET(d->d_icount, ARCH_CONVERT) >= (xfs_qcnt_t) -qtrx->qt_icount_delta",1,1,2
cl_lock_is_mutexed(sub->lss_cl.cls_lock),2,0,2
"sdp, !test_bit(GIF_QD_LOCKED, &ip->i_flags)",2,0,2
ifidx < DHD_MAX_IFS && drvr_priv->iflist[ifidx],1,1,2
idx < XFS_PAGB_NUM_SLOTS,1,1,2
tag >= c->max_tag,1,1,2
"device, drbd_interval_empty(&req->i)",2,0,2
"cw1200_queue_remove(queue, __le32_to_cpu(wsm->packet_id))",1,1,2
atomic_long_read(&src->refcount) == 0,1,1,2
ioend->io_isdirect,1,1,2
err == MOVE_CANCEL_RACE,1,1,2
(((u64)msg - (u64)ch->remote_msgqueue) / ch->entry_size) != msg_number % ch->remote_nentries,1,1,2
xpc_any_hbs_allowed() != 0,1,1,2
seqp->ccid2s_seq <= prev->ccid2s_seq,1,1,2
type < 0 || type > ARRAY_SIZE(onchip_ops),1,1,2
((upper >= 1) && (upper <= tipc_max_nodes)) || ((upper >= LOWEST_SLAVE) && (upper <= tipc_highest_allowed_slave)),1,1,2
!list_empty(&pAdapter->RxRing.RecvList),1,1,2
"""wrong refcnt"", mg->refcnt == 3",1,1,2
!sw_context->query_cid_valid,1,1,2
"htab_bolt_mapping(base, dart_tablebase, __pa(base), tprot, mmu_linear_psize, mmu_kernel_ssize)",1,1,2
!sd,1,1,2
proto == 0 && port == 0,1,1,2
vcpu3s->vsid_max < vcpu3s->vsid_first,1,1,2
count > dql->num_queued - dql->num_completed,1,1,2
!refcnt,1,1,2
!ctx_obj0,1,1,2
sector == bio->bi_sector,1,1,2
"rsubstream != NULL, return -EINVAL",1,1,2
ci->i_rdcache_revoking > ci->i_rdcache_gen,1,1,2
phm != NULL,1,1,2
"request_irq(ipi, icp_ops->ipi_action, IRQF_DISABLED|IRQF_PERCPU, ""IPI"", NULL)",1,1,2
core_num_wrps > 1,1,1,2
!exphy,1,1,2
bmval0 & ~NFSD_SUPPORTED_ATTRS_WORD0,1,1,2
rt == NULL,1,1,2
size > MAX_BUFFER_OFFSET,1,1,2
ZONEID_PGSHIFT == 0 && ZONEID_MASK,1,1,2
pa->e_tag != ACL_USER_OBJ,1,1,2
errcode != -BCME_PENDING,1,1,2
!PageHuge(page) && PageTransHuge(page),1,1,2
!is_confirmed(conntrack),1,1,2
buf_usage <= stride,1,1,2
vaddr > FIXADDR_TOP,1,1,2
err != len,2,0,2
(idx >= 0) && (idx < ifp->if_bytes / (uint)sizeof(xfs_bmbt_rec_t)),1,1,2
"INT_GET(d->d_bcount, ARCH_CONVERT) >= (xfs_qcnt_t) -totalbdelta",1,1,2
!xor_status->value,1,1,2
"cfs_time_after(timer->stt_expires, get_seconds())",1,1,2
!list_empty(&flip_pages),1,1,2
!rq,1,1,2
!(vma->vm_flags & VM_LOCKED),1,1,2
"boot->size == (c + 2) * 3, return -EINVAL",1,1,2
!snapc,1,1,2
size >= (sizeof(__u32) + token_size),1,1,2
owner_objectid < BTRFS_FIRST_FREE_OBJECTID,1,1,2
"notify != NULL && notify->n_register != NULL && notify->n_unregister != NULL && notify->n_disconnect, return -EINVAL",1,1,2
"tsap == self->tsap_data, return;",2,0,2
!asihpi,2,0,2
context_handle->mech_type->gm_ops->gss_get_mic,1,1,2
atomic_read(&e->pending_bios) == 0,1,1,2
etdev->RxRing.nReadyRecv == 0,1,1,2
&lun->lun_tg_pt_gp_lock,2,0,2
pool->cpu != smp_processor_id(),1,1,2
obd->md_cntr_base == 0,1,1,2
resp->opcnt != 1,1,1,2
IS_ERR(sync_supers_tsk),1,1,2
!bcmreclaimed,1,1,2
!atomic_read(&ioc->aic->nr_queued),1,1,2
"virtqueue_add_sgs(vi->cvq, sgs, out_num, in_num, vi, GFP_ATOMIC) < 0",1,1,2
((unsigned long)out & (PAGE_SIZE-1)) == 0,1,1,2
e1->f == NO_JUMP,1,1,2
(flags & XFS_ICHGTIME_ACC) == 0,1,1,2
new_sector != stripe,1,1,2
ch_id < chnl_mgr_obj->max_channels,1,1,2
!user_mode_vm(&new_stack->regs),1,1,2
"!profile_is_valid(flags, 0)",1,1,2
e != lc->changing_element,1,1,2
(start % HPAGE_SIZE) != 0,1,1,2
(xm >> (DP_FBITS + 1)) == 0,2,0,2
IS_ERR(fs_root),1,1,2
hw_is_interval(var),1,1,2
iip->ili_orig_root != NULL,1,1,2
cpu >= nr_cpu_ids && cpu != WORK_CPU_UNBOUND,1,1,2
"ismrlocked(io->io_lock, MR_UPDATE) != 0",1,1,2
r->reg >= NR_SYS_REGS,2,0,2
desc->bd_iov[i].kiov_len <= desc->bd_enc_iov[i].kiov_len,1,1,2
extent_op->update_key,1,1,2
data->num_labels >= data->max_labels || data->num_attributes >= data->max_attributes,1,1,2
lock_flags == XFS_IOLOCK_EXCL || !need_iolock,1,1,2
dt->do_body_ops->dbo_punch,1,1,2
"ctl && ctl->card, return -ENXIO",1,1,2
tx_rate >= 0,1,1,2
dhd && ifp,1,1,2
!hcd->regs,2,0,2
"!IS_ALIGNED(start_pfn, 1 << order)",1,1,2
!kmalloc_caches[1]->name,1,1,2
"offsetof(struct compat_ethtool_rxnfc, fs.m_u) + sizeof(compat_rxnfc->fs.m_u) != offsetof(struct ethtool_rxnfc, fs.m_u) + sizeof(rxnfc->fs.m_u)",1,1,2
c_ptr->nodes[n_num] == NULL,1,1,2
CMD_STATE(sc) != FNIC_IOREQ_ABTS_PENDING,1,1,2
root_logical == root->node->start,1,1,2
"shmem_should_replace_page(newpage, gfp)",1,1,2
leaf2->hdr.info.magic == cpu_to_be16(XFS_DIR2_LEAFN_MAGIC),1,1,2
readl(l2x0_base + L2X0_CTRL) & 1,1,1,2
chnl_id,1,1,2
desc->bd_enc_iov[i].kiov_page,1,1,2
(n1 >= 2) && (n1 <= 7),1,1,2
p_proc_object->psz_last_coff == NULL,1,1,2
"bad_range(zone, page), page",2,0,2
(pb->pb_flags & (PBF_DELWRI|_PBF_DELWRI_Q)) == 0,1,1,2
type > MAX_SWAPFILES,1,1,2
ieee->iw_mode != IW_MODE_MONITOR,1,1,2
pte_none(*pte),1,1,2
wq->flush_color != wq->work_color,1,1,2
bio_offset(bio) || bio_iovec(bio)->bv_len != sdp->sector_size,1,1,2
bufsz <= OTP_SZ_MAX,1,1,2
mem->slot >= KVM_MEM_SLOTS_NUM,1,1,2
desc->bd_iov_count <= page_pools.epp_max_pages,1,1,2
item->ri_buf[0].i_len == (sizeof(xfs_efd_log_format_t) + ((efd_formatp->efd_nextents - 1) * sizeof(xfs_extent_t))),1,1,2
&d->d_inode->i_mutex,1,1,2
first_descriptor == NULL,1,1,2
lli->lli_sai == NULL,2,0,2
n3d < 0,1,1,2
"htab_bolt_mapping(start, end, __pa(start), _PAGE_ACCESSED | _PAGE_DIRTY | _PAGE_COHERENT | PP_RWXX, mmu_linear_psize, mmu_kernel_ssize)",1,1,2
"ip->i_sbd, GFS2_EA2NEXT(el->el_prev) == el->el_ea",1,1,2
queue > MWL8K_TX_QUEUES - 1,1,1,2
oldirq == 6,2,0,2
!mutex_is_locked(&uuid_mutex),2,0,2
p->flags & PF_DEAD,1,1,2
"dst_channels != NULL, return -ENXIO",1,1,2
"irttp != NULL, return -EINVAL;",1,1,2
!(tsk->flags & PF_EXITING),1,1,2
(ip_hdr(skb)->frag_off & htons(IP_OFFSET)) == 0,1,1,2
wn < ((oi->size / 2) + OTP_RC_LIM_OFF),1,1,2
secno >= total_secs,1,1,2
rmsg != NULL && rmsg->lm_bufcount >= 2,1,1,2
dead_node != dlm->reco.dead_node,1,1,2
"!test_bit(PTLRPC_CTX_CACHED_BIT, &ctx->cc_flags)",1,1,2
__kfifo_len(ctask->r2tqueue),1,1,2
plane > 2,1,1,2
path,2,0,2
skb_headroom(skb) < MWIFIEX_MIN_DATA_HEADER_LEN,2,0,2
"cpumask_test_cpu(cpu, cptab->ctb_cpumask)",2,0,2
!qdev->monitors_config,1,1,2
iosapic_intr_info[irq].count,1,1,2
(unsigned long) cred->security < PAGE_SIZE,1,1,2
"(oldblk->index >= 0) && (oldblk->index <= INT_GET(node->hdr.count, ARCH_CONVERT))",1,1,2
tail_cycle == (cycle - 1),1,1,2
pos + count > HDSP_CHANNEL_BUFFER_BYTES / 4,2,0,2
ip->i_d.di_version == XFS_DINODE_VERSION_1,1,1,2
"INT_GET(lep[i].hashval, ARCH_CONVERT) >= INT_GET(lep[i - 1].hashval, ARCH_CONVERT)",1,1,2
bf_isretried(bf),1,1,2
Length == SXG_RCV_BLOCK_SIZE(SXG_RCV_DATA_HDR_SIZE),1,1,2
tmpres->state & DLM_LOCK_RES_DROPPING_REF,1,1,2
(flags & ATTR_KERNOVAL) ? (aclp == NULL) : 1,1,1,2
!spec->hp_dac_nid,1,1,2
page_mapcount(pgtable) != 0,1,1,2
info->nr_frags > MAX_SKB_FRAGS,1,1,2
"""wrong pinned"", evsel->attr.pinned",2,0,2
packetindex >= 0 && packetindex < BCM43xx_PIO_MAXTXPACKETS,1,1,2
"dl->dl_count == 0, ""dentry: %.*s, count: %u\n"", dentry->d_name.len, dentry->d_name.name, dl->dl_count",1,1,2
lli->lli_size_sem_owner == current,1,1,2
"rcu_is_watching(), ""rcu_read_unlock_sched() used illegally while idle""",1,1,2
tsk->pid == tsk->tgid,1,1,2
driver->RingBufferSize >= (PAGE_SIZE << 1),1,1,2
!(buffer_paddr & 0xFF),1,1,2
!hstate,1,1,2
iser_conn == NULL,1,1,2
"before48(avr->dccpavr_ack_seqno, head->dccpavr_ack_seqno)",1,1,2
"ISALIGNED(offsetof(wsec_key_t, data), sizeof(u32))",1,1,2
"cgroup_init_root_id(&cgroup_dummy_root, 0, 1)",1,1,2
esector < nr_sectors,1,1,2
mdev->net_conf == NULL,1,1,2
new_ctx->magic,1,1,2
!mutex_is_locked(&mark->group->mark_mutex),2,0,2
index > efx->type->txd_ring_mask,1,1,2
index == -1,2,0,2
"trident != NULL, return NULL",1,1,2
"drbd_md_ss__(mdev, mdev->ldev) == mdev->ldev->md.md_offset",1,1,2
!slave,1,1,2
pnob->tx_ctxt[cur_index],1,1,2
sector == bio->bi_iter.bi_sector,1,1,2
"snd_pcm_format_linear(src_format->format) && snd_pcm_format_linear(dst_format->format), return -ENXIO",1,1,2
obj_priv->madv == __I915_MADV_PURGED,1,1,2
cpu > nr_cpu_ids,1,1,2
ct != NULL && (ctinfo == IP_CT_NEW || ctinfo == IP_CT_RELATED || ctinfo == IP_CT_RELATED_REPLY),2,0,2
lp->tagged_cmds[ent->tag[1]],1,1,2
"env, page, page->cp_owner == NULL",2,0,2
cix == 0xff,1,1,2
be64_to_cpu(rblock->bb_leftsib) == NULLDFSBNO,1,1,2
active > num_descs,1,1,2
v == l,1,1,2
sb->s_root == NULL,1,1,2
!list_empty(&ad->fifo_list[BLK_RW_ASYNC]),1,1,2
!udqhint || type == XFS_DQ_GROUP,1,1,2
done->dead_node != dlm->reco.dead_node,1,1,2
clk->refcount == 0,1,1,2
vi->i_size != attr_len,1,1,2
nchunks == 0,1,1,2
key_tgcred(current)->session_keyring,1,1,2
"op->state, ==, FSCACHE_OP_ST_IN_PROGRESS",2,0,2
mp->m_flags & XFS_MOUNT_RDONLY,2,0,2
cmd >= CMD_LAST_INDEX,2,0,2
logical + PAGE_SIZE <= rbio->raid_map[0] + rbio->stripe_len * rbio->nr_data,1,1,2
nr * sizeof(*uu) == sizeof(class_uuid_t),1,1,2
ldo->refcount == 0,1,1,2
"highstale < INT_GET(btp->count, ARCH_CONVERT)",1,1,2
 radio_attenuation <= 31,1,1,2
rl2->lcn < LCN_HOLE,2,0,2
arg->magic == PTLRPC_WORK_MAGIC,1,1,2
list_empty(&im_port->itnim_mapped_list),1,1,2
reserved_huge_pages == 0,1,1,2
spin_is_locked(&object->lock),1,1,2
!cfs_hash_is_rehashing(hs),2,0,2
p->exit_state != EXIT_ZOMBIE && p->exit_state != EXIT_DEAD,1,1,2
!list_empty(&trans->peer_active),1,1,2
"IS_ALIGNED((unsigned long)frame, 2)",1,1,2
ret < 0 && ret != -ENOENT,1,1,2
b > 0 || bdir >= 0,1,1,2
!info->bitmap && !info->bytes,1,1,2
(((perms) >> 3) & 7) < ((perms) & 7),1,1,2
"offsetof(SXG_CONFIG_A, SwCfg) == SW_CFG_SECTION_START_A",1,1,2
!(rc & LDD_F_NEED_INDEX),1,1,2
cluster >= 2 || !(cpumask & dcscb_allcpus_mask[cluster]),1,1,2
ex->fe_len > EXT4_BLOCKS_PER_GROUP(ac->ac_sb),1,1,2
vol->upd_received <= vol->upd_bytes,2,0,2
(tp->t_log_count == 0) || (tp->t_log_count == logcount),1,1,2
phy_layer == cnfg->phy_layers[phyid].phy_layer,1,1,2
"btrfs_ref_num_refs(leaf, ref) != 1",1,1,2
cpu_online(this_cpu),1,1,2
last_request,1,1,2
use_xsave(),1,1,2
plast,1,1,2
cur->bc_private.b.flags & XFS_BTCUR_BPRV_WASDEL,1,1,2
req->rq_reqbuf || req->rq_clrbuf,2,0,2
dev_priv->card_type >= NV_50,1,1,2
start >= eidx,1,1,2
parent->dentry->d_inode,1,1,2
n_num <= ulim,1,1,2
conn->channels[0] == NULL && conn->channels[1] == NULL && conn->channels[2] == NULL && conn->channels[3] == NULL,2,0,2
sizeof(struct dot11_ack_frame) == DOT11_ACK_LEN,1,1,2
closure->clc_nr == 0,2,0,2
mapping->assoc_mapping != buffer_mapping,1,1,2
!xs->bucket.bhs[0] || !xe || ocfs2_xattr_is_local(xe),1,1,2
ip_nat_irc_hook,1,1,2
ref_table.entries,1,1,2
dma32_txsuspendedidle(di),1,1,2
obd->obd_stats == NULL,1,1,2
port == NULL,1,1,2
&obj->base.dev->struct_mutex,1,1,2
!sblock->pagev[0].page,1,1,2
"ismrlocked(&(ip->i_iolock), MR_UPDATE | MR_ACCESS)",1,1,2
"sdp, list_empty(&ai->ai_ail1_list)",1,1,2
"!alloc_cpumask_var_node(&tbl[node], GFP_KERNEL, node_online(node) ? node : NUMA_NO_NODE)",1,1,2
PTP_V1_UUID_OFFSET != PTP_V2_MC_UUID_OFFSET,1,1,2
!(iip->ili_format.ilf_fields & (XFS_ILOG_ADATA | XFS_ILOG_AEXT)),1,1,2
&exp->exp_cb_count,1,1,2
dev->dd_ops->dt_conf_get,1,1,2
PERCPU_DYNAMIC_EARLY_SIZE < SLUB_PAGE_SHIFT * sizeof(struct kmem_cache_cpu),1,1,2
desc->fragno > 3,2,0,2
(lock_flags & ~(XFS_LOCK_MASK | XFS_IUNLOCK_NONOTIFY)) == 0,1,1,2
btrfs_header_generation(buf) != trans->transid,1,1,2
"ip->i_d.di_uid == INT_GET(udqp->q_core.d_id, ARCH_CONVERT)",1,1,2
!twl6040_codec,1,1,2
"opl3 != NULL, return -EINVAL",1,1,2
SxgSgl->VlanTag.VlanTpid == 0,1,1,2
"dummy != NULL, return -EINVAL",1,1,2
"gl, gl->gl_state != LM_ST_EXCLUSIVE",2,0,2
!igrab(mapping->host),1,1,2
spec->num_pins >= MAX_HDMI_PINS,1,1,2
be32_to_cpu(block->hdr.magic) == XFS_DIR2_DATA_MAGIC,1,1,2
"buf != NULL, return -ENXIO",1,1,2
chip < 0 || chip >= 4,2,0,2
read_domains & I915_GEM_DOMAIN_CPU,1,1,2
!sfd->vm_ops->fault,1,1,2
be64_to_cpu(d->d_icount) >= (xfs_qcnt_t) -qtrx->qt_icount_delta,1,1,2
adapter->intr.type == VMXNET3_IT_AUTO || adapter->intr.num_intrs <= 0,1,1,2
down_read_trylock(&mm->mmap_sem),2,0,2
nob <= sizeof value,1,1,2
ubi->mtd->writebufsize == ubi->mtd->writesize,1,1,2
le->link >= hw->ports || !hw->dev[le->link],1,1,2
"(INT_GET(free->hdr.firstdb, ARCH_CONVERT) % XFS_DIR2_MAX_FREE_BESTS(mp)) == 0",1,1,2
bno < end,1,1,2
!opts->subsys_mask && !opts->none,1,1,2
"""kernel doing rename outside kernel context\n""",1,1,2
"!b->nsets && t->size < bkey_to_cacheline(t, end(t->data))",1,1,2
aport->hw_fragcount <= MAX_FRAGCOUNT(aport->hw_fragsize),1,1,2
"substream->dma_buffer.dev.type != SNDRV_DMA_TYPE_UNKNOWN, return -EINVAL",1,1,2
rbi->dma_addr == 0,1,1,2
bma->got.br_startoff + bma->got.br_blockcount >= aoff + alen,1,1,2
!se_cmd->t_task_buf,1,1,2
"offset + len <= (char *)dup + INT_GET(dup->length, ARCH_CONVERT) - (char *)d",1,1,2
e->pnum != e1->pnum,2,0,2
"(subdevice_id & 0xfff0) == INDIGO_IO, return -ENODEV",1,1,2
"INT_GET(blkinfo->magic, ARCH_CONVERT) == XFS_DA_NODE_MAGIC",1,1,2
current_slot >= 0 && current_slot < ring->nr_slots,1,1,2
eq->workpending == TRUE,1,1,2
sel->rate_idx < 0,1,1,2
type >= 0 && type < UBIFS_NODE_TYPES_CNT,2,0,2
len & 0x1,2,0,2
le16_to_cpu(path[i].p_hdr->eh_entries) > le16_to_cpu(path[i].p_hdr->eh_max),1,1,2
sizeof(struct flowi) % sizeof(flow_compare_t),1,1,2
!list_empty(&ctx->rq),2,0,2
ip_nat_pptp_hook_exp_gre,1,1,2
txq->tx_skb[txq->tx_tail].skb != NULL,1,1,2
"lp->prev_req > DLM_LOCK_NL, ""%x,%llx"", lp->lockname.ln_type, lp->lockname.ln_number",1,1,2
flags & FMODE_READ,1,1,2
"dev_priv, intel_crtc_to_shared_dpll(intel_crtc), intel_crtc",1,1,2
"emu != NULL && card != NULL, return -EINVAL",1,1,2
"ergo((type) != GFP_ATOMIC, !in_interrupt())",1,1,2
IS_ERR(pending->snap),1,1,2
"trident != NULL && substream != NULL, return -EINVAL",1,1,2
dai->driver->id >= ARRAY_SIZE(wm8776->sysclk),1,1,2
segment >= bio->bi_vcnt,1,1,2
"!test_bit(BITMAP_IO, &device->flags)",1,1,2
PageCompound(page_tail),1,1,2
replaced_count > count,1,1,2
spin_is_locked(&rs->rs_lock),1,1,2
!PageLocked(newpage),1,1,2
!emu || !emu->ops.terminate,2,0,2
i != *num_opts,1,1,2
flags & ~(SLAB_DMA | SLAB_LEVEL_MASK | __GFP_NO_GROW),1,1,2
txq->stats.len == 0,1,1,2
"equi(obj->len, obj->data)",1,1,2
req == last_req && req->r_sent_stamp == last_sent,1,1,2
length != data->length,1,1,2
XFS_DQ_IS_LOCKED(ip->i_gdquot),1,1,2
len > MAX_PACKET_LEN,1,1,2
stat[BLKIO_STAT_SYNC] == 0,1,1,2
"ISALIGNED(len, sizeof(uint32))",1,1,2
kctx->kc_keye.kb_tfm == NULL || ke->ke_conf_size >= crypto_blkcipher_blocksize(kctx->kc_keye.kb_tfm),1,1,2
sg_add,1,1,2
task->tk_active,1,1,2
bp->b_addr != NULL,1,1,2
map->map_ops[i].handle == -1,1,1,2
rqstp->rq_xprt_ctxt != rdma,1,1,2
!ETHER_ISMULTI(&h->a1),1,1,2
(pb->pb_flags & (PBF_DELWRI|PBF_ASYNC)) == (PBF_DELWRI|PBF_ASYNC),1,1,2
sizeof(*ra) <= sizeof(req->rq_async_args),1,1,2
tn != rtnl_dereference(cptr[cindex]),1,1,2
"F2FS_I_SB(dn->inode), blk_addr == NEW_ADDR",1,1,2
mutex_is_locked(&ffs->mutex) || spin_is_locked(&ffs->ev.waitq.lock) || waitqueue_active(&ffs->ev.waitq) || waitqueue_active(&ffs->ep0req_completion.wait),1,1,2
cwq->nr_active,1,1,2
from != NULL && from->obj != NULL && from->obj->pin_count == 0,1,1,2
ARRAY_SIZE(pwr_info_offset) != ARRAY_SIZE(out->core_pwr_info),2,0,2
ctask->sc->use_sg == 0,1,1,2
"(subdevice_id & 0xfff0) == DARLA20, return -ENODEV",1,1,2
ramster_flnodes < 0,1,1,2
spec->int_mic_idx < 0 || spec->ext_mic_idx < 0,1,1,2
!bdev,1,1,2
"strcmp(snap->name, snap_name)",1,1,2
offset + (sfp->count + 2) * (uint)sizeof(xfs_dir2_leaf_entry_t) + (uint)sizeof(xfs_dir2_block_tail_t) <= mp->m_dirblksize,1,1,2
!ch->sport,1,1,2
tx_queue->queue >= 128,1,1,2
maldata->num_tx_chans <= 0 || maldata->num_tx_chans > 32,1,1,2
leaf1->hdr.info.magic == cpu_to_be16(XFS_DIR2_LEAFN_MAGIC),1,1,2
"sdp, !al->al_qd_num",1,1,2
atomic_read(&iocb->ki_users) != 1,1,1,2
server->cb_promises.rb_node != NULL,2,0,2
"0, ""unknown bast mode %u"", bast_mode",1,1,2
bus->dhd->osh,1,1,2
imp->imp_replayable,2,0,2
pad >= vdev_to_v4l2_subdev( fh->vfh.vdev)->entity.num_pads,1,1,2
!new_ext_csd,1,1,2
maxlen < 4,1,1,2
work_color != work_next_color(pwq->work_color),1,1,2
"gpio_request(ZOOM2_HEADSET_MUX_GPIO, ""hs_mux"") < 0",1,1,2
length > pagelist->length,1,1,2
!snap || snap->id != CEPH_NOSNAP,1,1,2
param2 <= MASK_FIRST_FIELD,1,1,2
node2->hdr.info.magic == cpu_to_be16(XFS_DA_NODE_MAGIC),1,1,2
cur->scanned_block || cur->scanned_prev_free || cur->scanned_next_free,1,1,2
csr->max_rom < 1,1,1,2
daemon->pid != current->pid,1,1,2
pte_file(*pte),1,1,2
list_empty(&ctx->validate_head),1,1,2
tmp != skb,1,1,2
csizep->cs_cachep == NULL,1,1,2
!dev->cpumask,1,1,2
mea && mea->mea_count,1,1,2
IS_ERR(ck_ext),1,1,2
comedi_board_minor_table[i],1,1,2
slotid >= NFS4_MAX_SLOT_TABLE,1,1,2
!priv->intr_id,1,1,2
mc.mm,1,1,2
reg >= ARRAY_SIZE(da7210_reg),1,1,2
base_addr && !unit_size,1,1,2
XFS_BUF_IODONE_FUNC(bp) != xfs_buf_iodone_callbacks,1,1,2
table->count < 0,1,1,2
*objectid < search_start,1,1,2
"pag->pagf_flcount == INT_GET(agf->agf_flcount, ARCH_CONVERT)",1,1,2
"ISALIGNED((uintptr) skb->data, 2)",1,1,2
list_empty(&ssi->cmdqueue),2,0,2
from_obj != NULL && from_obj->pin_count == 0,1,1,2
"port->c_dest.count == 0,",1,1,2
!uv_system_inited,1,1,2
(ii->ii_flags & II_FL_VARREC) == 0,1,1,2
!ss->css_alloc,1,1,2
"CFS_HOP(hs, put_locked) != NULL",1,1,2
!list_empty(&node->upper),2,0,2
!mutex_is_locked(&fs_info->volume_mutex) && !spin_is_locked(&fs_info->balance_lock),1,1,2
xs->header->xh_count != 0,1,1,2
seen_current++,2,0,2
blk->magic == XFS_ATTR_LEAF_MAGIC || blk->magic == XFS_DIR2_LEAFN_MAGIC,1,1,2
"self != NULL, return IRQ_NONE;",1,1,2
!path->locks[level],2,0,2
!vlan_info,2,0,2
msg->length,1,1,2
"INT_GET(d->d_rtb_softlimit, ARCH_CONVERT) <= INT_GET(d->d_rtb_hardlimit, ARCH_CONVERT)",1,1,2
!PKTNEXT(sdu),1,1,2
controller->window == NULL,1,1,2
ip_nat_ftp_hook,1,1,2
RcvDataBufferHdr->SxgDumbRcvPacket,1,1,2
"XFS_AGI_GOOD_VERSION( INT_GET(agip->agi_versionnum, ARCH_CONVERT))",1,1,2
container_entity != NULL,1,1,2
sport->curr_tx_desc != sport->dummy_tx_desc,1,1,2
handle->lgh_file == NULL,1,1,2
addr >> addr_width,1,1,2
ctask->sent + size > ctask->total_length,1,1,2
t->mo_dir_ops->mdo_rename_tgt,1,1,2
clp->cp_state == CPS_FREEING,2,0,2
ioend->io_type != IOMAP_READ,1,1,2
blks == 0,1,1,2
list_empty(&mdev->net_ee),1,1,2
hooknum == NF_INET_PRE_ROUTING || hooknum == NF_INET_POST_ROUTING || hooknum == NF_INET_LOCAL_OUT,1,1,2
wall_time->tv_nsec >= NSEC_PER_SEC,2,0,2
offs > PAGE_SIZE,1,1,2
"get_slice_psize(tlb->mm, addr) != mmu_huge_psize",1,1,2
ev->type == 0,2,0,2
mapcount > 100000,1,1,2
(port & ~PIO_MASK) != PIO_OFFSET,1,1,2
"bc !=0, ""bc out of range""",1,1,2
!buffer_dirty(left_buf),1,1,2
!virt_addr_valid(start) || !virt_addr_valid(start + size - 1),1,1,2
svcpt->scp_nthrs_starting == 1,2,0,2
atomic_read(&mp->nohomeok) == 1,1,1,2
get_dirty_dents(inode),1,1,2
atomic_read(&server->usage) < 0,1,1,2
leaf->items[i].offset != leaf->items[i + 1].offset + leaf->items[i + 1].size,1,1,2
state->end != end,1,1,2
index == 0,2,0,2
!(area->vm_flags & VM_CAN_INVALIDATE),1,1,2
origin != SEEK_HOLE,1,1,2
driver->type != TTY_DRIVER_TYPE_PTY,1,1,2
"memcmp((void *)entry->code, &code, 5) != 0",1,1,2
!bridge_data.initialized,1,1,2
"address < vma->vm_start || address >= vma->vm_end, vma",2,0,2
 radio_attenuation <= 9,1,1,2
!init_root_id(&rootnode),1,1,2
!qp,2,0,2
tx_fifo_avail > 0 && buf_remaining > 0,1,1,2
length == mp->m_ialloc_blks,1,1,2
size,1,1,2
gain >= sizeof(gaindelay) / sizeof(gaindelay[0]),1,1,2
PFN_UP(addr + size) > bdata->node_low_pfn,1,1,2
!logerror,1,1,2
"dma_has_cap(DMA_SLAVE, device->cap_mask) && !device->device_control",1,1,2
!is_vmalloc_addr(vmalloc_addr) && !is_module_address(addr),1,1,2
header.payload_size != 16,1,1,2
stats != NULL,2,0,2
sizeof(struct tcp_illinois) > ICSK_CA_PRIV_SIZE,1,1,2
"sdp, sizeof(struct gfs2_sb) <= bh->b_size",1,1,2
pdu->size > P9_READDIRHDRSZ,1,1,2
sd && sd->sdos_info,1,1,2
!(iip->ili_format.ilf_fields & (XFS_ILOG_DBROOT | XFS_ILOG_DEXT | XFS_ILOG_DEV | XFS_ILOG_UUID)),1,1,2
be16_to_cpu(dup->length) <= be16_to_cpu(bf[2].length),1,1,2
le32_to_cpu(rec->e_clusters) == 0,1,1,2
zero_page_address != NULL,1,1,2
"rate >= 8000 && rate <= 50000, return -EINVAL",1,1,2
(buf->tail + urb->actual_length) > buf->end,1,1,2
count & COUNT_CONTINUED,2,0,2
irq < IRQ_ORION5X_GPIO_0_7 || irq > IRQ_ORION5X_GPIO_24_31,1,1,2
atomic_read(&wq->nr_pwqs_to_flush),1,1,2
test,1,1,2
tclass >= ARRAY_SIZE(secclass_map),1,1,2
sport->dma_rx_desc == NULL,1,1,2
cpu_evtchn_mask_p == NULL,1,1,2
tcp_left_out(tp) > tp->packets_out,1,1,2
sta_id == IWL_INVALID_STATION,1,1,2
meta->skb,1,1,2
ext->oe_intree,2,0,2
LST_IS_EMPTY(msg_list),1,1,2
!local || local->mdev == dev,1,1,2
attr >= DMA_ATTR_MAX,2,0,2
m->nr_pages < want,1,1,2
from != NULL && from->obj != NULL && !i915_gem_obj_is_pinned(from->obj),1,1,2
code > NFT_REJECT_ICMPX_MAX,2,0,2
"htab_bolt_mapping(tce_alloc_start, tce_alloc_end, tce_alloc_start, mode_rw, mmu_linear_psize)",1,1,2
"!PM_ALIGNED(map_size, bus_addr)",1,1,2
entry->prev->next != entry,1,1,2
!S_ISREG(p_s_inode->i_mode),1,1,2
image_offset == bio_list->bi_sector << SECTOR_SHIFT,1,1,2
*nmap <= XFS_BMAP_MAX_NMAP || !(flags & XFS_BMAPI_WRITE),1,1,2
pAdapter->RxRing.nReadyRecv == 0,1,1,2
b->written && (b->written >= btree_blocks(b) || i->seq != b->sets[0].data->seq || !i->keys),1,1,2
"strcmp(dev->obd_type->typ_name, LUSTRE_OSC_NAME) == 0 || strcmp(dev->obd_type->typ_name, LUSTRE_MDC_NAME) == 0 || strcmp(dev->obd_type->typ_name, LUSTRE_MGC_NAME) == 0",2,0,2
spu_coredump_calls.owner != calls->owner,1,1,2
!vfd->release,1,1,2
(n_oos - mdev->rs_failed) == 0,1,1,2
"(l_fb_info->vIOBase != (unsigned char *) (-1)), ""l_fb_info->vIOBase mapped in read dac reg\n""",1,1,2
complete != 0,1,1,2
dev->dd_ops->dt_commit_async,1,1,2
count <= cex->ec_len,1,1,2
amd_iommu_pd_table[devid] != NULL,1,1,2
offset > PAGE_SIZE,1,1,2
"GFS2_SB(&ip->i_inode), S_ISREG(ip->i_inode.i_mode)",1,1,2
ok == SS_SUCCESS,1,1,2
!(ksig->ka.sa.sa_flags & SA_RESTORER),1,1,2
!name_ptr,1,1,2
uio->uio_segflg == UIO_SYSSPACE,1,1,2
(ios->layout->group_width > 1) && (unit_off + length > stripe_unit),1,1,2
!(fp->fi_fds[oflag] || fp->fi_fds[O_RDWR]),1,1,2
"cgroup_css(cgroup_dummy_top, i)->cgroup != cgroup_dummy_top",1,1,2
__insn_mfspr(SPR_INTERRUPT_CRITICAL_SECTION),1,1,2
used > QDIO_MAX_BUFFERS_PER_Q,1,1,2
received != len,1,1,2
val < 0 || val > mc13xxx_regulators[id].desc.n_voltages,1,1,2
conf->sc_updated == 0 && conf->sc_local == 0,1,1,2
XFS_BUF_ISBUSY(bip->bli_buf),1,1,2
panel->backlight.max == 0,1,1,2
XPC_TICKS < part->disengage_request_timeout,1,1,2
num_online_cpus() > 1,2,0,2
sg_count > FNIC_MAX_SG_DESC_CNT,1,1,2
"!test_bit(dead_node, res->refmap)",1,1,2
start + size <= ac->ac_o_ex.fe_logical && start > ac->ac_o_ex.fe_logical,1,1,2
NUM_RFKILL_TYPES > sizeof(rfkill_states_default_locked) * 8,1,1,2
nf_ct_protos[l4proto->l3proto][l4proto->l4proto] != l4proto,1,1,2
"capa_count[CAPA_SITE_CLIENT] == 0, ""client remaining capa count %d\n"", capa_count[CAPA_SITE_CLIENT]",1,1,2
"ISALIGNED((uintptr) di->txd64, align)",1,1,2
!nce_head,1,1,2
"header_size > blocksize, ""bucket %llu has header size "" ""of %u which exceed block size\n"", (unsigned long long)bucket_blkno(&xs->bucket), header_size",1,1,2
fp->fi_had_conflict,1,1,2
state->queue.qlen,1,1,2
"ntohl(sp->hdr.seq), >, call->rx_data_eaten",2,0,2
attr_len < i_size_read(vi),1,1,2
page->cp_type == CPT_CACHEABLE,2,0,2
btrfs_header_nritems(&c->header) == 1,1,1,2
!mem || mem_cgroup_is_obsolete(mem),1,1,2
"oss_period_size >= 16, return -EINVAL",1,1,2
storDevice->RefCount,1,1,2
"dma_has_cap(DMA_SLAVE, device->cap_mask) && !device->device_prep_slave_sg",1,1,2
mask != CEPH_LOCK_DN,1,1,2
type < 0 || type >= ARRAY_SIZE(onchip_ops),1,1,2
h->nsops != 1,1,1,2
map->layout_map_count != 2,1,1,2
subs->runtime->dma_bytes < 0x200000,1,1,2
atomic_read(&cm_id_priv->refcount)==0,2,0,2
vaddr + UPROBES_BKPT_INSN_SIZE > PAGE_SIZE,1,1,2
p->array,1,1,2
parent_gen == sctx->cur_inode_gen,1,1,2
path[depth].p_hdr->eh_entries != path[depth].p_hdr->eh_max,1,1,2
path->p_hdr->eh_entries == 0,1,1,2
pmd_numa(*pmdp),1,1,2
netDevice->SendBufferSize > 0,1,1,2
ref_count && (*ref_count > 0),1,1,2
!skb_queue_empty(&newsk->sk_receive_queue),1,1,2
"atomic_read(&PTR_BUCKET(b->c, &b->key, i)->pin)",1,1,2
(index >= 0) && (index < be16_to_cpu(hdr->count)),1,1,2
"skb->len > 2, return;",2,0,2
lnum < ubi32_to_cpu(vid_hdr->used_ebs),1,1,2
!bch_keylist_empty(&op->keys),1,1,2
"INT_GET(save_leaf->hdr.info.magic, ARCH_CONVERT) == XFS_ATTR_LEAF_MAGIC",1,1,2
atomic_read(&gctx->gc_base.cc_refcount) > 0,1,1,2
sizeof(*caps) != 8,2,0,2
(u64)bits <= (((u64)mdev->ldev->md.md_size_sect-MD_BM_OFFSET) << 12),1,1,2
"rcu_is_watching(), ""rcu_read_lock_bh() used illegally while idle""",1,1,2
"INT_GET(rblock->bb_numrecs, ARCH_CONVERT) == 1",1,1,2
(ttm->page_flags & TTM_PAGE_FLAG_USER) == 0,1,1,2
!S_ISREG(mode),2,0,2
cplb.init_i.pos < 2 + cplb_data[ZERO_P].valid,1,1,2
os.conn == C_WF_REPORT_PARAMS,1,1,2
dentry->d_flags & (DCACHE_OP_HASH | DCACHE_OP_COMPARE | DCACHE_OP_REVALIDATE | DCACHE_OP_DELETE ),1,1,2
IS_ERR(dir_item),1,1,2
"htab_bolt_mapping(tce_alloc_start, tce_alloc_end, __pa(tce_alloc_start), mode_rw, mmu_linear_psize)",1,1,2
atomic_read(&st->refcnt) == 0,1,1,2
ctor,1,1,2
!dm_target_is_valid(ti),1,1,2
port->isci_host == NULL,1,1,2
"offsetof(struct gelic_net_card, descr) % 32",1,1,2
PKTNEXT(pkt) == NULL,1,1,2
!root->hierarchy_id,1,1,2
module_refcount(module) == 0,1,1,2
!cb,2,0,2
"t, return -EINVAL",1,1,2
"entry->p != NULL, return -ENXIO",1,1,2
TX_DESC_CNT,1,1,2
nr_expect != 0,2,0,2
count % 4 != 0,1,1,2
!conn->data_rx_tfm,1,1,2
idx >= size,1,1,2
!path->keep_locks,1,1,2
requested_address < base_address,1,1,2
blade > (UV_DISTRIBUTION_SIZE - 1),1,1,2
lebs + c->lst.idx_lebs >= c->min_idx_lebs,1,1,2
"(INT_GET(node1->hdr.info.magic, ARCH_CONVERT) == XFS_DA_NODE_MAGIC) && (INT_GET(node2->hdr.info.magic, ARCH_CONVERT) == XFS_DA_NODE_MAGIC)",1,1,2
"atomic64_add_unless(&v, one, v1)",1,1,2
src->cls.request_info.type != CEPH_OSD_DATA_TYPE_PAGELIST,1,1,2
sizeof(bdx_stat_names) / ETH_GSTRING_LEN != sizeof(struct bdx_stats) / sizeof(u64),1,1,2
bvec->bv_len != PAGE_CACHE_SIZE,1,1,2
ip && (((ip->i_d.di_mode & S_IFREG) && pip && (pip->i_d.di_mode & S_IFDIR)) || ((ip->i_d.di_mode & S_IFDIR) && !pip)),1,1,2
"sbi, !i || i->state != NID_ALLOC",2,0,2
n_new_file_size != inode->i_size,1,1,2
(s & RQ_NET_MASK) == 0,1,1,2
seg->mr_len > PAGE_SIZE,1,1,2
"codec_index == CS46XX_PRIMARY_CODEC_INDEX || codec_index == CS46XX_SECONDARY_CODEC_INDEX, return",1,1,2
"per_cpu(watchdog_task, hotcpu)",1,1,2
!nr_devices,1,1,2
NF_CT_LABELS_MAX_SIZE > sizeof(dest->data),1,1,2
!list_empty(&father->ptrace_children),1,1,2
"object->state, >, FSCACHE_OBJECT_LOOKING_UP",1,1,2
con->state != CON_STATE_OPEN,1,1,2
reg > IOConfigReg38_39,1,1,2
from + tmp > to || tmp > bsize,1,1,2
shinfo->nr_frags > MAX_SKB_FRAGS,1,1,2
(addr + len) < addr,1,1,2
"test_bit(FSCACHE_IOERROR, &object->cache->flags)",1,1,2
sublock->cll_state != CLS_FREEING,2,0,2
(len % 4) != 0,2,0,2
db->rptr->addr.skb == 0,1,1,2
list_empty(&mdev->resync_work.list),1,1,2
ref->ic!=ic,2,0,2
!(ring->dmabase & 0x000003FF),1,1,2
!hctx->ccid2hctx_sendwait,1,1,2
dt->do_ops->do_declare_attr_set,1,1,2
!dqm || !q || !qpd,2,0,2
offset + len > ISP1362_BUF_SIZE,1,1,2
imp->imp_rq_pool == NULL,1,1,2
packet->skb->len - sizeof(*packet) < size - 16,1,1,2
"INT_GET(leaf_d->hdr.info.magic, ARCH_CONVERT) == XFS_DIR_LEAF_MAGIC",1,1,2
!frag,2,0,2
"offsetof(struct batadv_icmp_packet, icmph.dst) != 4",1,1,2
ss->subsys_id < CGROUP_BUILTIN_SUBSYS_COUNT,1,1,2
"sizeof(struct sctp_ulpevent) <= sizeof(((struct sk_buff *)0)->cb), ""SCTP: ulpevent does not fit in skb!\n"", return 0",1,1,2
din >= ARRAY_SIZE(err_pos_lut),1,1,2
nd.dentry->d_inode,1,1,2
tcp_ctask->r2t_data_count - r2t->data_length < 0,1,1,2
!info->mtd[i]->resume,1,1,2
"name, return -EINVAL",1,1,2
!mem->info.nodeinfo[nid],1,1,2
svsk->sk_xprt.xpt_pool != NULL,1,1,2
xfs_buf_islocked(iclog->ic_bp),1,1,2
new_size != 0 || ip->i_delayed_blks == 0,1,1,2
!virt_to_page(vec[i].iov_base),1,1,2
current->euid != daemon->euid,1,1,2
ret != blocksize,1,1,2
"!offset_in_entry(entry, sum->file_offset)",1,1,2
bno < got.br_startoff + got.br_blockcount,1,1,2
!map || !map->active,1,1,2
pkt->bio->bi_rw != REQ_WRITE,1,1,2
!list_empty(&parent->ptraced),1,1,2
ci->ci_size != f2fs_encryption_key_size(ci->ci_mode),1,1,2
"!skb_flow_dissector_uses_key(flow_dissector, FLOW_DISSECTOR_KEY_CONTROL)",1,1,2
!tr,2,0,2
be16_to_cpu(info->magic) == XFS_DIR_LEAF_MAGIC,1,1,2
index == loghandle->u.phd.phd_cookie.lgc_index,1,1,2
function < 0 || function >= (1<<bits),1,1,2
IS_ERR(new_root),1,1,2
"!strcmp(snap->name, snap_name)",1,1,2
"card != NULL, return",1,1,2
wlp->dev_info != NULL,1,1,2
ocapa->c_capa.lc_opc != CAPA_OPC_OSS_TRUNC,1,1,2
sizeof(a->value) < INFINIBAND_ALEN,1,1,2
rx->local != NULL,2,0,2
fence_class >= PSB_NUM_ENGINES,1,1,2
id == DEFAULT_CONTEXT_ID,1,1,2
!dev->is_open[ch_idx],2,0,2
actual_length <= packet_size,1,1,2
"sbi, sbi->n_orphans == 0",1,1,2
mask & XFS_AT_GID,1,1,2
drop_blk->magic == be16_to_cpu(drop_info->magic),1,1,2
filterPacket,1,1,2
spin_is_locked(&hdr->coh_page_guard),1,1,2
1 + ilog2(TASK_STATE_MAX) != ARRAY_SIZE(task_state_array),1,1,2
dt->do_index_ops->dio_declare_delete,1,1,2
sizeof(struct dot11_addba_req) == DOT11_ADDBA_REQ_LEN,1,1,2
"!nv_iclass(obj, NV_NAMEDB_CLASS)",1,1,2
wbuf->size >= c->min_io_size,2,0,2
clp->cl_cons_state == 0,1,1,2
!clp->cl_cb_flags,1,1,2
"virtqueue_add_sgs(vi->cvq, sgs, out_num, 1, vi, GFP_ATOMIC) < 0",1,1,2
!(fc & IEEE80211_FCTL_RETRY),1,1,2
new->size >= old->size,1,1,2
"c, ""suspicious rcu_dereference_check()"" "" usage""",1,1,2
!irq_vector[irq],1,1,2
list_empty(cmd->t_task->t_mem_list),1,1,2
fh == NULL,1,1,2
sdos,1,1,2
p == publ,1,1,2
address & ~PAGE_MASK,1,1,2
dt->do_ops->do_xattr_set,1,1,2
req->rq_clrbuf->lm_bufcount >= 2,1,1,2
atomic_read(&iclog->ic_refcnt) == 0,2,0,2
allocation,1,1,2
mapcount != page_mapcount(page),1,1,2
l3proto,2,0,2
"spec->multiout.dac_nids, return -EINVAL",1,1,2
nd.path.dentry,1,1,2
!keys,1,1,2
!kfd_process_wq,2,0,2
"do_kmem_cache_shutdown(s, &release, &need_rcu_barrier)",1,1,2
list_empty(&caps_list),1,1,2
!cpg_base,1,1,2
"rcu_dereference_protected(*stackptr[-1], lockdep_is_held(&peers.lock)) != t",1,1,2
!spin_is_locked(&man->lock),1,1,2
"audio < chip->audio_ins, return -EINVAL",1,1,2
(flags & DCACHE_REFERENCED) && count == NULL,1,1,2
bmval1 & ~NFSD_SUPPORTED_ATTRS_WORD1,1,1,2
register_index >= NITIO_NUM_REGS,2,0,2
remain,2,0,2
index == ARRAY_SIZE(apb_addr_wrap_table),1,1,2
atomic_read(&page->_mapcount) != -1,1,1,2
vtimer_pending(timer),1,1,2
"sd, cpu, level, groupmask",1,1,2
!list_is_singular(&cur->upper),1,1,2
"auxlen, <, 511",2,0,2
!PageCgroupUsed(pc),1,1,2
"obd->obd_magic == OBD_DEVICE_MAGIC, ""obd %p obd_magic %08x != %08x\n"", obd, obd->obd_magic, OBD_DEVICE_MAGIC",2,0,2
!device->device_is_tx_complete,1,1,2
k < 1,2,0,2
obj->base.write_domain & ~I915_GEM_GPU_DOMAINS,1,1,2
!smp_85xx_ops.message_pass,1,1,2
is_kernel(unsigned long)uboot_arg,1,1,2
neh->eh_entries > neh->eh_max,1,1,2
"offsetof(struct sk_buff, tstamp) != offsetof(struct sk_buff, prev) + sizeof(skb->prev)",1,1,2
pkt->bio->bi_rw != (1 << BIO_RW),1,1,2
!device->device_dependency_added,1,1,2
drvr_priv && ifidx && (ifidx < BRCMF_MAX_IFS),1,1,2
!obsolete,1,1,2
ios->ol_state.nr_pages <= pg,1,1,2
ep_desc != NULL,1,1,2
snap->size == rbd_dev->header.snap_sizes[index],1,1,2
(dev->host_hw_state & H_RDY) != 0,1,1,2
page_mapcount(page) == 0,1,1,2
offset > (int)skb->len,1,1,2
is_kmmio_active(),1,1,2
tipc_bcast_nmap.count != 0,1,1,2
!user_mode_vm(regs),1,1,2
"card != NULL && device >= 0 && device < SNDRV_RAWMIDI_DEVICES, return -EINVAL",1,1,2
"device, digest_size == di->digest_size",2,0,2
offset & ~HPAGE_MASK,1,1,2
vq->vring.avail->flags & VRING_AVAIL_F_NO_INTERRUPT,1,1,2
&zswap_pools_lock,2,0,2
"ins->symbol_table.nsymbols > 0,return",1,1,2
bit >= map->num_nodes,2,0,2
!pm || !buffer || !q,2,0,2
role > entity_role_null && type < LAST_ENTITY_TYPE,1,1,2
ret > PRINTF_BUFFER_SIZE-1,1,1,2
(sizeof(fi->newareas)*8) != NUM_LOW_AREAS,1,1,2
"new != NULL, return -1;",1,1,2
s > tmp->bio->bi_sector,1,1,2
device->ldev == NULL,1,1,2
"INT_GET(d->d_blk_softlimit, ARCH_CONVERT) <= INT_GET(d->d_blk_hardlimit, ARCH_CONVERT)",1,1,2
"sdp, list_empty(&ai->ai_ail2_list)",1,1,2
ldata->ld_leh != NULL && ldata->ld_lee != NULL,1,1,2
msg->number != put - ch->remote_nentries,1,1,2
ix > EXT_LAST_INDEX(curp->p_hdr),1,1,2
!cache_cache.num,1,1,2
!KEY_PTRS(&op->replace),1,1,2
ios->si.first_stripe_start + bytes_in_stripe != last_stripe_end,1,1,2
!aio_wq || !abe_pool,1,1,2
!list_empty(&p->ptrace_entry),1,1,2
(command != CMD_802_11_ASSOCIATE) && (command != CMD_802_11_REASSOCIATE),1,1,2
vec->count > RPCSVC_MAXPAGES,1,1,2
"sdp, sdp->sd_log_num_buf + sdp->sd_log_num_jdata == sdp->sd_log_commited_buf + sdp->sd_log_commited_databuf",1,1,2
opcode >= CALIBRATION_CMD_NUM || opcode < PHY_CALIBRATE_OPCODES_NUM,1,1,2
hStrm->segment_id > 0,1,1,2
bits & EXTENT_LOCKED,2,0,2
be16_to_cpu(node1->hdr.info.magic) == XFS_DA_NODE_MAGIC,1,1,2
!virt_addr_valid(start) || !virt_addr_valid(end),1,1,2
tconn->agreed_pro_version < 100,1,1,2
be16_to_cpu(*xfs_dir2_data_unused_tag_p(dup)) == (char *)dup - (char *)d,1,1,2
from->legacy_hw_ctx.rcs_state->ring != ring,1,1,2
list_empty(&sync->msg_event_q),1,1,2
(*parent_ptr)->chn_index == parent_idx,1,1,2
vdev->vpaths[i].is_configured,1,1,2
*depth <= 0,1,1,2
*disk_tgt == NULL,1,1,2
&state->mutex,2,0,2
req->rq_clrbuf_len < newclrbuf_size,1,1,2
"!list_empty(&oi->ip_handle_list), ""Clear inode of %llu has non empty handle list\n"", (unsigned long long)oi->ip_blkno",1,1,2
"(size % format->channels) == 0,",1,1,2
!spec->am_entry[1].pin || !spec->autocfg.hp_pins[0],1,1,2
!(val & ~CHUNKS_TO_BYTES(0xFF)),1,1,2
bi->bi_vcnt != 1 && bi->bi_vcnt != 0,1,1,2
(u64)ptep < KERNELBASE,1,1,2
id < 0 || id >= rsnd_ssi_nr(priv),1,1,2
"offsetof(typeof(*seq), ccmp) != offsetof(typeof(*seq), aes_gmac)",2,0,2
"t->size && bset_written(b, t) && bkey_cmp(&b->key, &t->end) < 0, b, ""found short btree key in gc""",1,1,2
"XFS_BUF_FSPRIVATE(bp, void *)",1,1,2
"INT_GET(dfp->offset, ARCH_CONVERT) + INT_GET(dfp->length, ARCH_CONVERT) <= off",1,1,2
"!list_empty(&oi->ip_io_markers), ""Clear inode of %""MLFu64"", inode has io markers\n"", oi->ip_blkno",1,1,2
rqi->abts_done,2,0,2
"period_size >= 0x100 && period_size <= 0x10000, return -EINVAL",1,1,2
var->k == VLOCAL || var->k == VUPVAL,1,1,2
dt->do_ops->do_write_unlock,1,1,2
!(oinfo->oi_oa->o_valid & ~(OBD_MD_FLID | OBD_MD_FLTYPE | OBD_MD_FLMODE | OBD_MD_FLATIME | OBD_MD_FLMTIME | OBD_MD_FLCTIME | OBD_MD_FLFLAGS | OBD_MD_FLSIZE | OBD_MD_FLGROUP | OBD_MD_FLUID | OBD_MD_FLGID | OBD_MD_FLFID | OBD_MD_FLGENER)),1,1,2
dev->hw_dev == NULL,1,1,2
!name || !hid || !handle,1,1,2
(v & XFS_MASK64HI(9)) == 0,1,1,2
dur,1,1,2
le32_to_cpu(cp->cp_checkpoints_count) < n,1,1,2
0<=first_idx && first_idx<ARRAY_SIZE(zd_retry_rates),2,0,2
!sattr,2,0,2
gsec_pf->gsp_chash_size,1,1,2
(upper >= 1) && (upper <= tipc_max_nodes),1,1,2
start != node_start_pfn[nid],1,1,2
!PageLocked(plaintext_page),2,0,2
dt->do_ops->do_read_lock,1,1,2
e4b->bd_bitmap == e4b->bd_buddy,2,0,2
ARRAY_SIZE(max_async) - 1 != SCODE_800,1,1,2
overlay->last_flip_req,1,1,2
!mbus_unit_addr_decoding_base,1,1,2
!lv->lv_buf,1,1,2
!kmalloc_caches[2]->name,1,1,2
!PKTLINK(p),1,1,2
failed_wr != &f_wr,1,1,2
!end_io_workqueue,1,1,2
bvec->bv_offset != 0,1,1,2
old_mem_type != TTM_PL_VRAM && old_mem_type != VMW_PL_FLAG_GMR,1,1,2
passed_handle->flags & OCFS2_HANDLE_STARTED,1,1,2
!btrfs_leaf_ref_tree_empty( root->ref_tree),1,1,2
mft_ni->initialized_size > vol->mft_ino->i_size,1,1,2
dir == DSP_FROMNODE,1,1,2
hwif->next == hwif,1,1,2
"IS_ALIGNED((uintptr) di->txd64, align)",1,1,2
woff < OTP_LIM_OFF,1,1,2
"tsap == self->provider.tsap_ctrl, return;",2,0,2
"fd, O_RDWR, 0",2,0,2
in_own_cluster(node),1,1,2
stat[BLKIO_STAT_WRITE] == 0,1,1,2
ioc4_mem == NULL,1,1,2
"sem_checkid(ns,sma,u->semid)",1,1,2
sizeof(struct ether_header) == ETHER_HDR_LEN,1,1,2
!hnode->next && !hnode->pprev,1,1,2
be16_to_cpu(save_leaf->hdr.info.magic) == XFS_DIR_LEAF_MAGIC,1,1,2
list_empty(dev_to_msi_list(&dev->dev)),2,0,2
rbd_dev->snap_id != CEPH_NOSNAP,1,1,2
i == desc->count,1,1,2
BufferLen > 0,1,1,2
list_empty(&the_lnet.ln_nis_zombie),2,0,2
(bn << sector_shift) >= iomapp->iomap_bn,1,1,2
(XFS_BUF_IODONE_FUNC(bp) == NULL) || (XFS_BUF_IODONE_FUNC(bp) == xfs_buf_iodone_callbacks),1,1,2
scmnd->scsi_done != NULL,1,1,2
readdir->count < 80,1,1,2
gate_mpath == from_mpath,1,1,2
"ip->i_sbd, !mapping->nrpages",1,1,2
ch->delayed_chctl_flags != 0,2,0,2
!is_power_of_2(new_entries),1,1,2
"!after(scb->end_seq, seq)",1,1,2
gl->gl_state == gl->gl_target,1,1,2
(e-1) >> (PAGE_SHIFT - LN2_BPL + 3) == s >> (PAGE_SHIFT - LN2_BPL + 3),1,1,2
PKTLEN((p)) >= ((len) + datalign),1,1,2
atomic_read(&obd->obd_req_replay_clients),1,1,2
*shadow_ent & PT_USER_MASK,1,1,2
bno == 0 || bno == ip->i_imap.im_blkno,1,1,2
callslot->nconn < 0,1,1,2
num_ops == 1,1,1,2
src->cls.request_info->type != CEPH_OSD_DATA_TYPE_PAGELIST,1,1,2
dmaregsrx == NULL,1,1,2
bh->b_blocknr != p_blkno,1,1,2
key.type != BTRFS_EXTENT_ITEM_KEY,1,1,2
len > COREB_SRAM_SIZE,1,1,2
XFS_DIR_IS_V1(mp),1,1,2
data_dir != rq_is_sync(rq2),1,1,2
!req->background,1,1,2
!(hpd.pd & HUGEPD_OK),1,1,2
"sdp, sdp->sd_log_blks_free <= sdp->sd_jdesc->jd_blocks + sdp->sd_log_num_hdrs",1,1,2
cpu_cache_get(kmem_cache) != &initarray_cache.cache,1,1,2
lip->li_ailp == tp->t_mountp->m_ail,2,0,2
!zmii || zmii->users == 0,1,1,2
ctx->state != UFFD_STATE_RUNNING,1,1,2
address < vma->vm_start || address + PAGE_SIZE > vma->vm_end,1,1,2
list_empty(&device->net_ee),1,1,2
"XFS_DIR2_BYTE_TO_DB(mp, curoff) == curdb",1,1,2
mask & XFS_AT_UID,1,1,2
o1->mo_ops->moo_swap_layouts,1,1,2
"0, ext",1,1,2
pgd_bad(*pgd),2,0,2
"offsetof(typeof(*lum), lum_padding3) != 0",1,1,2
sblock->page_count == 0,1,1,2
state != WIMAX_RF_ON && state != WIMAX_RF_OFF,2,0,2
clp->cl_idmap != NULL,1,1,2
src == 0,1,1,2
dir == NULL,1,1,2
!tu->timeri,2,0,2
lid >= ids->entries->size,1,1,2
offset >= ireq->request_alloc_size,1,1,2
"ocfs2_buffer_cached(oi, bh)",1,1,2
buflen == 0,2,0,2
pte_file(pte),1,1,2
gpu_addr == NULL,2,0,2
replace_key,1,1,2
scsi_bufflen(scmd) != payload_len,1,1,2
"0 && ""Memory Leak""",1,1,2
"""wrong name"", !strcmp(evsel->name, ""krava"")",1,1,2
rp->SAL_partid != sn_partition_id,1,1,2
!PageLocked(vmf.page),1,1,2
BIT(domain) & ~POWER_DOMAIN_MASK,1,1,2
be32_to_cpu(ptr->s) != NULLAGBLOCK,1,1,2
sb_desc_setup != NULL,1,1,2
num_regs > ARRAY_SIZE(chip->saved_regs),2,0,2
"cm != NULL && cm->card != NULL, return -EINVAL",1,1,2
"!test_bit(BME_NO_WRITES, &bm_ext->flags)",1,1,2
!RB_EMPTY_ROOT(&blkif->persistent_gnts),2,0,2
!ints[i].qtd,1,1,2
*pos >= 0,2,0,2
el->l_recs[0].e_clusters,1,1,2
!list_empty(&OCFS2_I(inode)->ip_handle_list),1,1,2
&uport->lock,2,0,2
!pfn_valid(pfn),1,1,2
"loop, >, point",1,1,2
size > (size_t) U8_MAX,2,0,2
get_port_user(port) != NULL,1,1,2
"xfs_alloc_busy_search(mp, busyp->agno, busyp->bno, busyp->length) == 1",1,1,2
flags & XFS_LOG_PERM_RESERV,1,1,2
!info->chmap,2,0,2
"gl, atomic_read(&gl->gl_ref) == 0",1,1,2
!(tmp->iomap_flags & IOMAP_DELAY),1,1,2
!mdev->data.socket,1,1,2
blkio_policy[blkiop->plid] != blkiop,1,1,2
!(bp->b_flags & XBF_DELWRI),1,1,2
BTS_MAX_RECORD_SIZE < bts_cfg.sizeof_bts,1,1,2
pkt->bio->bi_size != pkt->frames * CD_FRAMESIZE,1,1,2
ht->cfg.size && ht->cfg.max,1,1,2
!gate_mpath->next_hop,1,1,2
len > TX_BUF_SIZE - TYPE_A_HEADER_SIZE,1,1,2
cont->subsys[ss->subsys_id],1,1,2
cinfo->fint < dsi.fint_min || cinfo->fint > dsi.fint_max,1,1,2
target != (scmd_id(cmd) & 0xf),2,0,2
ip->i_d.di_size <= MAXPATHLEN,1,1,2
!todc_info->nvram_data,1,1,2
i8count == sfp->hdr.i8count,1,1,2
pending > sg_dma_len(&atmel_port->sg_rx),1,1,2
tx_info->driver_data[0] != NULL,1,1,2
"dev_priv, pipe, HDMIC",1,1,2
"IS_ALIGNED(bio->bi_size, 512)",1,1,2
"irlmp != NULL, return -EINVAL;",2,0,2
flags & MPIC_USES_DCR,1,1,2
queue->mmio_base == BCM43xx_MMIO_PIO1_BASE,1,1,2
cle->ce_ref > 0,2,0,2
gsi >= NR_IRQ_VECTORS,1,1,2
list_empty(&sync->pict_frame_q),1,1,2
bno >= mp->m_dirleafblk && bno < mp->m_dirfreeblk,1,1,2
lpss,2,0,2
found->elem.seq < cur->elem.seq,1,1,2
is_xattr_datum_dead(xd) || (xd->flags & JFFS2_XFLAGS_INVALID) ? !!xd->xname : !xd->xname,1,1,2
"INT_GET(data->hdr.bestfree[0].length, ARCH_CONVERT) == mp->m_dirblksize - (uint)sizeof(data->hdr)",1,1,2
!adapter,1,1,2
freeCount++ < (ZM_UNI_ARRAY_SIZE*2),1,1,2
page->index <= ui->synced_i_size << PAGE_CACHE_SIZE,1,1,2
i < PFN_UP(pcpu_static_size),1,1,2
type == DSI_GENERIC,1,1,2
!PageHighMem(page),2,0,2
!root->memcg_params->memcg_caches[id],1,1,2
offset + (sfp->hdr.count + 2) * (uint)sizeof(xfs_dir2_leaf_entry_t) + (uint)sizeof(xfs_dir2_block_tail_t) <= dp->i_mount->m_dirblksize,1,1,2
sizeof(arvif->u.ap.tim_bitmap) != sizeof(bcn_info->tim_info.tim_bitmap),1,1,2
"pcm_channel->active, return ",1,1,2
NL80211_STA_FLAG_MAX != 7,2,0,2
isoc_compl_cache != NULL,1,1,2
obj_priv->page_list != NULL,1,1,2
!old,1,1,2
flags & ~(SLAB_DMA | SLAB_LEVEL_MASK | SLAB_NO_GROW),1,1,2
!kvm->vcpus[id],1,1,2
ip->i_d.di_format = XFS_DINODE_FMT_BTREE,1,1,2
pport->cfg.maxfrsize,1,1,2
(mask_4u & ~(0x00000000fffffc00UL)) || (mask_4v & ~(0x0000000000000fffUL)),1,1,2
isdigit(ls->current),1,1,2
(args->index >= 0) && (args->index < be16_to_cpu(hdr->count)),1,1,2
GET_PMU_OWNER(),2,0,2
"sdp, !(gh->gh_flags & GL_ASYNC)",1,1,2
pool->curr_nr != pool->min_nr,1,1,2
"(int)sizeof(((struct hsm_attrs *)0)->hsm_arch_id) == 8, ""found %lld\n"", (long long)(int)sizeof(((struct hsm_attrs *)0)->hsm_arch_id)",1,1,2
sizeof(exp_result) >= string_get_size_maxbuf,1,1,2
"IS_ALIGNED(bio->bi_iter.bi_size, 512)",1,1,2
sizeof(struct dot11_cf_end_frame) == DOT11_CS_END_LEN,1,1,2
ifidx < BRCMF_MAX_IFS && drvr_priv->iflist[ifidx],1,1,2
stage > hw_cfg->lm.nb_stages,1,1,2
"xfs_dir_ino_validate(mp, INT_GET(dep->inumber, ARCH_CONVERT)) == 0",1,1,2
vif->dealloc_prod - vif->dealloc_cons >= MAX_PENDING_REQS,1,1,2
rng_ops != NULL,1,1,2
start_slot + nr > btrfs_header_nritems(buf),1,1,2
cio->cui_tot_count >= nob,1,1,2
"object->n_ops, >=, object->n_in_progress",2,0,2
"*start <= *hash, ""start = ""LPX64"",end = "" LPX64"",hash = ""LPX64""\n"", *start, *end, *hash",1,1,2
"INT_GET(d->d_rtbcount, ARCH_CONVERT) >= (xfs_qcnt_t) -totalrtbdelta",1,1,2
space < EFX_RX_BATCH,1,1,2
rmsg != NULL && rmsg->lm_bufcount >= 4,1,1,2
!list_empty(&heap->free_list),1,1,2
dabuf->data == dabuf->bp->b_addr,1,1,2
ioc->ioc_data == cic,1,1,2
btrfs_item_offset(leaf->items + slot - 1) != btrfs_item_end(leaf->items + slot),1,1,2
!delete_blk,1,1,2
!vmware_platform(),1,1,2
host->ios.clock,1,1,2
!(bip->__bli_format.blf_flags & XFS_BLF_INODE_BUF),2,0,2
"snd_pcm_format_linear(src_format->format) != 0 && snd_pcm_format_linear(dst_format->format) != 0, return -ENXIO",1,1,2
start > 48,1,1,2
pool->pool_proc_entry == NULL,1,1,2
"INT_GET(save_leaf->hdr.info.magic, ARCH_CONVERT) == XFS_DIR_LEAF_MAGIC",1,1,2
"idx == si_findcoreidx(sih, D11_CORE_ID, 0)",1,1,2
list_empty(&new->l_res_link),1,1,2
(node1_type == NODE_GPP) || (node2_type == NODE_GPP),1,1,2
be16_to_cpu(drop_leaf->hdr.info.magic) == XFS_ATTR_LEAF_MAGIC,1,1,2
state == WIMAX_RF_QUERY,2,0,2
clk->parent->usage < 0,1,1,2
"XFS_AGF_MAGIC == INT_GET(agfp->agf_magicnum, ARCH_CONVERT)",1,1,2
level > 0 && level <= walker->level,1,1,2
bp->b_transp == NULL,2,0,2
core.num_clks_enabled < num_clks,1,1,2
tg->service_queue.nr_queued[rw] && bio != bio_list_peek(&tg->service_queue.bio_lists[rw]),1,1,2
total < len,1,1,2
unit_map[cpu] != NR_CPUS,1,1,2
(gpa & HPA_ERR_MASK) == 0,1,1,2
"netxen_nic_pci_get_crb_addr_2M(adapter, &off)",1,1,2
used_block_group != block_group,1,1,2
msgsize % 8 == 0,2,0,2
*stackptr[-1] != t,1,1,2
root->prio_tree_node != cur,1,1,2
!list_empty(&p->list),1,1,2
"sdp, !atomic_read(&sdp->sd_log_trans_count)",1,1,2
!ret->d_count,1,1,2
&ehci->lock,1,1,2
mtype > OMAP_VRAM_MEMTYPE_MAX || !size,1,1,2
cpu_buffer->head_page == cpu_buffer->tail_page,1,1,2
!last_request,1,1,2
(type == AUDIT_MAC_IPSEC_ADDSA || type == AUDIT_MAC_IPSEC_DELSA) && !x,1,1,2
req->rq_repmsg,2,0,2
pd->refcnt < 0,2,0,2
blkvsc_req->sector_count <= (MAX_MULTIPAGE_BUFFER_COUNT*8),1,1,2
ctx->cc_ops->die,1,1,2
brd_state == BRD_IDLE,1,1,2
!net->netdev_ops,1,1,2
"unlikely(!igb_test_staterr(rx_desc, E1000_RXD_STAT_EOP))",1,1,2
"test_bit(RPC_BC_PA_IN_USE, &req->rq_bc_pa_state)",1,1,2
!task_ptrace(tsk) && (tsk->group_leader != tsk || !thread_group_empty(tsk)),1,1,2
!(rq->cmd_type == REQ_TYPE_DRV_PRIV || rq->cmd_type == REQ_TYPE_SENSE),1,1,2
" 1 <= CNV_END_SHORT(actp->id) && CNV_END_SHORT(actp->id) <= 99, actp->id ",1,1,2
priv->mib[n] == NULL,2,0,2
"offsetof(struct sxg_config, SwCfg) == SW_CFG_SECTION_START",1,1,2
!em || em->start != chunk_start,1,1,2
log_vector->i_len >= sizeof(xfs_efd_log_format_t),1,1,2
!rec.r_refcount,2,0,2
!cfqq->next_crq,1,1,2
!(ka->sa.sa_flags & SA_RESTORER),1,1,2
(_p)->len >= ((_len) + datalign),1,1,2
ltend <= be32_to_cpu(XFS_BUF_TO_AGF(args->agbp)->agf_length),1,1,2
"(!(iip->ili_inode->i_itemp->ili_flags & XFS_ILI_IOLOCKED_EXCL)) || xfs_isilocked(iip->ili_inode, XFS_IOLOCK_EXCL)",1,1,2
ios->bio->bi_vcnt <= bv,1,1,2
skb_headlen(fskb),1,1,2
dev->mod_info != pa_pdc_cell.mod_info,1,1,2
zone - pgdat->node_zones > ZONE_NORMAL,1,1,2
dmadata->dmacount >= NR_DMA_CHAIN,1,1,2
*c < INT_MAX,1,1,2
!NET_DEV_REGISTERED(efx),1,1,2
req->rq_oi.oi_lockh,1,1,2
unlikely(region->vm_end <= region->vm_start),1,1,2
vp == XFS_ITOV(ip),1,1,2
curmap != NULL,1,1,2
iq->i_mprev->i_mnext == iq,1,1,2
release,1,1,2
cohc->pending_irqs != 0,1,1,2
(sizeof(VSTOR_PACKET) % 4) == 0,1,1,2
ocapa,1,1,2
alg == ALG_NONE,1,1,2
add_list->next,1,1,2
"hdr != NULL, return",1,1,2
e.k == VNONRELOC,1,1,2
dn->data_blkaddr == NULL_ADDR,1,1,2
!is_kernel_addr((unsigned long)virt_addr_bmp),1,1,2
conn->in.copy <= 0,1,1,2
cnt < 0,2,0,2
"get_v2sdp(sb), x == num_gh",1,1,2
!fsync && atomic_read(&gl->gl_ail_count),1,1,2
nr_pages != i,1,1,2
*other_ref > 0,1,1,2
"src_channels != NULL, return -ENXIO",1,1,2
ARRAY_SIZE(nmk_chip->backup) != ARRAY_SIZE(regs),1,1,2
first_peer_device(device)->connection == connection,1,1,2
queue->tx_devq_used <= queue->tx_devq_size,1,1,2
"ip->i_sbd, (ip->i_di.di_mode & S_IFMT) == (inode->i_mode & S_IFMT)",1,1,2
"lkb->lkb_nodeid, dlm_print_lkb(lkb);",1,1,2
ip->i_di.di_nlink != ip->i_inode.i_nlink,1,1,2
!(bits & ~mask),1,1,2
p->thread.hardwall != rect,1,1,2
caps_reserve_count < ctx->count,1,1,2
be16_to_cpu(leaf1->hdr.info.magic) == XFS_DIR_LEAF_MAGIC,1,1,2
WLAN_FC_GET_TYPE(fc) == IEEE80211_FTYPE_DATA,1,1,2
atomic_read(&buffer->state) != QETH_QDIO_BUF_PENDING,1,1,2
cio->cui_iov_olen > iv->iov_len,1,1,2
atomic_read(&clp->cl_cb_conn.cb_set),1,1,2
inode->i_state & I_SYNC,1,1,2
dev->ats,1,1,2
"!list_empty(&start_r->res_root_list), dlm_print_rsb(start_r);",1,1,2
size > RMSTR_O2NET_MAX_LEN,1,1,2
address >= shrd->priv->cfg->base_params->eeprom_size,1,1,2
IRQ_USER + cnt >= NR_IRQS,1,1,2
xPCIBIOS_MIN_MEM != SH7751_PCI_MEMORY_BASE,1,1,2
XFS_SB_VERSION_HASDIRV2(&mp->m_sb),1,1,2
irqchip_in_kernel(kvm),1,1,2
get_work_cwq(work) != cwq,1,1,2
(node_num == O2NM_INVALID_NODE_NUM) || (node_num >= O2NM_MAX_NODES),1,1,2
av7110->bmp_state == BMP_LOADING,1,1,2
sizeof(struct sock_filter) != sizeof(struct sock_filter_int),1,1,2
ip->i_alloc == NULL,1,1,2
sizeof(dev->keycode) < KONTROLX1_INPUTS,1,1,2
woff >= (-((int)oi->size / 2)),1,1,2
si->txskb,1,1,2
*result != result2,1,1,2
!conn->sock,1,1,2
ip->i_chash == NULL && ip->i_cprev == NULL && ip->i_cnext == NULL,1,1,2
"virtqueue_add_buf(vi->cvq, sg, out, in, vi) < 0",1,1,2
rbd_dev->watch_event != NULL,1,1,2
phy->frm_layer->id == param->phyid,1,1,2
rs->rs_repdata_len != 0,1,1,2
"INT_GET(*XFS_DIR2_DATA_ENTRY_TAG_P(dep), ARCH_CONVERT) == (char *)dep - (char *)d",1,1,2
f >= 64,2,0,2
new_size <= ip->i_size,1,1,2
"root, return -ENXIO",1,1,2
rec_dir_init,1,1,2
!trylock_page(newpage),1,1,2
new_ctx->pwdmnt,1,1,2
rtnl_dereference(r->ctarget) != NULL,1,1,2
!(event_mask & ~(DSP_STREAMDONE | DSP_STREAMIOCOMPLETION)),1,1,2
(index >= 0) && (index <= be16_to_cpu(hdr->count)),1,1,2
"sdp, !error && dbn",1,1,2
"ISALIGNED((uintptr) di->txd32, align)",1,1,2
Index != RcvRingInfo->Tail,1,1,2
"LUSTRE_MSG_MAGIC_V1_SWABBED == 0xD00BD00B, ""found 0x%.8x\n"", LUSTRE_MSG_MAGIC_V1_SWABBED",1,1,2
"(info != NULL), ""fb_info_gen* not NULL""",1,1,2
o == NULL || IS_ERR(o) || lu_device_is_md(o->mo_lu.lo_dev),1,1,2
bucket >= num_buckets,1,1,2
msginfo->wait_condition == 0,1,1,2
"v_min <= 63, return",1,1,2
npo.meta_prod > ARRAY_SIZE(vif->meta),1,1,2
k > RATE_TABLE_SIZE,1,1,2
(INET_TWDR_TWKILL_SLOTS - 1) > (sizeof(twdr->thread_slots) * 8),1,1,2
l->l_tree_node == NULL,1,1,2
"!(nv_iclass(obj, NV_PARENT_CLASS))",1,1,2
ioc_attr.ioc_type == BFA_IOC_TYPE_FC,1,1,2
dev->dev_mapping == NULL,1,1,2
tlabel > 63 || tlabel < 0,1,1,2
"sdp, (ip->i_di.di_mode & S_IFMT) == (mode & S_IFMT)",1,1,2
cur->bc_bufs[lev] != NULL,1,1,2
"!memcmp(&ocapa->c_capa, capa, offsetof(struct lustre_capa, lc_opc))",1,1,2
cursor->page_index >= cursor->page_count,2,0,2
(XFS_BUF_IODONE_FUNC(bp) == xfs_buf_iodone_callbacks) || (XFS_BUF_IODONE_FUNC(bp) == NULL),1,1,2
"clock == ECHO_CLOCK_INTERNAL || clock == ECHO_CLOCK_ESYNC, return -EINVAL",1,1,2
"num_bytes != round_down(num_bytes, root->nodesize)",2,0,2
timer->base != base,1,1,2
__alignof__(*dst) != __alignof__(u64),1,1,2
"if (raw_inode && raw_inode->nsize && !name) { printk(""*** jffs_write_node(): nsize = %u but name == NULL\n"", raw_inode->nsize); return -EINVAL; }",1,1,2
"!test_bit(SOCK_EXTERNALLY_ALLOCATED, &tun->socket.flags)",1,1,2
!aio_wq,1,1,2
ARRAY_SIZE(uuid) == 8,1,1,2
cap_ptr,1,1,2
"!(oi->ip_metadata_cache.ci_flags & OCFS2_CACHE_FL_INLINE), ""Clear inode of %llu, inode has a bad flag\n"", (unsigned long long)oi->ip_blkno",1,1,2
it->cache != init_net.ipv6.mfc6_cache_array,1,1,2
btrfs_leaf_free_space(leaf) < 0,1,1,2
"scb_info != NULL, return",1,1,2
XFS_BUF_VALUSEMA(iclog->ic_bp) <= 0,1,1,2
psr & IA64_PSR_I,2,0,2
inlen > MCDI_CTL_SDU_LEN_MAX_V1,1,1,2
IS_ERR(clps711x_clk),2,0,2
qip->qli_push_owner == current_pid(),1,1,2
file->private_data != NULL,1,1,2
ecc > USHRT_MAX,2,0,2
"!pskb_may_pull(skb, nhoff + 4 * ip->ihl + 4)",1,1,2
host != session->host,1,1,2
!target->lksb,2,0,2
slabp->inuse < 0 || slabp->inuse >= cachep->num,1,1,2
remap_cnt != size,1,1,2
"""wrong refcnt"", mg->refcnt == 2",1,1,2
!in_interrupt() || ((size) <= LIBCFS_VMALLOC_SIZE && ((mask) & GFP_ATOMIC)) != 0,1,1,2
cinfo->fint < 750000 || cinfo->fint > 2100000,1,1,2
sizeof (dev->snap_name) < sizeof (RBD_SNAP_HEAD_NAME),1,1,2
!list_empty(&private_devs),1,1,2
sizeof(tv_res) != 3,2,0,2
(tlen == 2) || (tlen == 9) || (tlen == 10),1,1,2
dn->d_inode,1,1,2
card->options.cq != QETH_CQ_ENABLED,1,1,2
pAdapt->AllRcvBlockCount == 0,1,1,2
"dev_priv, pipe, HDMID",1,1,2
"!PM_ALIGNED(map_size, phys_addr)",1,1,2
obj->data,1,1,2
*length > PAGE_SIZE,1,1,2
context_handle->mech_type->gm_ops->gss_wrap,1,1,2
seg[n].mr_len > PAGE_SIZE,1,1,2
msg->l.pagelist,1,1,2
!(__mask) || !is_valid_mask(__mask) || (__mask) != (u32)(__mask),1,1,2
&entry->lock,1,1,2
pi->phytest_on == FALSE,1,1,2
"if (!dir_f) { printk(KERN_ERR ""jffs_symlink(): No reference to a "" ""jffs_file struct in inode.\n""); unlock_kernel(); return -EIO; }",1,1,2
n > 7,1,1,2
p->is_root_cache,1,1,2
!send->s_page_list,1,1,2
policy->bundles,1,1,2
!is_power_of_2(addrspace_size),1,1,2
sih->bustype == PCI_BUS,1,1,2
cursor->offset >= pagelist->length,1,1,2
(span <= 4) || (be32_to_cpu(btree->hashval) == hashval),1,1,2
NULL == req,1,1,2
dev->me_clients[i].flow_ctrl_creds <= 0,1,1,2
page->cp_parent == NULL,2,0,2
processed > len,1,1,2
oa,2,0,2
lower <= upper,1,1,2
task_stack_end_corrupted(prev),1,1,2
eq->workpending || wlc_eventq_avail(eq) == FALSE,1,1,2
&ca->set->bucket_lock,2,0,2
buffer->flags & EFX_TX_BUF_SKB,1,1,2
be16_to_cpu(bf[0].length) >= be16_to_cpu(bf[1].length),1,1,2
offset >= OCFS2_XATTR_BUCKET_SIZE,1,1,2
"(subdevice_id & 0xfff0) == DARLA24, return -ENODEV",1,1,2
voice >= MAX_OPL3_VOICES,2,0,2
dfp || oldlen <= be16_to_cpu(d->hdr.bestfree[2].length),1,1,2
"memcmp(xen_start_info->magic, ""xen-3"", 5) != 0",1,1,2
atomic_read(&mm->mm_users) <= 0,2,0,2
!helper_wq,1,1,2
ip == item->ip,1,1,2
dma64_txsuspendedidle(di),1,1,2
nimaps <= 1,1,1,2
!(s & RQ_LOCAL_PENDING),1,1,2
ioc->ioc_mc == BFI_MC_LL,1,1,2
from->magic == XFS_DA_NODE_MAGIC || from->magic == XFS_DA3_NODE_MAGIC,1,1,2
"INT_GET(leaf->hdr.stale, ARCH_CONVERT) == from - to",1,1,2
!cpuset_propagate_hotplug_wq,1,1,2
pgoff + UPROBE_SWBP_INSN_SIZE > PAGE_SIZE,1,1,2
sk != tcp_rsk(req)->listener,1,1,2
NULL == chan->fmt,1,1,2
atomic_read(&root->refcount) <= 0,1,1,2
vaddr + UPROBE_SWBP_INSN_SIZE > PAGE_SIZE,1,1,2
!list_empty(&ci->i_dirty_item),2,0,2
dss.num_clks_enabled < num_clks,1,1,2
rs->rs_repbuf->lm_buflens[1] >= sizeof(*ghdr),1,1,2
hugetlb_cgroup_from_page(page),1,1,2
ldlm_has_layout(lock),2,0,2
(delivery_mode == dest_Fixed) || (delivery_mode == dest_LowestPrio),1,1,2
sc->sc_txq[qnum].axq_qnum == qnum,1,1,2
max_blks < 1,2,0,2
address > IO_SPACE_LIMIT,1,1,2
b->io_mutex.count != 1,2,0,2
(wlc_hw->corerev - XMTFIFOTBL_STARTREV) < ARRAYSIZE(xmtfifo_sz),1,1,2
"(INT_GET(leaf1->hdr.info.magic, ARCH_CONVERT) == XFS_ATTR_LEAF_MAGIC) && (INT_GET(leaf2->hdr.info.magic, ARCH_CONVERT) == XFS_ATTR_LEAF_MAGIC)",1,1,2
!list_empty(&res->list),1,1,2
XFS_ISLOCKED_INODE_EXCL(*ip),1,1,2
IS_DAX(ioend->io_inode),1,1,2
!dentry || dentry->d_inode,1,1,2
!vx->ops->load_dsp,1,1,2
rcu_dereference(nf_nat_pptp_hook_expectfn),1,1,2
ins->objectid < search_start,1,1,2
"false, (""Unknown CMD!!\n"")",1,1,2
"IS_ALIGNED(PHYSADDRLO(pa), 4)",1,1,2
!KPARAM_IS_LOCKED(mod),1,1,2
"inode->i_sb->s_fs_info, 0",1,1,2
operation != WRITE_FLUSH && operation != REQ_DISCARD,1,1,2
!mutex_is_locked(&cgrp->dentry->d_inode->i_mutex),1,1,2
"atomic_read(&(nidstat)->nid_exp_ref_count) >= 0, ""stat %p nid_exp_ref_count < 0\n"", nidstat",1,1,2
"sdp, gh->gh_flags & (LM_FLAG_TRY | LM_FLAG_TRY_1CB)",1,1,2
errcode != BCME_PENDING,1,1,2
"(int)offsetof(struct idx_info, ii_recsize) == 58, ""found %lld\n"", (long long)(int)offsetof(struct idx_info, ii_recsize)",1,0,1
off < ioc->pdir_size,1,0,1
sk_unhashed(sk),1,0,1
UBIFS_MAX_XENT_NODE_SZ & 7,1,0,1
ac->ac_g_ex.fe_logical > ac->ac_o_ex.fe_logical,1,0,1
p->dcluster != new->dcluster,1,0,1
"sbi, set->entry_cnt",1,0,1
(buf->jmp - buf->cpu + 2) * sizeof(buf->cpu[0]) > buf->size,1,0,1
initialized_size != i_size,1,0,1
"(int)sizeof(((struct quota_body *)0)->qb_usage) == 8, ""found %lld\n"", (long long)(int)sizeof(((struct quota_body *)0)->qb_usage)",1,0,1
"(int)sizeof(((struct mdt_rec_reint *)0)->rr_padding_4) == 4, ""found %lld\n"", (long long)(int)sizeof(((struct mdt_rec_reint *)0)->rr_padding_4)",1,0,1
creq->nr_phys_segments > SG_MAX,1,0,1
!(OCFS2_I(inode)->ip_dyn_features & OCFS2_INLINE_DATA_FL),1,0,1
"(int)sizeof(((struct hsm_progress_kernel *)0)->hpk_fid) == 16, ""found %lld\n"", (long long)(int)sizeof(((struct hsm_progress_kernel *)0)->hpk_fid)",1,0,1
!(c->flags & (JFFS2_SB_FLAG_SCANNING|JFFS2_SB_FLAG_BUILDING)),1,0,1
nr_grant_frames == 0,1,0,1
old->shared_count >= old->shared_max,1,0,1
"VIRTIO_PCI_COMMON_GF != offsetof(struct virtio_pci_common_cfg, guest_feature)",1,0,1
i2400mu->rx_kthread != NULL,1,0,1
mdt_body != NULL,1,0,1
"(int)sizeof(((struct mdt_rec_reint *)0)->rr_blocks) == 8, ""found %lld\n"", (long long)(int)sizeof(((struct mdt_rec_reint *)0)->rr_blocks)",1,0,1
"(int)offsetof(struct mdt_rec_rename, rn_fid1) == 40, ""found %lld\n"", (long long)(int)offsetof(struct mdt_rec_rename, rn_fid1)",1,0,1
"(int)offsetof(struct mdt_rec_unlink, ul_padding_9) == 132, ""found %lld\n"", (long long)(int)offsetof(struct mdt_rec_unlink, ul_padding_9)",1,0,1
!kfd || !db_addr,1,0,1
"(int)sizeof(((struct mdt_body *)0)->handle) == 8, ""found %lld\n"", (long long)(int)sizeof(((struct mdt_body *)0)->handle)",1,0,1
sizeof(struct type) != (size),1,0,1
TFD_CLOEXEC != O_CLOEXEC,1,0,1
IS_ERR(pages),1,0,1
"FIELD_SIZEOF(STRUCT, FIELD) != sizeof(u8)",1,0,1
"(int)offsetof(struct mdt_rec_reint, rr_size) == 96, ""found %lld\n"", (long long)(int)offsetof(struct mdt_rec_reint, rr_size)",1,0,1
i == nway,1,0,1
new_nr > le32_to_cpu(ab->nr_entries),1,0,1
attrs && cont->grp,1,0,1
page_index >= SCRUB_PAGES_PER_RD_BIO,1,0,1
"(int)sizeof(((struct update_reply *)0)->ur_lens) == 0, ""found %lld\n"", (long long)(int)sizeof(((struct update_reply *)0)->ur_lens)",1,0,1
"ohri->rst_shift, ohri->st_shift, oh->clkdm->pwrdm.ptr->prcm_partition, oh->clkdm->pwrdm.ptr->prcm_offs, oh->prcm.omap4.rstctrl_offs, oh->prcm.omap4.rstst_offs",1,0,1
!pm || !fence_address,1,0,1
!list_empty(&gss_msg->list),1,0,1
ops->hs_put_locked != NULL,1,0,1
*last_eb_bh,1,0,1
"LUSTRE_DLM_VERSION == 0x00040000, ""found 0x%.8x\n"", LUSTRE_DLM_VERSION",1,0,1
"!atomic64_add_unless(&v, one, v1)",1,0,1
queue != NULL,1,0,1
"MF_SOM_AU == 0x00000080UL, ""found 0x%.8xUL\n"", (unsigned)MF_SOM_AU",1,0,1
smpboot_register_percpu_thread(&cpu_stop_threads),1,0,1
rbm.offset & 3,1,0,1
data1_len != data2_len,1,0,1
path->slots[0] != extent_slot + 1,1,0,1
!ufid_ti,1,0,1
"device, b->bm_pages != NULL",1,0,1
"urb != NULL, return;",1,0,1
pud_flags(pud) & _PAGE_SPECIAL,1,0,1
!info->dir_in,1,0,1
"MDS_HSM_PROGRESS == 57, ""found %lld\n"", (long long)MDS_HSM_PROGRESS",1,0,1
controller->io_space.end > IO_SPACE_LIMIT,1,0,1
"MGS_SET_INFO == 255, ""found %lld\n"", (long long)MGS_SET_INFO",1,0,1
mp->m_ddev_targp != NULL,1,0,1
l2nb <= L2BPERDMAP,1,0,1
!agg,1,0,1
"drbd_test_flag(mdev, CONFIG_PENDING)",1,0,1
"(int)sizeof(((struct llog_unlink_rec *)0)->lur_hdr) == 16, ""found %lld\n"", (long long)(int)sizeof(((struct llog_unlink_rec *)0)->lur_hdr)",1,0,1
sg->length < len,1,0,1
list_empty(&osc->oo_write_item),1,0,1
!fhp->fh_pre_saved,1,0,1
"REQ_REC_OFF == 1, ""found %lld\n"", (long long)REQ_REC_OFF",1,0,1
"(int)offsetof(struct mdt_rec_setattr, sa_bias) == 120, ""found %lld\n"", (long long)(int)offsetof(struct mdt_rec_setattr, sa_bias)",1,0,1
"(int)sizeof(((struct llogd_body *)0)->lgd_index) == 4, ""found %lld\n"", (long long)(int)sizeof(((struct llogd_body *)0)->lgd_index)",1,0,1
"(int)offsetof(struct mdt_rec_rename, rn_padding_6) == 124, ""found %lld\n"", (long long)(int)offsetof(struct mdt_rec_rename, rn_padding_6)",1,0,1
new->out_handle.data || new->out_token.data,1,0,1
"DISP_LOOKUP_EXECD == 0x00000002UL, ""found 0x%.8xUL\n"", (unsigned)DISP_LOOKUP_EXECD",1,0,1
ret == -EINVAL,1,0,1
"FID_SEQ_IDIF_MAX == 0x00000001ffffffffULL, ""found 0x%.16llxULL\n"", (long long)FID_SEQ_IDIF_MAX",1,0,1
gpio >= ah->caps.num_gpio_pins,1,0,1
!opg->ops_transfer_pinned,1,0,1
"self->mypid, 0",1,0,1
"(int)sizeof(((struct obd_dqblk *)0)->dqb_bsoftlimit) == 8, ""found %lld\n"", (long long)(int)sizeof(((struct obd_dqblk *)0)->dqb_bsoftlimit)",1,0,1
sizeof(struct nvme_nvm_identity) != 64,1,0,1
upperpath.dentry != NULL,1,0,1
"self->mytid, 1",1,0,1
!(*p_txb & 1),1,0,1
newinode->i_nlink == 0,1,0,1
"(int)offsetof(struct ldlm_lock_desc, l_req_mode) == 40, ""found %lld\n"", (long long)(int)offsetof(struct ldlm_lock_desc, l_req_mode)",1,0,1
"skb_headroom(userdata) >= LMP_HEADER+LMP_PID_HEADER, return -1;",1,0,1
sizeof(struct cache_disk_superblock) > 512,1,0,1
!e->allocated,1,0,1
"(int)sizeof(((struct hsm_current_action *)0)->hca_action) == 4, ""found %lld\n"", (long long)(int)sizeof(((struct hsm_current_action *)0)->hca_action)",1,0,1
!success && ((exchange.nr_exchanged != 0) || (rc == 0)),1,0,1
!(ip->i_diskflags & GFS2_DIF_EXHASH),1,0,1
timeout >= 0,1,0,1
"condition, msg, prefix, suffix",1,0,1
size > rbio->nr_data * rbio->stripe_len,1,0,1
F2FS_XTS_TWEAK_SIZE < sizeof(index),1,0,1
atomic_read(&cli->cl_lru_busy) > 0,1,0,1
HEADER_SIZE + INDEX_64_COUNT * sizeof(struct db_index) + VALUES_64_COUNT * sizeof(u64) + INDEX_32_COUNT * sizeof(struct db_index) + VALUES_32_COUNT * sizeof(u32) + INDEX_16_COUNT * sizeof(struct db_index) + VALUES_16_COUNT * sizeof(u16) > sizeof(struct os_area_db),1,0,1
wbuf->lnum != lnum,1,0,1
path[p - 1] < zp->child_cnt,1,0,1
(unsigned long)ptr % sizeof(__int32_t) == 0,1,0,1
FIEMAP_EXTENT_MERGED == 0x00001000,1,0,1
"(int)offsetof(struct mdt_rec_create, cr_opcode) == 0, ""found %lld\n"", (long long)(int)offsetof(struct mdt_rec_create, cr_opcode)",1,0,1
pool->curr_nr < 0,1,0,1
bio != NULL,1,0,1
!ocfs2_inode_is_new(inode),1,0,1
BGMAC_PC_MCT_MASK != BCMA_GMAC_CMN_PC_MCT_MASK,1,0,1
hp == 0 && discard == 0,1,0,1
*ptr >= 1024,1,0,1
"(int)sizeof(((struct mdt_rec_reint *)0)->rr_fsuid_h) == 4, ""found %lld\n"", (long long)(int)sizeof(((struct mdt_rec_reint *)0)->rr_fsuid_h)",1,0,1
BGMAC_PA_ADDR_MASK != BCMA_GMAC_CMN_PA_ADDR_MASK,1,0,1
d->debugfs,1,0,1
platform_mmio_alloc > platform_mmiolen,1,0,1
"adjust_next && next->anon_vma && anon_vma != next->anon_vma, next",1,0,1
EFX_VI_BASE & ((1 << EFX_VI_SCALE_MAX) - 1),1,0,1
"(int)sizeof(((struct mdt_rec_reint *)0)->rr_mode) == 4, ""found %lld\n"", (long long)(int)sizeof(((struct mdt_rec_reint *)0)->rr_mode)",1,0,1
"(int)sizeof(((struct mdt_rec_rename *)0)->rn_suppgid2) == 4, ""found %lld\n"", (long long)(int)sizeof(((struct mdt_rec_rename *)0)->rn_suppgid2)",1,0,1
LINK_EA_MAGIC == 0x11EAF1DFUL,1,0,1
"(int)offsetof(struct idx_info, ii_magic) == 0, ""found %lld\n"", (long long)(int)offsetof(struct idx_info, ii_magic)",1,0,1
groupnr != group,1,0,1
cred == current->real_cred,1,0,1
list_empty(&hash[j]),1,0,1
mutex_is_locked(&ep->ep_lock),1,0,1
"(int)sizeof(((struct hsm_progress_kernel *)0)->hpk_extent) == 16, ""found %lld\n"", (long long)(int)sizeof(((struct hsm_progress_kernel *)0)->hpk_extent)",1,0,1
t->target_private_offset != 0,1,0,1
ac->ac_bits_wanted < (ac->ac_bits_given + bits_wanted),1,0,1
"rx->listen_link.next, !=, LIST_POISON1",1,0,1
"OST_SYNC == 16, ""found %lld\n"", (long long)OST_SYNC",1,0,1
!drm_mm_initialized(&dev_priv->gtt.base.mm),1,0,1
channel < 0 || channel >= hdsp->max_channels,1,0,1
length + rx->fragment_length <= ARRAY_SIZE(rx->fragment),1,0,1
"""can't get templ file"", !get_temp(path)",1,0,1
"(int)sizeof(((struct llog_changelog_user_rec *)0)->cur_id) == 4, ""found %lld\n"", (long long)(int)sizeof(((struct llog_changelog_user_rec *)0)->cur_id)",1,0,1
"""map groups don't match"", other_mg == other_leader->mg",1,0,1
SVGA_3D_CMD_DX_DEFINE_DEPTHSTENCIL_VIEW != SVGA_3D_CMD_DX_DEFINE_SHADERRESOURCE_VIEW + 4,1,0,1
is_tx && is_tx_rx,1,0,1
ret != BIOS_STATUS_SUCCESS,1,0,1
!(*offs & 7),1,0,1
region->vm_end <= region->vm_start,1,0,1
"(int)sizeof(((struct mdt_rec_reint *)0)->rr_fid1) == 16, ""found %lld\n"", (long long)(int)sizeof(((struct mdt_rec_reint *)0)->rr_fid1)",1,0,1
"env, pg, pg == cl_page_top(pg)",1,0,1
"*nr_pages, >, 0",1,0,1
"mmio, IMX_P0PHYCR_CR_READ, true",1,0,1
"(int)offsetof(struct changelog_ext_rec, cr_time) == 24, ""found %lld\n"", (long long)(int)offsetof(struct changelog_ext_rec, cr_time)",1,0,1
"(int)offsetof(struct lustre_msg_v2, lm_flags) == 20, ""found %lld\n"", (long long)(int)offsetof(struct lustre_msg_v2, lm_flags)",1,0,1
dev->sriov->num_VFs,1,0,1
split_bblks > 0,1,0,1
(phys & ~PMD_MASK) || (size & ~PMD_MASK),1,0,1
bytes <= 0 || bytes >= MIDI_OUT_BUFFER_SIZE,1,0,1
"env, tmp, value == tmp",1,0,1
NL80211_MESHCONF_ATTR_MAX > 32,1,0,1
repo->dev_type != PS3_DEV_TYPE_SB_GELIC,1,0,1
lprops->free + lprops->dirty >= min_space,1,0,1
"(int)offsetof(struct hsm_progress_kernel, hpk_cookie) == 16, ""found %lld\n"", (long long)(int)offsetof(struct hsm_progress_kernel, hpk_cookie)",1,0,1
cnt != 0,1,0,1
"conn->avail_calls, ==, RXRPC_MAXCALLS",1,0,1
"(int)sizeof(((struct ldlm_flock_wire *)0)->lfw_end) == 8, ""found %lld\n"", (long long)(int)sizeof(((struct ldlm_flock_wire *)0)->lfw_end)",1,0,1
(va & ~PAGE_MASK) != 0,1,0,1
len > PAGE_CACHE_SIZE,1,0,1
old_lock,1,0,1
snod->type == UBIFS_INO_NODE || snod->type == UBIFS_DATA_NODE || snod->type == UBIFS_DENT_NODE || snod->type == UBIFS_XENT_NODE || snod->type == UBIFS_TRUN_NODE,1,0,1
"offsetof(VCHI_MSG_VECTOR_T, vec_len) == offsetof(VCHIQ_ELEMENT_T, size)",1,0,1
TFD_NONBLOCK != O_NONBLOCK,1,0,1
"OBD_MD_MEA == (0x0000000400000000ULL), ""found 0x%.16llxULL\n"", OBD_MD_MEA",1,0,1
imaps == 1,1,0,1
startsg->length <= DMA_CHUNK_SIZE,1,0,1
"(int)offsetof(struct layout_intent, li_end) == 16, ""found %lld\n"", (long long)(int)offsetof(struct layout_intent, li_end)",1,0,1
sched->kss_nconns == 0,1,0,1
errlap:,1,0,1
ctx->dsc.dma & ((1 << MFC_BANK1_ALIGN_ORDER) - 1),1,0,1
!user_mode(&new_stack->regs),1,0,1
"!IS_ALIGNED(start_pfn, 1 << minimum_order)",1,0,1
"(int)sizeof(((struct llogd_conn_body *)0)->lgdc_logid) == 20, ""found %lld\n"", (long long)(int)sizeof(((struct llogd_conn_body *)0)->lgdc_logid)",1,0,1
lu_object_exists(o) != 0,1,0,1
target_right > max_entries,1,0,1
UBIFS_XENT_NODE_SZ < MIN_WRITE_SZ,1,0,1
"(int)offsetof(struct lov_ost_data_v1, l_ost_oi) == 0, ""found %lld\n"", (long long)(int)offsetof(struct lov_ost_data_v1, l_ost_oi)",1,0,1
proto_tab[protocol] != pp,1,0,1
"el->l_count == el->l_next_free_rec, ""Asked to create an empty extent in a full list:\n"" ""count = %u, tree depth = %u"", le16_to_cpu(el->l_count), le16_to_cpu(el->l_tree_depth)",1,0,1
!kgts,1,0,1
bits_wanted > (ac->ac_bits_wanted - ac->ac_bits_given),1,0,1
used != recorded.used,1,0,1
state->buf_kern_offset + sz > state->buf_kern_len,1,0,1
"last > first, ""last %llu first %llu\n"", last, first",1,0,1
node->prio == plist_next(node)->prio,1,0,1
"offsetof(struct io_accel2_cmd, member) != offset",1,0,1
!wm->mach_ops->irq_enable,1,0,1
the_lnet.ln_shutdown,1,0,1
type == EV_SYN,1,0,1
req->crq_nrpages == 0,1,0,1
!ibh,1,0,1
ia64_psr(regs)->up,1,0,1
atomic_read(&rs->rs_svc_ctx->sc_refcount) > 1,1,0,1
!ceph_dentry(dn),1,0,1
o->lo_ops->loo_object_free != NULL,1,0,1
from > PAGE_CACHE_SIZE || to > PAGE_CACHE_SIZE || to < from,1,0,1
ret != sizeof(runtime),1,0,1
pcm_channel->src_slot < 0 || pcm_channel->src_slot >= DSP_MAX_SRC_NR,1,0,1
"cl_lock_mode_match(d->cld_mode, s->cls_lock->cll_descr.cld_mode)",1,0,1
"!(INODE_CACHE(inode)->ci_flags & OCFS2_CACHE_FL_INLINE), ""Clear inode of %llu, inode has a bad flag\n"", (unsigned long long)oi->ip_blkno",1,0,1
"vma != ignore && vma->rb_subtree_gap != vma_compute_subtree_gap(vma), vma",1,0,1
dev_priv->pinned_bo != NULL,1,0,1
read_cred_subscribers(old) < 2,1,0,1
sizeof(struct batadv_tvlv_tt_change) != 12,1,0,1
"(int)offsetof(struct mdt_rec_rename, rn_suppgid1_h) == 28, ""found %lld\n"", (long long)(int)offsetof(struct mdt_rec_rename, rn_suppgid1_h)",1,0,1
"""failed to set file limit"", !set_fd_limit((nr + 3))",1,0,1
template->num >= 4,1,0,1
"(int)sizeof(((struct llog_logid_rec *)0)->lid_padding1) == 4, ""found %lld\n"", (long long)(int)sizeof(((struct llog_logid_rec *)0)->lid_padding1)",1,0,1
"!PageCompound(page) || !PageHead(page), page",1,0,1
IS_POW2(VCHIQ_NUM_CURRENT_BULKS),1,0,1
ret != 0 && conn->c_xmit_sg == rm->data.op_nents,1,0,1
rbio->stripe_npages == stripe_nsectors,1,0,1
found == NULL,1,0,1
nr >= MAX_BUF_PER_PAGE,1,0,1
"REINT_SETXATTR == 7, ""found %lld\n"", (long long)REINT_SETXATTR",1,0,1
MCPM_SYNC_CLUSTER_SIZE * MAX_NR_CLUSTERS != sizeof mcpm_sync,1,0,1
"(int)sizeof(((struct changelog_rec *)0)->cr_prev) == 8, ""found %lld\n"", (long long)(int)sizeof(((struct changelog_rec *)0)->cr_prev)",1,0,1
offset_in_page(__per_cpu_start),1,0,1
!transaction_cache,1,0,1
"(int)offsetof(struct getinfo_fid2path, gf_linkno) == 24, ""found %lld\n"", (long long)(int)offsetof(struct getinfo_fid2path, gf_linkno)",1,0,1
cle->ce_owner == (void *) (long) current->pid,1,0,1
"self->magic == IRLAN_MAGIC, goto out;",1,0,1
t == 0xf,1,0,1
"(int)sizeof(((struct llogd_conn_body *)0)->lgdc_gen) == 16, ""found %lld\n"", (long long)(int)sizeof(((struct llogd_conn_body *)0)->lgdc_gen)",1,0,1
"MDS_CLOSE == 35, ""found %lld\n"", (long long)MDS_CLOSE",1,0,1
have != 0 && old_pages == NULL,1,0,1
"rcu_dereference_protected(nf_ct_l3protos[proto->l3proto], lockdep_is_held(&nf_ct_proto_mutex) ) != proto",1,0,1
((u8 *)pdir_start)[7] == 0,1,0,1
"OBD_LOG_CANCEL == 401, ""found %lld\n"", (long long)OBD_LOG_CANCEL",1,0,1
tmp->addr + tmp->size > vm->addr,1,0,1
sc->cmv_ack,1,0,1
count > sdb->table.nents,1,0,1
!data.req->num_pages,1,0,1
ll_i2sbi(inode)->ll_flags & LL_SBI_RMT_CLIENT,1,0,1
"channel_readl(dc, CSR) & TXX9_DMA_CSR_XFACT",1,0,1
"(int)sizeof(((struct hsm_current_action *)0)->hca_state) == 4, ""found %lld\n"", (long long)(int)sizeof(((struct hsm_current_action *)0)->hca_state)",1,0,1
UBIFS_REF_NODE_SZ & 7,1,0,1
!grp || list_empty(&grp->node[0].entry),1,0,1
sizeof(struct mwifiex_cb) > sizeof(skb->cb),1,0,1
perip_space != ARC_UNCACHED_ADDR_SPACE,1,0,1
frag->ofs != start,1,0,1
list_num > 2,1,0,1
policy->pol_req_queued < policy->pol_nrs->nrs_req_queued,1,0,1
"FID_SEQ_LOV_DEFAULT == 0xffffffffffffffffULL, ""found 0x%.16llxULL\n"", (long long)FID_SEQ_LOV_DEFAULT",1,0,1
"node_isset(node, *cptab->ctb_nodemask)",1,0,1
dev->is_virtfn,1,0,1
"MDS_OPEN_CROSS == 000000000020UL, ""found 0%.11oUL\n"", MDS_OPEN_CROSS",1,0,1
"ostid_id(&loi->loi_oi) != 0, ""lmm_oi ""DOSTID "" stripe %u/%u idx %u\n"", POSTID(&lmmv1->lmm_oi), i, stripe_count, loi->loi_ost_idx",1,0,1
!info->timer,1,0,1
"FID_SEQ_OST_MDT1 == 3, ""found %lld\n"", (long long)FID_SEQ_OST_MDT1",1,0,1
msg2->msg_txpeer->lp_ni == ni,1,0,1
io->ctx.iter_out.bi_size,1,0,1
"(int)offsetof(struct ldlm_gl_lquota_desc, gl_softlimit) == 40, ""found %lld\n"", (long long)(int)offsetof(struct ldlm_gl_lquota_desc, gl_softlimit)",1,0,1
sizeof(*req_power) != sizeof(*extra_actor_power),1,0,1
"(int)sizeof(((struct lu_idxpage *)0)->lip_nr) == 2, ""found %lld\n"", (long long)(int)sizeof(((struct lu_idxpage *)0)->lip_nr)",1,0,1
"(int)sizeof(((struct hsm_copy *)0)->padding) == 4, ""found %lld\n"", (long long)(int)sizeof(((struct hsm_copy *)0)->padding)",1,0,1
after_bootmem,1,0,1
PMD_ENTRY_SIZE != sizeof(pmd_t),1,0,1
chan->ring_virt,1,0,1
"vmw_overlay_move_buffer(dev_priv, buf, false, false) != 0",1,0,1
"htab_bolt_mapping(base, base + size, __pa(base), prot, mmu_linear_psize, mmu_kernel_ssize)",1,0,1
"self->lap->lsaps != NULL, return;",1,0,1
sizeof(struct flowidn) % sizeof(flow_compare_t),1,0,1
!cgroup_pidlist_destroy_wq,1,0,1
physaddr & 0xff,1,0,1
i2400m->tx_msg != NULL,1,0,1
lksb->lksb_conn != conn,1,0,1
"FID_SEQ_OST_MAX == 9, ""found %lld\n"", (long long)FID_SEQ_OST_MAX",1,0,1
inode_info->lower_file,1,0,1
!mic_pin || !hp_pin,1,0,1
!sio->usb_pdev,1,0,1
"(int)sizeof(((struct getinfo_fid2path *)0)->gf_recno) == 8, ""found %lld\n"", (long long)(int)sizeof(((struct getinfo_fid2path *)0)->gf_recno)",1,0,1
d_backing_inode(object->dentry),1,0,1
"""Unmatched nr samples for symbol filter"", hists->stats.nr_non_filtered_samples == 3",1,0,1
"_clps711x_clksrc_init(clock, base)",1,0,1
oap->oap_async_flags & ASYNC_READY,1,0,1
SKB_GSO_TUNNEL_REMCSUM != (NETIF_F_GSO_TUNNEL_REMCSUM >> NETIF_F_GSO_SHIFT),1,0,1
"(int)offsetof(struct ptlrpc_body_v3, pb_last_xid) == (int)offsetof(struct ptlrpc_body_v2, pb_last_xid), ""%d != %d\n"", (int)offsetof(struct ptlrpc_body_v3, pb_last_xid), (int)offsetof(struct ptlrpc_body_v2, pb_last_xid)",1,0,1
REAL_HPAGE_SHIFT > HPAGE_SHIFT,1,0,1
ni != NULL,1,0,1
"(int)sizeof(((struct mdt_rec_link *)0)->lk_fsgid) == 4, ""found %lld\n"", (long long)(int)sizeof(((struct mdt_rec_link *)0)->lk_fsgid)",1,0,1
"(int)sizeof(((struct ldlm_flock_wire *)0)->lfw_start) == 8, ""found %lld\n"", (long long)(int)sizeof(((struct ldlm_flock_wire *)0)->lfw_start)",1,0,1
sizeof(CommandList_struct) % COMMANDLIST_ALIGNMENT,1,0,1
LNetHandleIsInvalid(rcd->rcd_mdh),1,0,1
"device, p->block_id == ID_SYNCER",1,0,1
!lock->bast_pending,1,0,1
policy->pol_nrs->nrs_req_started > 0,1,0,1
"xfs_dir2_byte_to_db(geo, curoff) == map_info->curdb",1,0,1
"(int)offsetof(struct ldlm_flock_wire, lfw_owner) == 16, ""found %lld\n"", (long long)(int)offsetof(struct ldlm_flock_wire, lfw_owner)",1,0,1
size != rocker_dma_ring_size_fix(size),1,0,1
debugfs_info.vchiq_cfg_dir != NULL,1,0,1
"(int)offsetof(struct mdt_rec_link, lk_padding_6) == 120, ""found %lld\n"", (long long)(int)offsetof(struct mdt_rec_link, lk_padding_6)",1,0,1
desc->bd_md_count > 0,1,0,1
i >= nr_ports,1,0,1
"(int)sizeof(((struct ptlrpc_body_v3 *)0)->pb_last_committed) == 8, ""found %lld\n"", (long long)(int)sizeof(((struct ptlrpc_body_v3 *)0)->pb_last_committed)",1,0,1
"(int)sizeof(((struct mdt_rec_setxattr *)0)->sx_size) == 4, ""found %lld\n"", (long long)(int)sizeof(((struct mdt_rec_setxattr *)0)->sx_size)",1,0,1
"sdp, test_bit(QDF_CHANGE, &qd->qd_flags)",1,0,1
"(int)sizeof(((struct ll_fiemap_info_key *)0)->fiemap) == 32, ""found %lld\n"", (long long)(int)sizeof(((struct ll_fiemap_info_key *)0)->fiemap)",1,0,1
!module->symbol_table.symbols,1,0,1
0 == ret,1,0,1
"UPDATE_OBJ == 1000, ""found %lld\n"", (long long)UPDATE_OBJ",1,0,1
pipe >= ARRAY_SIZE(dev_priv->plane_to_crtc_mapping) || dev_priv->plane_to_crtc_mapping[intel_crtc->plane] != NULL,1,0,1
"sbi, PTR_ERR(inode) == -ENOENT",1,0,1
request->rq_type == PTL_RPC_MSG_REQUEST,1,0,1
lnum >= 0 && lnum < c->leb_cnt,1,0,1
"(int)sizeof(((struct llog_size_change_rec *)0)->lsc_hdr) == 16, ""found %lld\n"", (long long)(int)sizeof(((struct llog_size_change_rec *)0)->lsc_hdr)",1,0,1
sizeof(struct mmal_msg_header) != 24,1,0,1
bvec.bv_offset != 0,1,0,1
!pf->vsi[pf->lan_vsi],1,0,1
obj == cl_object_top(obj),1,0,1
todo > 0 && !skb_shinfo(skb)->nr_frags,1,0,1
"__REQ_NR_BITS > 8 * FIELD_SIZEOF(struct request, cmd_flags)",1,0,1
!bch_keylist_empty(&parent_keys),1,0,1
!list_empty(&cache->detached),1,0,1
!src->parent_scb_ptr,1,0,1
tg->service_queue.nr_queued[rw] && bio != throtl_peek_queued(&tg->service_queue.queued[rw]),1,0,1
"""Invalid hist entry"", !strcmp(COMM(he), ""bash"") && !strcmp(DSO(he), ""bash"") && !strcmp(SYM(he), ""xmalloc"") && he->stat.period == 100",1,0,1
"""kern_memfd_fuse"", MFD_DEF_SIZE, MFD_CLOEXEC | MFD_ALLOW_SEALING",1,0,1
lock->cll_state == CLS_QUEUING,1,0,1
&head->coh_lock_guard,1,0,1
"REINT_OPEN == 6, ""found %lld\n"", (long long)REINT_OPEN",1,0,1
"(int)offsetof(struct mdt_rec_setxattr, sx_size) == 112, ""found %lld\n"", (long long)(int)offsetof(struct mdt_rec_setxattr, sx_size)",1,0,1
"OBD_CONNECT_MDS_MDS == 0x4000000ULL, ""found 0x%.16llxULL\n"", OBD_CONNECT_MDS_MDS",1,0,1
lp->tagged_cmds[ent->orig_tag[1]] != ent,1,0,1
active_stack == NULL,1,0,1
"(int)sizeof(((struct mdt_rec_create *)0)->cr_suppgid2_h) == 4, ""found %lld\n"", (long long)(int)sizeof(((struct mdt_rec_create *)0)->cr_suppgid2_h)",1,0,1
count != sizeof(reg) + sizeof(val),1,0,1
lio->lis_object != NULL,1,0,1
(i >= 0) && (i < 2*MAX_QUEUE),1,0,1
pg->cp_sync_io == NULL,1,0,1
"offsetof(struct rtable, dst) != 0",1,0,1
lens.each == 0,1,0,1
"device, atomic_read(&peer_req->pending_bios) == 0",1,0,1
"(int)sizeof(((struct lov_ost_data_v1 *)0)->l_ost_gen) == 4, ""found %lld\n"", (long long)(int)sizeof(((struct lov_ost_data_v1 *)0)->l_ost_gen)",1,0,1
hlen < 9,1,0,1
idx_ni->type != AT_INDEX_ALLOCATION,1,0,1
incore == NULL,1,0,1
" hashbin != NULL, return;",1,0,1
&(peer)->ibp_refcount,1,0,1
value_blk != (offset + OCFS2_XATTR_ROOT_SIZE - 1) / blocksize,1,0,1
shost->sg_prot_tablesize < shost->sg_tablesize,1,0,1
"HSM_FORCE_ACTION == 0x00000001UL, ""found 0x%.8xUL\n"", (unsigned)HSM_FORCE_ACTION",1,0,1
SCU_MAX_EVENTS,1,0,1
opg->ops_transfer_pinned,1,0,1
"(int)sizeof(((struct mdt_rec_reint *)0)->rr_fid2) == 16, ""found %lld\n"", (long long)(int)sizeof(((struct mdt_rec_reint *)0)->rr_fid2)",1,0,1
key.objectid != found_key.objectid,1,0,1
"(int)offsetof(struct mdt_rec_reint, rr_mode) == 116, ""found %lld\n"", (long long)(int)offsetof(struct mdt_rec_reint, rr_mode)",1,0,1
strlen(me->name) > NF_CT_HELPER_NAME_LEN - 1,1,0,1
node >= MAX_NUMNODES,1,0,1
atomic_read(&ct->ct_general.use) == 0,1,0,1
!(c->bi.data_growth & 7),1,0,1
LLOG_ORIGIN_HANDLE_DESTROY == 509,1,0,1
PS3AV_RES_MASK_60 << SHIFT_60 & PS3AV_RES_MASK_VESA << SHIFT_VESA,1,0,1
ents < 0,1,0,1
"mapping_gfp_constraint(mapping, __GFP_FS)",1,0,1
MIN_WRITE_SZ & 7,1,0,1
"dm_io(&io_req, 1, &io, NULL)",1,0,1
cursor->resid < bytes,1,0,1
!path->mnt,1,0,1
DATA_LINK_M_N_MASK > INT_MAX,1,0,1
"!xfs_is_quota_inode(&ip->i_mount->m_sb, ip->i_ino)",1,0,1
page_offset + length > PAGE_SIZE,1,0,1
"(int)offsetof(struct llog_catid, lci_padding3) == 28, ""found %lld\n"", (long long)(int)offsetof(struct llog_catid, lci_padding3)",1,0,1
"(int)offsetof(struct ll_user_fiemap, fm_reserved) == 28, ""found %lld\n"", (long long)(int)offsetof(struct ll_user_fiemap, fm_reserved)",1,0,1
tun->numdisabled != 0,1,0,1
"pdata, row",1,0,1
"DWC_CIRCLEQ_EMPTY(&manager->notifiers), ""Notification manager being freed before all notifiers have been removed""",1,0,1
"(int)sizeof(((struct lu_dirent *)0)->lde_namelen) == 2, ""found %lld\n"", (long long)(int)sizeof(((struct lu_dirent *)0)->lde_namelen)",1,0,1
"(int)offsetof(struct mdt_rec_setattr, sa_attr_flags) == 112, ""found %lld\n"", (long long)(int)offsetof(struct mdt_rec_setattr, sa_attr_flags)",1,0,1
"""map groups don't match"", mg == t1->mg",1,0,1
LDLM_FLOCK == 12,1,0,1
obj->pages_pin_count == 0,1,0,1
wbuf->avail > 0 && wbuf->avail <= wbuf->size,1,0,1
counters->ctc_nr_used >= 0,1,0,1
!pqm || !qid,1,0,1
res->inflight_locks == 0,1,0,1
"offsetof(struct ieee80211_tx_info, status.rates) != offsetof(struct ieee80211_tx_info, control.rates)",1,0,1
"expiries != NULL, return;",1,0,1
lock->ols_owner == NULL,1,0,1
"check_sysreg_table(cp15_64_regs, ARRAY_SIZE(cp15_64_regs))",1,0,1
!adw_info || !addrHi || !addrLo || !cntl,1,0,1
lock->cll_conflict == NULL,1,0,1
"__of_adjust_tree_phandle_references(childroot, resolve, phandle_delta)",1,0,1
0 == (size & ~iovp_mask),1,0,1
policy->pol_state == NRS_POL_STATE_STOPPED,1,0,1
"header != NULL, ""Failed to allocate stats header:[%d]%s/%s\n"", index, name, units",1,0,1
name->refcnt <= 0,1,0,1
500 != sizeof (struct coh_super_block),1,0,1
"(int)offsetof(struct llog_changelog_rec, cr) == 16, ""found %lld\n"", (long long)(int)offsetof(struct llog_changelog_rec, cr)",1,0,1
"OBD_MD_FLOSSCAPA == (0x0000040000000000ULL), ""found 0x%.16llxULL\n"", OBD_MD_FLOSSCAPA",1,0,1
sizeof(struct osdv2_cdb) != OSD_TOTAL_CDB_LEN,1,0,1
new_bucket >= (num_clusters * ocfs2_xattr_buckets_per_cluster(osb)),1,0,1
"(int)sizeof(((struct mdt_rec_setattr *)0)->sa_atime) == 8, ""found %lld\n"", (long long)(int)sizeof(((struct mdt_rec_setattr *)0)->sa_atime)",1,0,1
end > le32_to_cpu(a->length) - le16_to_cpu(a->data.resident.value_offset),1,0,1
list_empty(&rn->host_cmpl_q),1,0,1
ni->itype.compressed.size < 0,1,0,1
lp->dirty >= c->dead_wm || (pick_free && lp->free + lp->dirty == c->leb_size),1,0,1
"(int)offsetof(struct ldlm_gl_lquota_desc, gl_hardlimit) == 32, ""found %lld\n"", (long long)(int)offsetof(struct ldlm_gl_lquota_desc, gl_hardlimit)",1,0,1
"env, pg, pg->cp_state != CPS_FREEING",1,0,1
oio->oi_lockless == 0,1,0,1
"LDLM_SET_INFO == 107, ""found %lld\n"", (long long)LDLM_SET_INFO",1,0,1
mpidr != ib_mpidr,1,0,1
"(int)offsetof(struct lustre_mdt_attrs, lma_self_fid) == 8, ""found %lld\n"", (long long)(int)offsetof(struct lustre_mdt_attrs, lma_self_fid)",1,0,1
"SEQ_ALLOC_META == 1, ""found %lld\n"", (long long)SEQ_ALLOC_META",1,0,1
!old_snapc,1,0,1
msg->msg_type == LNET_MSG_REPLY || msg->msg_type == LNET_MSG_GET,1,0,1
"offsetof(struct iovec, iov_len) != offsetof(struct kvec, iov_len)",1,0,1
"HP_FLAG_COMPLETED == 0x01, ""found 0x%.8x\n"", HP_FLAG_COMPLETED",1,0,1
offs + len <= c->leb_size,1,0,1
crypto_tfm_alg_type(tfm) != CRYPTO_ALG_TYPE_BLKCIPHER,1,0,1
"(int)sizeof(((struct mdt_rec_rename *)0)->rn_padding_8) == 4, ""found %lld\n"", (long long)(int)sizeof(((struct mdt_rec_rename *)0)->rn_padding_8)",1,0,1
"strnlen(name, CLASS_MAX_NAME) < CLASS_MAX_NAME",1,0,1
clli < llis_bus || clli >= llis_bus + sizeof(u32) * llis_max_words,1,0,1
"sbi, addr == NULL_ADDR",1,0,1
"(int)offsetof(struct lov_mds_md_v1, lmm_pattern) == 4, ""found %lld\n"", (long long)(int)offsetof(struct lov_mds_md_v1, lmm_pattern)",1,0,1
env == lcc->lcc_env,1,0,1
ctx->copy_size > skb_headlen(skb),1,0,1
n >= IW_CUSTOM_MAX,1,0,1
"""Invalid hist entry"", CPU(he) == 1 && PID(he) == 100 && !strcmp(COMM(he), ""perf"") && !strcmp(DSO(he), ""perf"") && !strcmp(SYM(he), ""main"") && he->stat.period == 100",1,0,1
"0, ""Invalid it_op: %d\n"", it->it_op",1,0,1
!ops->dev,1,0,1
"is_migrate_isolate(mt), page",1,0,1
writeback >= ARRAY_SIZE(virtblk_cache_types),1,0,1
"(void *)(niobuf - niocount) == req_capsule_client_get(&req->rq_pill, &RMF_NIOBUF_REMOTE), ""want %p - real %p\n"", req_capsule_client_get(&req->rq_pill, &RMF_NIOBUF_REMOTE), (void *)(niobuf - niocount)",1,0,1
"!rv, dlm_dump_rsb(r);",1,0,1
total_refs < inflight_refs,1,0,1
c->orph_buf,1,0,1
B43_TAB_NOISESCALE_SIZE != ARRAY_SIZE(b43_tab_noisescalea3),1,0,1
"(int)sizeof(((struct update_reply *)0)->ur_count) == 4, ""found %lld\n"", (long long)(int)sizeof(((struct update_reply *)0)->ur_count)",1,0,1
"-1, fd",1,0,1
"q, ==, p + 256 + 12",1,0,1
!list_empty(&cifs_dfs_automount_list),1,0,1
ci->i_nr_by_mode[fmode] == 0,1,0,1
znode->level != 0,1,0,1
N_SPI_MINORS > 256,1,0,1
buddy != buddy2,1,0,1
"(int)offsetof(struct mdt_remote_perm, rp_padding) == 28, ""found %lld\n"", (long long)(int)offsetof(struct mdt_remote_perm, rp_padding)",1,0,1
"(int)offsetof(struct obd_connect_data, padding8) == 128, ""found %lld\n"", (long long)(int)offsetof(struct obd_connect_data, padding8)",1,0,1
"(int)offsetof(struct obd_statfs, os_spare8) == 136, ""found %lld\n"", (long long)(int)offsetof(struct obd_statfs, os_spare8)",1,0,1
"OBD_CONNECT_LOV_V3 == 0x100000000ULL, ""found 0x%.16llxULL\n"", OBD_CONNECT_LOV_V3",1,0,1
!request->rq_pool,1,0,1
"(int)sizeof(struct hsm_request) == 24, ""found %lld\n"", (long long)(int)sizeof(struct hsm_request)",1,0,1
"(int)sizeof(struct ldlm_reply) == 112, ""found %lld\n"", (long long)(int)sizeof(struct ldlm_reply)",1,0,1
digest_ctx.pad_descs == NULL,1,0,1
device->missing,1,0,1
"device, i >= 0",1,0,1
ip->i_d.di_nlink > 0 || (VFS_I(ip)->i_state & I_LINKABLE),1,0,1
"dev_priv, pipe, PCH_DP_B, TRANS_DP_PORT_SEL_B",1,0,1
policies[number] == policy,1,0,1
count > FC_RPORT_NUM_ATTRS,1,0,1
iip != NULL && iip->ili_fields != 0,1,0,1
"OBD_CONNECT_OSS_CAPA == 0x200000ULL, ""found 0x%.16llxULL\n"", OBD_CONNECT_OSS_CAPA",1,0,1
c->n_buffers[i],1,0,1
!re_exist,1,0,1
eflags & X86_EFLAGS_AC,1,0,1
BPF_MEMWORDS * sizeof(u32) > MAX_BPF_STACK,1,0,1
"(int)sizeof(((struct mdt_rec_setattr *)0)->sa_suppgid) == 4, ""found %lld\n"", (long long)(int)sizeof(((struct mdt_rec_setattr *)0)->sa_suppgid)",1,0,1
ssif_info->waiting_msg,1,0,1
le32toh(vr1->info->magic) == MIC_MAGIC + type + 1,1,0,1
"offsetof(struct iwl_pcie_txq_scratch_buf, scratch) != sizeof(struct iwl_cmd_header) + offsetof(struct iwl_tx_cmd, scratch)",1,0,1
"OBD_CONNECT_IMP_RECOV == 0x10000000000ULL, ""found 0x%.16llxULL\n"", OBD_CONNECT_IMP_RECOV",1,0,1
"(int)sizeof(struct lov_mds_md_v3) == 48, ""found %lld\n"", (long long)(int)sizeof(struct lov_mds_md_v3)",1,0,1
"(int)sizeof(((struct obd_connect_data *)0)->ocd_maxbytes) == 8, ""found %lld\n"", (long long)(int)sizeof(((struct obd_connect_data *)0)->ocd_maxbytes)",1,0,1
(((perms) >> 6) & 4) < (((perms) >> 3) & 4),1,0,1
"(int)offsetof(struct lov_mds_md_v3, lmm_pattern) == 4, ""found %lld\n"", (long long)(int)offsetof(struct lov_mds_md_v3, lmm_pattern)",1,0,1
suppgids != NULL,1,0,1
"(int)offsetof(struct llog_cookie, lgc_index) == 24, ""found %lld\n"", (long long)(int)offsetof(struct llog_cookie, lgc_index)",1,0,1
number >= 1 && number <= LNET_CPT_NUMBER,1,0,1
"!PageUptodate(page), page",1,0,1
sizeof(a->u) > sizeof(void *)*2,1,0,1
key.type != BTRFS_EXTENT_DATA_KEY && key.type != BTRFS_EXTENT_CSUM_KEY,1,0,1
drv == NULL,1,0,1
sizeof(struct opregion_header) != 0x100,1,0,1
"(int)sizeof(((struct hsm_user_item *)0)->hui_extent) == 16, ""found %lld\n"", (long long)(int)sizeof(((struct hsm_user_item *)0)->hui_extent)",1,0,1
"""Unmatched total period for symbol filter"", hists->stats.total_non_filtered_period == 300",1,0,1
"(int)sizeof(((struct lquota_lvb *)0)->lvb_flags) == 8, ""found %lld\n"", (long long)(int)sizeof(((struct lquota_lvb *)0)->lvb_flags)",1,0,1
offset_r != len1 - 4,1,0,1
q_num != 0,1,0,1
isac->tx_skb,1,0,1
s->reserved != sizeof(*head),1,0,1
IFLA_VF_LINK_STATE_AUTO != MC_CMD_LINK_STATE_MODE_IN_LINK_STATE_AUTO,1,0,1
cleaned != valid,1,0,1
mob->pt_level > 2,1,0,1
cl_object_header(obj) == cl_object_header(page->cp_obj),1,0,1
"ergo(hp, nrs_svcpt_has_hp(svcpt))",1,0,1
"(int)offsetof(struct lmv_desc, ld_default_hash_size) == 16, ""found %lld\n"", (long long)(int)offsetof(struct lmv_desc, ld_default_hash_size)",1,0,1
"!(halt_status == DWC_OTG_HC_XFER_NO_HALT_STATUS), ""halt_status = %d\n"", halt_status",1,0,1
sb->type == UBIFS_DATA_NODE,1,0,1
v < 0,1,0,1
!msg_ctx,1,0,1
fn > SDIO_MAX_FUNCS,1,0,1
offs % c->min_io_size == 0,1,0,1
fld->lcf_hash != NULL,1,0,1
geo->blksize > USHRT_MAX,1,0,1
"(int)offsetof(struct mdt_rec_reint, rr_blocks) == 104, ""found %lld\n"", (long long)(int)offsetof(struct mdt_rec_reint, rr_blocks)",1,0,1
(&__user_gateway_end - &__user_gateway_start) > PAGE_SIZE,1,0,1
cops->enlarge_reqbuf,1,0,1
status < 0,1,0,1
"(int)offsetof(struct mdt_rec_setxattr, sx_opcode) == 0, ""found %lld\n"", (long long)(int)offsetof(struct mdt_rec_setxattr, sx_opcode)",1,0,1
newlen <= XFS_INODES_PER_CHUNK,1,0,1
OBD_FL_DEBUG_CHECK == 0x00000040,1,0,1
keylen < 2 || keylen > 514,1,0,1
obj == desc->cld_obj,1,0,1
"(int)offsetof(struct lquota_glb_rec, qbr_time) == 16, ""found %lld\n"", (long long)(int)offsetof(struct lquota_glb_rec, qbr_time)",1,0,1
"lock->cll_state == CLS_QUEUING || lock->cll_state == CLS_ENQUEUED || lock->cll_state == CLS_HELD || lock->cll_state == CLS_INTRANSIT, ""lock state: %d\n"", lock->cll_state",1,0,1
desc->bd_req != NULL,1,0,1
ring->max_desc_num_per_pkt <= ring->desc_num,1,0,1
ctxt != LP_POISON,1,0,1
OBD_FL_RECOV_RESEND == 0x00080000,1,0,1
linelock->index <= linelock->maxcnt,1,0,1
"sbi, !sbi->total_valid_block_count",1,0,1
"lsap->lap != NULL, return -1;",1,0,1
SUPPORTED_10baseT_Half != ADVERTISED_10baseT_Half,1,0,1
"(int)offsetof(struct hsm_progress, padding) == 44, ""found %lld\n"", (long long)(int)offsetof(struct hsm_progress, padding)",1,0,1
"LUDA_TYPE == 0x00000002UL, ""found 0x%.8xUL\n"", (unsigned)LUDA_TYPE",1,0,1
(unsigned long)LIST_POISON1 & 1,1,0,1
"(int)sizeof(((struct mdt_rec_link *)0)->lk_fsuid) == 4, ""found %lld\n"", (long long)(int)sizeof(((struct mdt_rec_link *)0)->lk_fsuid)",1,0,1
"sk, ==, afs_socket->sk",1,0,1
!priv || !chip,1,0,1
!(vma->vm_flags & VM_MIXEDMAP),1,0,1
pi->port_id != FW_VI_CMD_PORTID_G(vi_rpl.portid_pkd),1,0,1
(this->bbt_options & NAND_BBT_NO_OOB) && !(this->bbt_options & NAND_BBT_USE_FLASH),1,0,1
*ahd_targp != NULL,1,0,1
"OBD_CONNECT_LAYOUTLOCK == 0x2000000000ULL, ""found 0x%.16llxULL\n"", OBD_CONNECT_LAYOUTLOCK",1,0,1
!wl->ops->convert_fw_status,1,0,1
mcdi->mode == MCDI_MODE_EVENTS,1,0,1
skdev->in_flight > 0,1,0,1
scaled_div < scaled_div_min(div),1,0,1
guest_irq >= irq_rt->nr_rt_entries,1,0,1
mdsc->caps_min_count < 0,1,0,1
"device, req->rq_state & RQ_EXP_RECEIVE_ACK",1,0,1
dev->capture.port == NULL,1,0,1
ttm->state != tt_unbound && ttm->state != tt_unpopulated,1,0,1
space < batch_size,1,0,1
"offsetof(typeof(*o), o_padding_4) != 0",1,0,1
(cli->cl_max_pages_per_rpc <= PTLRPC_MAX_BRW_PAGES) && (cli->cl_max_pages_per_rpc > 0),1,0,1
"!list_empty(&res->l_blocked_list), ""Lockres %s is on the blocked list\n"", res->l_name",1,0,1
list_empty(&cur_trans->dirty_bgs),1,0,1
"(int)offsetof(struct lustre_capa, lc_timeout) == 48, ""found %lld\n"", (long long)(int)offsetof(struct lustre_capa, lc_timeout)",1,0,1
buf - ec_dev->din + n > ec_dev->din_size,1,0,1
!channel->qsdev,1,0,1
cnt <= 0,1,0,1
"(int)offsetof(struct lustre_capa, lc_opc) == 16, ""found %lld\n"", (long long)(int)offsetof(struct lustre_capa, lc_opc)",1,0,1
(crypto_tfm_alg_type(tfm) ^ CRYPTO_ALG_TYPE_COMPRESS) & CRYPTO_ALG_TYPE_MASK,1,0,1
entry->offset <= offset,1,0,1
"(int)offsetof(struct mdt_rec_link, lk_time) == 72, ""found %lld\n"", (long long)(int)offsetof(struct mdt_rec_link, lk_time)",1,0,1
cfpkt_getlen(pkt) < rfml->fragment_size + RFM_HEAD_SIZE,1,0,1
!tid,1,0,1
"(int)sizeof(((struct obd_dqinfo *)0)->dqi_valid) == 4, ""found %lld\n"", (long long)(int)sizeof(((struct obd_dqinfo *)0)->dqi_valid)",1,0,1
!orphan->cmt,1,0,1
!wm->codec,1,0,1
sg_cnt > SNIC_MAX_SG_DESC_CNT,1,0,1
"prior, >, 0",1,0,1
(ios->layout->group_width > 1) && (ios->si.unit_off + ios->length > ios->layout->stripe_unit),1,0,1
&b->lock,1,0,1
st->top <= 0,1,0,1
"(int)sizeof(((struct obd_dqblk *)0)->dqb_curspace) == 8, ""found %lld\n"", (long long)(int)sizeof(((struct obd_dqblk *)0)->dqb_curspace)",1,0,1
"(int)sizeof(struct cfg_marker) == 160, ""found %lld\n"", (long long)(int)sizeof(struct cfg_marker)",1,0,1
type == LDLM_FLOCK,1,0,1
"(int)offsetof(struct mdt_rec_unlink, ul_fid2) == 56, ""found %lld\n"", (long long)(int)offsetof(struct mdt_rec_unlink, ul_fid2)",1,0,1
tp->t_log_count == 0 || tp->t_log_count == resp->tr_logcount,1,0,1
"!ocfs2_sparse_alloc(osb) && (oi->ip_clusters != le32_to_cpu(rec->e_cpos)), ""Device %s, asking for sparse allocation: inode %llu, "" ""cpos %u, clusters %u\n"", osb->dev_str, (unsigned long long)oi->ip_blkno, rec->e_cpos, oi->ip_clusters",1,0,1
timeout_cnt == 0,1,0,1
sizeof(struct tb_regs_port_header) != 8 * 4,1,0,1
"(int)sizeof(((struct ldlm_reply *)0)->lock_flags) == 4, ""found %lld\n"", (long long)(int)sizeof(((struct ldlm_reply *)0)->lock_flags)",1,0,1
!cpu_possible(cpu),1,0,1
in_f->ilf_fields & XFS_ILOG_CORE,1,0,1
!NAPI_GRO_CB(skb)->csum_valid,1,0,1
block_ctx->datav,1,0,1
lock->l_exp_refs_nr > 0,1,0,1
znode->level <= zr->level,1,0,1
n != c->fanout,1,0,1
"(int)sizeof(((struct ptlrpc_body_v3 *)0)->pb_status) == (int)sizeof(((struct ptlrpc_body_v2 *)0)->pb_status), ""%d != %d\n"", (int)sizeof(((struct ptlrpc_body_v3 *)0)->pb_status), (int)sizeof(((struct ptlrpc_body_v2 *)0)->pb_status)",1,0,1
len > 0 && wbuf->lnum >= 0 && wbuf->lnum < c->leb_cnt,1,0,1
type == XFS_IO_OVERWRITE,1,0,1
"device, device->ldev->backing_bdev",1,0,1
pmd_trans_huge(*new_pmd),1,0,1
"htab_bolt_mapping(dart_tablebase+16*MB, base + size, __pa(dart_table_end), prot, mmu_linear_psize, mmu_kernel_ssize)",1,0,1
undo_fn && !ocfs2_is_cluster_bitmap(alloc_inode),1,0,1
"(int)sizeof(((struct mdt_body *)0)->padding_5) == 4, ""found %lld\n"", (long long)(int)sizeof(((struct mdt_body *)0)->padding_5)",1,0,1
"skb_queue_is_first(list, skb)",1,0,1
"(int)offsetof(struct obd_connect_data, padding3) == 88, ""found %lld\n"", (long long)(int)offsetof(struct obd_connect_data, padding3)",1,0,1
node->object.func == NULL,1,0,1
"dissector_uses_key(flow_dissector, key->key_id)",1,0,1
ts->rtask,1,0,1
"(int)offsetof(struct ldlm_flock_wire, lfw_padding) == 24, ""found %lld\n"", (long long)(int)offsetof(struct ldlm_flock_wire, lfw_padding)",1,0,1
&dev->master_mutex,1,0,1
thread == BAD_HWTHREAD_ID,1,0,1
"(int)offsetof(struct llog_log_hdr, llh_reserved) == 84, ""found %lld\n"", (long long)(int)offsetof(struct llog_log_hdr, llh_reserved)",1,0,1
current_rng,1,0,1
e == e1,1,0,1
readl(virtbase + COH901318_CX_STAT + COH901318_CX_STAT_SPACING*channel) & COH901318_CX_STAT_ACTIVE,1,0,1
pa_end < start,1,0,1
"(int)sizeof(((struct lov_mds_md_v1 *)0)->lmm_stripe_size) == 4, ""found %lld\n"", (long long)(int)sizeof(((struct lov_mds_md_v1 *)0)->lmm_stripe_size)",1,0,1
"server, server->addr.s_addr, ==, addr.s_addr",1,0,1
"(int)offsetof(struct ost_lvb, lvb_mtime_ns) == 40, ""found %lld\n"", (long long)(int)offsetof(struct ost_lvb, lvb_mtime_ns)",1,0,1
"(pChnlAccessSetting != NULL), (""pChnlAccessSetting should not be NULL\n"")",1,0,1
"MSG_LOCK_REPLAY_DONE == 0x00000080UL, ""found 0x%.8xUL\n"", (unsigned)MSG_LOCK_REPLAY_DONE",1,0,1
args->out.numargs != 1,1,0,1
"(int)sizeof(((struct mdt_rec_setattr *)0)->sa_padding_1_h) == 4, ""found %lld\n"", (long long)(int)sizeof(((struct mdt_rec_setattr *)0)->sa_padding_1_h)",1,0,1
src->root_key.objectid != BTRFS_TREE_RELOC_OBJECTID,1,0,1
current_offset > size,1,0,1
"keys_cmp(c, key, &zbr[*n].key) > 0",1,0,1
kiblnd_data.kib_init == IBLND_INIT_ALL,1,0,1
(vcc->vci >= 0) && (vcc->vci < 1<<FORE200E_VCI_BITS),1,0,1
i != lds->num_active,1,0,1
(void *)(cfd + 1) > (list->buf.addr + list->buf.size),1,0,1
ip->i_d.di_forkoff == 0,1,0,1
!dwc_otg_urb,1,0,1
ctx->sinfo->sig.pkey_algo != PKEY_ALGO_RSA,1,0,1
"(int)offsetof(struct layout_intent, li_flags) == 4, ""found %lld\n"", (long long)(int)offsetof(struct layout_intent, li_flags)",1,0,1
idx == a7gc->nbank,1,0,1
y & ~0xffff,1,0,1
"device, (n_oos - device->rs_failed) == 0",1,0,1
p == 0,1,0,1
offset + GSS_KRB5_TOK_HDR_LEN + headskip + movelen > buf->head[0].iov_len,1,0,1
"""Unmatched nr hist entries for dso filter"", hists->nr_non_filtered_entries == 3",1,0,1
center->header.max_entries != right->header.max_entries,1,0,1
!list_empty(ldlm_namespace_list(client)),1,0,1
"(int)sizeof(((posix_acl_xattr_entry *)0)->e_tag) == 2, ""found %lld\n"", (long long)(int)sizeof(((posix_acl_xattr_entry *)0)->e_tag)",1,0,1
__alignof__ *vq->avail > VRING_AVAIL_ALIGN_SIZE,1,0,1
"(int)offsetof(struct lustre_msg_v2, lm_padding_2) == 24, ""found %lld\n"", (long long)(int)offsetof(struct lustre_msg_v2, lm_padding_2)",1,0,1
PTLRPC_MAX_BRW_PAGES < LI_POISON,1,0,1
fid_seq(&lli->lli_fid) != 0,1,0,1
sizeof(struct os_area_db) != 2 * OS_AREA_SEGMENT_SIZE,1,0,1
data_bytes <= ip->i_df.if_bytes,1,0,1
CMD_SP(sc) != NULL,1,0,1
"(int)offsetof(struct mdt_rec_unlink, ul_opcode) == 0, ""found %lld\n"", (long long)(int)offsetof(struct mdt_rec_unlink, ul_opcode)",1,0,1
slot != -1 && node->parent_slot != slot,1,0,1
"(int)sizeof(((struct llog_gen *)0)->mnt_cnt) == 8, ""found %lld\n"", (long long)(int)sizeof(((struct llog_gen *)0)->mnt_cnt)",1,0,1
LLOG_GEN_REC == 274989056,1,0,1
id >= TPACPI_RFK_SW_MAX,1,0,1
"irttp->magic == TTP_MAGIC, return;",1,0,1
bh->b_size != inode->i_sb->s_blocksize,1,0,1
"MSG_LAST_REPLAY == 0x00000001UL, ""found 0x%.8xUL\n"", (unsigned)MSG_LAST_REPLAY",1,0,1
!ret && !bch_keylist_empty(&insert),1,0,1
logical >= rbio->bbio->raid_map[0],1,0,1
!is.s.not_found,1,0,1
queue->task,1,0,1
tail_count < 0,1,0,1
linear_map_hash_slots[lmi] & 0x80,1,0,1
d_inode(dentry->d_parent) != dir,1,0,1
rdma->state != P9_RDMA_ROUTE_RESOLVED,1,0,1
"attr_len < IAS_MAX_ATTRIBNAME + 1, return;",1,0,1
!cpg || !clks,1,0,1
"(int)sizeof(((struct obd_statfs *)0)->os_ffree) == 8, ""found %lld\n"", (long long)(int)sizeof(((struct obd_statfs *)0)->os_ffree)",1,0,1
"(int)offsetof(struct obdo, o_ioepoch) == 112, ""found %lld\n"", (long long)(int)offsetof(struct obdo, o_ioepoch)",1,0,1
mode == LCK_PR || mode == LCK_PW || mode == LCK_GROUP,1,0,1
list_empty(tmp_links),1,0,1
ksocknal_data.ksnd_nnets > 0,1,0,1
delayed_item->ins_or_del != BTRFS_DELAYED_DELETION_ITEM && delayed_item->ins_or_del != BTRFS_DELAYED_INSERTION_ITEM,1,0,1
ARRAY_SIZE(kvm_s390_fac_list_mask) > S390_ARCH_FAC_MASK_SIZE_U64,1,0,1
512 != sizeof (struct sysv2_super_block),1,0,1
read_cred_subscribers(new) != 0,1,0,1
c <= 0,1,0,1
master == NULL,1,0,1
(subdevice_id & 0xfff0) != DARLA24,1,0,1
cpg->eng_st != ENGINE_BUSY,1,0,1
"(int)sizeof(((struct layout_intent *)0)->li_opc) == 4, ""found %lld\n"", (long long)(int)sizeof(((struct layout_intent *)0)->li_opc)",1,0,1
"(int)offsetof(struct obdo, o_mode) == 84, ""found %lld\n"", (long long)(int)offsetof(struct obdo, o_mode)",1,0,1
dlm->dlm_state != DLM_CTXT_JOINED,1,0,1
(*res_ptr & m) == m,1,0,1
!vp,1,0,1
atomic_read(&key->lct_used) > 1,1,0,1
list_empty(&scm->active_q),1,0,1
lli->lli_mds_write_och != NULL,1,0,1
pshift > HUGEPD_SHIFT_MASK,1,0,1
vmap_initialized,1,0,1
"(int)sizeof(((struct mdt_rec_create *)0)->cr_fsuid_h) == 4, ""found %lld\n"", (long long)(int)sizeof(((struct mdt_rec_create *)0)->cr_fsuid_h)",1,0,1
"device, connection->agreed_pro_version < 100",1,0,1
"xfs_isilocked(ip, XFS_IOLOCK_SHARED|XFS_IOLOCK_EXCL)",1,0,1
LLOG_ORIGIN_HANDLE_NEXT_BLOCK == 502,1,0,1
"(int)offsetof(struct mdt_rec_link, lk_padding_8) == 128, ""found %lld\n"", (long long)(int)offsetof(struct mdt_rec_link, lk_padding_8)",1,0,1
!S_ISDIR(parent->i_mode),1,0,1
new_data_size >= 0 && new_data_size > new_alloc_size,1,0,1
"sbi, nat_get_blkaddr(e) == NULL_ADDR && new_blkaddr == NULL_ADDR",1,0,1
OBD_FL_INLINEDATA == 0x00000001,1,0,1
"(int)sizeof(((struct obdo *)0)->o_stripe_idx) == 4, ""found %lld\n"", (long long)(int)sizeof(((struct obdo *)0)->o_stripe_idx)",1,0,1
offset + nbblks <= bp->b_length,1,0,1
!priv->wsm_cmd.ptr,1,0,1
"(int)sizeof(((struct mdt_rec_unlink *)0)->ul_mode) == 4, ""found %lld\n"", (long long)(int)sizeof(((struct mdt_rec_unlink *)0)->ul_mode)",1,0,1
!emu || !emu->ops.release,1,0,1
enqflags & CEF_AGL,1,0,1
sizeof(dev->in_eps) < __MT_EP_IN_MAX,1,0,1
peer_space == 0,1,0,1
count < -1,1,0,1
"(int)offsetof(struct mdt_body, rdev) == 132, ""found %lld\n"", (long long)(int)offsetof(struct mdt_body, rdev)",1,0,1
!r && (flags & ~CLOSURE_DESTRUCTOR),1,0,1
RB_EMPTY_ROOT(&fscache_object_list),1,0,1
chunk > lpi_chunks,1,0,1
grp->color <= 0 || grp->color > 2,1,0,1
lov->lov_connects == 1,1,0,1
!tagname[0],1,0,1
p_handle != NULL && file_priv == NULL,1,0,1
"OBD_MD_FLRDEV == (0x00010000ULL), ""found 0x%.16llxULL\n"", OBD_MD_FLRDEV",1,0,1
nslot != ndoms,1,0,1
!ctxt->c_split_covers_rec,1,0,1
movesize >= 0,1,0,1
"MDS_ATTR_ATIME_SET == 0x0000000000000080ULL, ""found 0x%.16llxULL\n"", (long long)MDS_ATTR_ATIME_SET",1,0,1
!c->ltab,1,0,1
"manager == NULL, ""Memory debugging has already started\n""",1,0,1
atomic_read(&root->nr_cgrps),1,0,1
nents > SCSI_MAX_SG_SEGMENTS,1,0,1
skb_headlen(skb) < nhoff + sizeof(*ip6) + 4,1,0,1
hdr.eth->h_proto != htons(ETH_P_IP),1,0,1
(xm >> (DP_FBITS + 1 + 3)) == 0,1,0,1
this_cpu_read(paravirt_lazy_mode) != mode,1,0,1
bch_count_data(&b->keys) < oldsize,1,0,1
"self->parent, 0",1,0,1
bits & ~(NISTC_RESET_G0 | NISTC_RESET_G1),1,0,1
!cache_sram,1,0,1
clock_items > (PCXHR_CLOCK_TYPE_MAX+1),1,0,1
len & ~PAGE_MASK,1,0,1
!msynth,1,0,1
!(offset & ~CFS_PAGE_MASK),1,0,1
!atomic_read(&sk->sk_wmem_alloc),1,0,1
"(int)offsetof(struct mdt_rec_reint, rr_mtime) == 72, ""found %lld\n"", (long long)(int)offsetof(struct mdt_rec_reint, rr_mtime)",1,0,1
data && !words,1,0,1
INETFRAGS_EVICT_BUCKETS >= INETFRAGS_HASHSZ,1,0,1
"(int)offsetof(struct lov_desc, ld_padding_2) == 44, ""found %lld\n"", (long long)(int)offsetof(struct lov_desc, ld_padding_2)",1,0,1
desc->bd_req == req,1,0,1
bp_marker,1,0,1
SUPPORTED_10baseT_Full != ADVERTISED_10baseT_Full,1,0,1
BGMAC_PA_WRITE != BCMA_GMAC_CMN_PA_WRITE,1,0,1
"HYPERVISOR_grant_table_op(cmd, gop, 1)",1,0,1
"(int)offsetof(struct mdt_rec_setattr, sa_fsuid) == 8, ""found %lld\n"", (long long)(int)offsetof(struct mdt_rec_setattr, sa_fsuid)",1,0,1
"device, !test_bit(BITMAP_IO, &device->flags)",1,0,1
"(int)sizeof(((struct lu_dirent *)0)->lde_fid) == 16, ""found %lld\n"", (long long)(int)sizeof(((struct lu_dirent *)0)->lde_fid)",1,0,1
"len <= XFS_DFORK_ASIZE(dip, mp)",1,0,1
IS_SDMA_START % 64,1,0,1
"(int)offsetof(struct lu_idxpage, lip_flags) == 4, ""found %lld\n"", (long long)(int)offsetof(struct lu_idxpage, lip_flags)",1,0,1
info->clt_current_io == NULL,1,0,1
"fid_res_name_eq(fid, res)",1,0,1
si->cur_comp < sp2d->data_devs,1,0,1
"(int)offsetof(struct link_ea_entry, lee_reclen) == 0, ""found %lld\n"", (long long)(int)offsetof(struct link_ea_entry, lee_reclen)",1,0,1
off < hlen,1,0,1
kdb_flags_index <= 0,1,0,1
!jbd2_revoke_record_cache,1,0,1
"sbi, blkaddr == NULL_ADDR",1,0,1
!card || !kcontrol,1,0,1
"(int)sizeof(posix_acl_xattr_header) == 4, ""found %lld\n"", (long long)(int)sizeof(posix_acl_xattr_header)",1,0,1
the_lnet.ln_cpt_number > 0,1,0,1
"device, p->verify_alg[data_size-1] == 0",1,0,1
existing_ref->is_data != ref->is_data,1,0,1
!dbgdev || !dbgdev->dev || !wac_info,1,0,1
macvtap_disable_queue(q),1,0,1
!dqm || !qpd || !q,1,0,1
"!mutex_trylock(&oi->ip_io_mutex), ""Clear inode of %llu, io_mutex is locked\n"", (unsigned long long)oi->ip_blkno",1,0,1
!list_empty(&ji->anon_inode_list),1,0,1
npins > ARRAY_SIZE(pmic_gpio_groups),1,0,1
!qdev->ram_header->monitors_config,1,0,1
i < 0x10,1,0,1
"server, ==, vnode->server",1,0,1
"env, page, equi(state == CPS_OWNED, page->cp_owner != NULL)",1,0,1
(unsigned long *)(ptr2) - (unsigned long *)(ptr1) != 1,1,0,1
dev->capture.fmt == NULL,1,0,1
"(int)sizeof(((struct niobuf_remote *)0)->flags) == 4, ""found %lld\n"", (long long)(int)sizeof(((struct niobuf_remote *)0)->flags)",1,0,1
oap->oap_magic == OAP_MAGIC,1,0,1
"new_dvnode->update_cnt, >=, 0",1,0,1
"MDS_ATTR_MTIME_SET == 0x0000000000000100ULL, ""found 0x%.16llxULL\n"", (long long)MDS_ATTR_MTIME_SET",1,0,1
"sbi, im->ino_num == 0",1,0,1
!hrtimer_active(&wbuf->timer),1,0,1
sizeof(struct nbd_request) != 28,1,0,1
offs >= 0 && offs <= c->leb_size,1,0,1
"(int)sizeof(((struct hsm_progress_kernel *)0)->hpk_padding2) == 8, ""found %lld\n"", (long long)(int)sizeof(((struct hsm_progress_kernel *)0)->hpk_padding2)",1,0,1
state->work != NULL,1,0,1
"(int)sizeof(((struct ost_lvb *)0)->lvb_mtime_ns) == 4, ""found %lld\n"", (long long)(int)sizeof(((struct ost_lvb *)0)->lvb_mtime_ns)",1,0,1
"OBD_MD_FLRMTPERM == (0x0000010000000000ULL), ""found 0x%.16llxULL\n"", OBD_MD_FLRMTPERM",1,0,1
"xfs_isilocked(ip, lockmode)",1,0,1
substream->stream != SNDRV_PCM_STREAM_PLAYBACK,1,0,1
"offsetof(VCHI_MSG_VECTOR_T, vec_base) == offsetof(VCHIQ_ELEMENT_T, data)",1,0,1
!*method,1,0,1
bytes_transferred < 0,1,0,1
"LUSTRE_LOG_VERSION == 0x00050000, ""found 0x%.8x\n"", LUSTRE_LOG_VERSION",1,0,1
!range_is_exhausted(&seq->lcs_space),1,0,1
SVGA3D_DEVCAP_DXFMT_BC5_UNORM + 1 != SVGA3D_DEVCAP_MAX,1,0,1
len > ep->length,1,0,1
UBIFS_SB_NODE_SZ & 7,1,0,1
ioc->ibase & ~IOVP_MASK,1,0,1
"0x100, msg",1,0,1
LOV_DESC_MAGIC == 0xB0CCDE5C,1,0,1
auth_inode != NULL,1,0,1
N_URBS > (sizeof(cdev->outurb_active_mask) * 8),1,0,1
UBIFS_DENT_NODE_SZ < MIN_WRITE_SZ,1,0,1
"""wrong name"", m.name && !strcmp(name, m.name)",1,0,1
"n, ==, count",1,0,1
""""", 0, MFD_CLOEXEC",1,0,1
b->hold_count,1,0,1
"(int)sizeof(((struct obd_statfs *)0)->os_spare5) == 4, ""found %lld\n"", (long long)(int)sizeof(((struct obd_statfs *)0)->os_spare5)",1,0,1
(flexbg_size > 1) && ((src_group & ~(flexbg_size - 1)) != (last_group & ~(flexbg_size - 1))),1,0,1
!f || !f->pool,1,0,1
!(cmd & OBD_BRW_READ),1,0,1
"(int)sizeof(((struct idx_info *)0)->ii_keysize) == 2, ""found %lld\n"", (long long)(int)sizeof(((struct idx_info *)0)->ii_keysize)",1,0,1
req->rq_transno != 0,1,0,1
*offs <= c->leb_size - min_space,1,0,1
c->bi.dd_growth == 0,1,0,1
"fd, MFD_DEF_SIZE / 2",1,0,1
"(int)sizeof(((struct llog_log_hdr *)0)->llh_timestamp) == 8, ""found %lld\n"", (long long)(int)sizeof(((struct llog_log_hdr *)0)->llh_timestamp)",1,0,1
!(this->bbt_options & NAND_BBT_NO_OOB),1,0,1
m->count > m->size,1,0,1
worker_pool_assign_id(pool),1,0,1
rf->rf_fields[j].nr <= REQ_MAX_FIELD_NR,1,0,1
esp->active_cmd,1,0,1
sec->ps_policy->sp_cops->lookup_ctx,1,0,1
"F2FS_I_SB(dn->inode), page->index",1,0,1
list_empty(&object->dep_link),1,0,1
"drbd_test_flag(mdev, CREATE_BARRIER) == 0",1,0,1
dst_start + len <= dst_start,1,0,1
!(NULL == sf || BTRFSIC_BLOCK_STACK_FRAME_MAGIC_NUMBER == sf->magic),1,0,1
last->oap_page_off + last->oap_count <= PAGE_CACHE_SIZE,1,0,1
"(int)sizeof(((struct llog_rec_tail *)0)->lrt_len) == 4, ""found %lld\n"", (long long)(int)sizeof(((struct llog_rec_tail *)0)->lrt_len)",1,0,1
"self->mytid, self->mypid",1,0,1
range_is_sane(&seq->lcs_space),1,0,1
eadata != NULL,1,0,1
"(int)offsetof(struct ost_lvb, lvb_size) == 0, ""found %lld\n"", (long long)(int)offsetof(struct ost_lvb, lvb_size)",1,0,1
ctxt->loc_olg == olg,1,0,1
"(int)offsetof(struct obd_connect_data, ocd_unused) == 36, ""found %lld\n"", (long long)(int)offsetof(struct obd_connect_data, ocd_unused)",1,0,1
ext4_should_journal_data(inode),1,0,1
"(int)offsetof(struct mdt_rec_link, lk_fsuid_h) == 12, ""found %lld\n"", (long long)(int)offsetof(struct mdt_rec_link, lk_fsuid_h)",1,0,1
"OBD_BRW_NOCACHE == 0x80, ""found 0x%.8x\n"", OBD_BRW_NOCACHE",1,0,1
CXL_API_VERSION != 2,1,0,1
"OBD_CKSUM_CRC32 == 0x00000001UL, ""found 0x%.8xUL\n"", (unsigned)OBD_CKSUM_CRC32",1,0,1
"MDS_FMODE_SOM == 000004000000UL, ""found 0%.11oUL\n"", MDS_FMODE_SOM",1,0,1
"!test_bit(__IXGBEVF_SERVICE_SCHED, &adapter->state)",1,0,1
host->cmd,1,0,1
ll_eopcode_table[opcode].opcode == opcode,1,0,1
ctx->cc_ops->seal,1,0,1
clk_init.num_parents > ARRAY_SIZE(parent_names),1,0,1
PTRS_PER_PTE * sizeof(pte_t) != PAGE_SIZE,1,0,1
!(fe->i_flags & cpu_to_le32(OCFS2_VALID_FL)),1,0,1
vp->out_fmt == NULL,1,0,1
"dev_priv, intel_crtc_to_shared_dpll(intel_crtc)",1,0,1
!ins->ref_snoop_scb,1,0,1
cnt - label3 != OFFSET3,1,0,1
"(int)offsetof(struct hsm_action_item, hai_action) == 4, ""found %lld\n"", (long long)(int)offsetof(struct hsm_action_item, hai_action)",1,0,1
"(int)sizeof(((struct hsm_progress *)0)->hp_extent) == 16, ""found %lld\n"", (long long)(int)sizeof(((struct hsm_progress *)0)->hp_extent)",1,0,1
e2_len != e1_len,1,0,1
"lock->cll_state != CLS_HELD, env, lock",1,0,1
S_ISDIR(auth_vnode->vfs_inode.i_mode),1,0,1
"(int)offsetof(struct update, u_batchid) == 4, ""found %lld\n"", (long long)(int)offsetof(struct update, u_batchid)",1,0,1
"mb_test_bit(ac->ac_b_ex.fe_start + i, bitmap_bh->b_data)",1,0,1
skb->len == 0,1,0,1
"acpi_os_printf(""%20.20s : %s\n"", ""Opcode Name"", info->name)",1,0,1
!hdr || !blk,1,0,1
spin_is_locked(&ctx->fault_wqh.lock),1,0,1
(unsigned long)dst != L1_CACHE_ALIGN((unsigned long)dst),1,0,1
"ergo(cle, cle->ce_magic == &cl_env_init0)",1,0,1
S_ISDIR(ip->i_d.di_mode),1,0,1
index >= tun->numqueues,1,0,1
"gl, test_and_set_bit(GLF_LOCK, &gl->gl_flags)",1,0,1
(csize + page_offset) <= PAGE_SIZE,1,0,1
"OBD_CONNECT_XATTR == 0x100ULL, ""found 0x%.16llxULL\n"", OBD_CONNECT_XATTR",1,0,1
!(task->flags & PF_KTHREAD),1,0,1
"LDLM_CONVERT == 102, ""found %lld\n"", (long long)LDLM_CONVERT",1,0,1
"VIRTIO_PCI_COMMON_MSIX != offsetof(struct virtio_pci_common_cfg, msix_config)",1,0,1
"FID_OID_SPECIAL_BFL == 0x00000001UL, ""found 0x%.8xUL\n"", (unsigned)FID_OID_SPECIAL_BFL",1,0,1
tpc != (1 << threads_shift),1,0,1
prio > MAX_PRIO,1,0,1
rs->rs_snd_bytes < len,1,0,1
"call->offset, <, 4",1,0,1
epod_id >= NUM_EPOD_ID,1,0,1
MC_CMD_NVRAM_PARTITIONS_IN_LEN != 0,1,0,1
m != m_tmp,1,0,1
c->ohead_lnum <= c->orph_last,1,0,1
root->root_key.objectid != btrfs_header_owner(eb),1,0,1
!wac_info || !in_reg_sq_cmd || !in_reg_gfx_index,1,0,1
ip->i_df.if_real_bytes == 0 || ip->i_df.if_real_bytes == data_bytes,1,0,1
"(int)sizeof(((struct mdt_rec_setxattr *)0)->sx_time) == 8, ""found %lld\n"", (long long)(int)sizeof(((struct mdt_rec_setxattr *)0)->sx_time)",1,0,1
"irlmp->magic == LMP_MAGIC, return -1;",1,0,1
nf == NULL,1,0,1
"req->rq_reqbuf_len >= req->rq_reqlen, ""req %p: reqlen %d should smaller than buflen %d\n"", req, req->rq_reqlen, req->rq_reqbuf_len",1,0,1
"(int)sizeof(((struct ldlm_gl_lquota_desc *)0)->gl_time) == 8, ""found %lld\n"", (long long)(int)sizeof(((struct ldlm_gl_lquota_desc *)0)->gl_time)",1,0,1
"""Invalid hist entry"", !strcmp(DSO(he), ""[kernel]"") && !strcmp(SYM(he), ""page_fault"") && !strcmp(COMM(he), ""bash"") && he->stat.period == 100",1,0,1
"(int)offsetof(struct hsm_progress, hp_fid) == 0, ""found %lld\n"", (long long)(int)offsetof(struct hsm_progress, hp_fid)",1,0,1
index_size,1,0,1
old_nr > max_nr_map,1,0,1
pa->pa_free < len,1,0,1
"OBD_MD_FLRMTRSETFACL == (0x0004000000000000ULL), ""found 0x%.16llxULL\n"", OBD_MD_FLRMTRSETFACL",1,0,1
hlist_unhashed(&h->loh_hash),1,0,1
map_page >= RDS_CONG_MAP_PAGES,1,0,1
import != LP_POISON,1,0,1
!con->ops->alloc_msg,1,0,1
f->compressed < SMIAPP_COMPRESSED_BASE,1,0,1
!dqm || !q || !q->mqd,1,0,1
r_count == 0,1,0,1
!list_empty(&entry->se_link),1,0,1
!pm || !dqm_queues,1,0,1
!RB_EMPTY_ROOT(&rc->reloc_root_tree.rb_root),1,0,1
hw_desc->phy_next_desc,1,0,1
*skip,1,0,1
IS_ERR(css),1,0,1
!ext4_ext_is_unwritten(ex),1,0,1
offset >= blocksize,1,0,1
sta_info == NULL,1,0,1
last < i->j.seq,1,0,1
bd.bd_bucket == bd2.bd_bucket,1,0,1
page_pools.epp_waitqlen >= 0,1,0,1
"(int)sizeof(((struct llog_unlink_rec *)0)->lur_tail) == 8, ""found %lld\n"", (long long)(int)sizeof(((struct llog_unlink_rec *)0)->lur_tail)",1,0,1
!ds || !ds->reg_width,1,0,1
pull_to <= skb_headlen(skb),1,0,1
"!IS_ALIGNED(bus_addr, page_size)",1,0,1
"(int)sizeof(((struct ost_lvb *)0)->lvb_atime) == 8, ""found %lld\n"", (long long)(int)sizeof(((struct ost_lvb *)0)->lvb_atime)",1,0,1
!__builtin_constant_p(cpu_has_counter) || cpu_has_counter,1,0,1
!kvm_usage_count,1,0,1
!list_empty(add_list),1,0,1
sitd->urb == urb,1,0,1
list_empty(&exp->exp_hp_rpcs),1,0,1
"PageSwapCache(page), page",1,0,1
num_possible_cpus() > MPIC_MAX_CPUS,1,0,1
!omap_port->wk_refcount,1,0,1
"ext->oe_owner != NULL, ext",1,0,1
assoc_array_ptr_is_meta(object),1,0,1
"bpf_lookup_elem(map_fd, &key, &udp_cnt) == 0",1,0,1
!lock->ast_pending,1,0,1
!mdev->is_added,1,0,1
WORKMEM_ALIGN % CRB_ALIGN,1,0,1
blocks > UINT_MAX,1,0,1
macii_state != idle,1,0,1
sizeof(*result_buffer) > 4096,1,0,1
!ep->nr_allocated,1,0,1
list_empty(&bundle->busy_conns),1,0,1
"(int)offsetof(struct obd_dqblk, dqb_padding) == 68, ""found %lld\n"", (long long)(int)offsetof(struct obd_dqblk, dqb_padding)",1,0,1
"(int)sizeof(((struct llog_changelog_rec *)0)->cr_tail) == 8, ""found %lld\n"", (long long)(int)sizeof(((struct llog_changelog_rec *)0)->cr_tail)",1,0,1
dsr_bytes > GRU_NUM_KERNEL_DSR_BYTES,1,0,1
count > FC_HOST_NUM_ATTRS,1,0,1
path->p_tree_depth == 0,1,0,1
"(int)sizeof(((struct getinfo_fid2path *)0)->gf_linkno) == 4, ""found %lld\n"", (long long)(int)sizeof(((struct getinfo_fid2path *)0)->gf_linkno)",1,0,1
"(int)offsetof(struct mgs_target_info, mti_params) == 448, ""found %lld\n"", (long long)(int)offsetof(struct mgs_target_info, mti_params)",1,0,1
list_empty(&lp->lp_txq),1,0,1
tport != lport->prov[FC_TYPE_FCP],1,0,1
~(dev->config.bar[0] & 0xF),1,0,1
"!coda_fideq(&cii->c_fid, oldfid)",1,0,1
"(int)offsetof(struct obd_statfs, os_bsize) == 88, ""found %lld\n"", (long long)(int)offsetof(struct obd_statfs, os_bsize)",1,0,1
"(int)sizeof(((struct ptlrpc_body_v3 *)0)->pb_type) == (int)sizeof(((struct ptlrpc_body_v2 *)0)->pb_type), ""%d != %d\n"", (int)sizeof(((struct ptlrpc_body_v3 *)0)->pb_type), (int)sizeof(((struct ptlrpc_body_v2 *)0)->pb_type)",1,0,1
start < 0,1,0,1
NL80211_MAX_SUPP_HT_RATES > IEEE80211_HT_MCS_MASK_LEN * 8,1,0,1
tp->nr_lines <= tp->view.rows - 2,1,0,1
"(int)sizeof(((struct lmv_desc *)0)->ld_padding_1) == 8, ""found %lld\n"", (long long)(int)sizeof(((struct lmv_desc *)0)->ld_padding_1)",1,0,1
!intel_pstate_kobject,1,0,1
fifo_state->dynamic_buffer != NULL,1,0,1
fibptr->done == 0,1,0,1
"VIRTIO_PCI_CAP_OFFSET != offsetof(struct virtio_pci_cap, offset)",1,0,1
!policy->cur,1,0,1
event >= PHY_NUM_EVENTS,1,0,1
sig == -1,1,0,1
rtc_tm->tm_sec,1,0,1
sizeof(pos) == sizeof(__u64),1,0,1
max_user_watches < 0,1,0,1
!(this->bbt_options & NAND_BBT_USE_FLASH),1,0,1
MODULES_VADDR - __START_KERNEL_map < KERNEL_IMAGE_SIZE,1,0,1
"peer_device->device, sector == bio->bi_iter.bi_sector",1,0,1
list_empty(&whc->async_list),1,0,1
(hyp_idmap_start ^ (hyp_idmap_end - 1)) & PAGE_MASK,1,0,1
ioctx->ch != ch,1,0,1
lp->free + lp->dirty >= c->dead_wm,1,0,1
stream_id >= VMW_MAX_NUM_STREAMS,1,0,1
atomic_read(&pd->cdrw.pending_bios) <= 0,1,0,1
"sdp, tr->tr_alloced",1,0,1
"(int)offsetof(struct obd_dqblk, dqb_curspace) == 16, ""found %lld\n"", (long long)(int)offsetof(struct obd_dqblk, dqb_curspace)",1,0,1
"(int)sizeof(((struct llogd_body *)0)->lgd_saved_index) == 4, ""found %lld\n"", (long long)(int)sizeof(((struct llogd_body *)0)->lgd_saved_index)",1,0,1
ARRAY_SIZE(efx->rx_indir_table) != MC_CMD_RSS_CONTEXT_SET_TABLE_IN_INDIRECTION_TABLE_LEN,1,0,1
info->channel >= RME9652_NCHANNELS,1,0,1
!jbd2_revoke_table_cache,1,0,1
sizeof(struct usb_req_read_regs) + USB_MAX_IOREAD16_COUNT * sizeof(__le16) > sizeof(usb->req_buf),1,0,1
num_ops > CEPH_OSD_MAX_OP,1,0,1
entropylen > sizeof(entropy),1,0,1
opg->ops_submitter != NULL,1,0,1
"(int)sizeof(((struct quota_body *)0)->qb_flags) == 4, ""found %lld\n"", (long long)(int)sizeof(((struct quota_body *)0)->qb_flags)",1,0,1
list_empty(&entry->log_list),1,0,1
size % 8,1,0,1
"MDS_OPEN_LOCK == 004000000000UL, ""found 0%.11oUL\n"", MDS_OPEN_LOCK",1,0,1
"(int)offsetof(struct mdt_body, aclsize) == 152, ""found %lld\n"", (long long)(int)offsetof(struct mdt_body, aclsize)",1,0,1
"(int)sizeof(((struct ldlm_gl_lquota_desc *)0)->gl_flags) == 8, ""found %lld\n"", (long long)(int)sizeof(((struct ldlm_gl_lquota_desc *)0)->gl_flags)",1,0,1
"0, tmp, EXTSTR, EXTPARA(ext)",1,0,1
!uv_gpa_in_mmr_space(src_gpa),1,0,1
!kq || !buffer_ptr,1,0,1
!extent_op || !extent_op->update_flags,1,0,1
zpci_iomap_start[idx].fh != zdev->fh || zpci_iomap_start[idx].bar != bar,1,0,1
list_empty(&ptl->ptl_msg_delayed),1,0,1
!locked_page,1,0,1
&eco->eo_hdr == luh2coh(loh),1,0,1
ols->ols_lock == NULL,1,0,1
"(int)sizeof(((struct mdt_rec_setattr *)0)->sa_padding_3) == 4, ""found %lld\n"", (long long)(int)sizeof(((struct mdt_rec_setattr *)0)->sa_padding_3)",1,0,1
gop - queue->tx_unmap_ops >= MAX_PENDING_REQS,1,0,1
"(int)sizeof(((struct obdo *)0)->o_gid_h) == 4, ""found %lld\n"", (long long)(int)sizeof(((struct obdo *)0)->o_gid_h)",1,0,1
ctx->cc_ops->validate,1,0,1
cqr->refers == NULL || cqr->function == NULL,1,0,1
&blkcg->lock,1,0,1
"OBD_BRW_READ == 0x01, ""found 0x%.8x\n"", OBD_BRW_READ",1,0,1
atomic_read(&loghandle->lgh_refcount) > 0,1,0,1
*p + 1 + sizeof(ino) + sizeof(len) + len > end,1,0,1
!mutex_is_locked(&c->tnc_mutex),1,0,1
"(int)sizeof(struct mdt_ioepoch) == 24, ""found %lld\n"", (long long)(int)sizeof(struct mdt_ioepoch)",1,0,1
(char *)&atomic_add32 - (char *)&fixed_code_start != ATOMIC_ADD32 - FIXED_CODE_START,1,0,1
img_request_write_test(img_request) || img_request_discard_test(img_request),1,0,1
!lhs_cell->holder,1,0,1
HF_GUEST_MASK != X86EMUL_GUEST_MASK,1,0,1
"MDS_HSM_REQUEST == 58, ""found %lld\n"", (long long)MDS_HSM_REQUEST",1,0,1
"CFS_RMTACL_PERM == 0x00000008UL, ""found 0x%.8xUL\n"", (unsigned)CFS_RMTACL_PERM",1,0,1
CCP_XTS_AES_KEY_KSB_COUNT != 1,1,0,1
"!IS_ALIGNED(sizes[area], align)",1,0,1
!list_empty(&atchan->queue),1,0,1
"(int)sizeof(((struct mdt_rec_unlink *)0)->ul_suppgid2_h) == 4, ""found %lld\n"", (long long)(int)sizeof(((struct mdt_rec_unlink *)0)->ul_suppgid2_h)",1,0,1
"(int)offsetof(struct ost_lvb, lvb_ctime_ns) == 48, ""found %lld\n"", (long long)(int)offsetof(struct ost_lvb, lvb_ctime_ns)",1,0,1
"offsetof(struct hsm_user_import, hui_size) == 0, ""found %lld\n"", (long long)offsetof(struct hsm_user_import, hui_size)",1,0,1
g->p.mb_proc < 0,1,0,1
"tsap == self, return -1;",1,0,1
list_empty(prio_list),1,0,1
vmpage->private == 0,1,0,1
riov.used == RINGSIZE * USER_MEM/4,1,0,1
shift > 0,1,0,1
s_blkno == t_blkno,1,0,1
!r->len,1,0,1
obj_request->which == img_request->obj_request_count,1,0,1
lockspace != p->header.h_lockspace,1,0,1
VL_ARB_TABLE_SIZE != VL_ARB_LOW_PRIO_TABLE_SIZE,1,0,1
"self->sibling[0].system_tid, ret",1,0,1
"0, tracer_pid",1,0,1
"(int)sizeof(((struct ptlrpc_body_v3 *)0)->pb_type) == 4, ""found %lld\n"", (long long)(int)sizeof(((struct ptlrpc_body_v3 *)0)->pb_type)",1,0,1
"device, device->vnr == volume",1,0,1
epoch_close,1,0,1
"!(remote && rw == WRITE && drbd_test_flag(mdev, CREATE_BARRIER))",1,0,1
"(int)sizeof(((struct hsm_current_action *)0)->hca_location) == 16, ""found %lld\n"", (long long)(int)sizeof(((struct hsm_current_action *)0)->hca_location)",1,0,1
bytes < sizeof(int) || bytes > 2 * GRU_CACHE_LINE_BYTES,1,0,1
"OBJ_DESTROY == 2, ""found %lld\n"", (long long)OBJ_DESTROY",1,0,1
IEEE80211_CCMP_PN_LEN != IEEE80211_GCMP_PN_LEN,1,0,1
cpu_end > loaf->cpu_base + loaf->length,1,0,1
"(int)sizeof(((struct llog_gen_rec *)0)->lgr_hdr) == 16, ""found %lld\n"", (long long)(int)sizeof(((struct llog_gen_rec *)0)->lgr_hdr)",1,0,1
ns->ns_nr_unused >= 0,1,0,1
"""Incorrect number of callchain entry"", c < expected_callchain[i].nr",1,0,1
"(int)offsetof(struct ptlrpc_body_v3, pb_op_flags) == 60, ""found %lld\n"", (long long)(int)offsetof(struct ptlrpc_body_v3, pb_op_flags)",1,0,1
!g_chip,1,0,1
list_empty(&osc->oo_rpc_exts),1,0,1
"(int)offsetof(struct niobuf_remote, flags) == 12, ""found %lld\n"", (long long)(int)offsetof(struct niobuf_remote, flags)",1,0,1
!list_empty(&hdev->mgmt_pending),1,0,1
"device, dp_flags & DP_FLUSH",1,0,1
"(int)offsetof(struct getinfo_fid2path, gf_path[0]) == 32, ""found %lld\n"", (long long)(int)offsetof(struct getinfo_fid2path, gf_path[0])",1,0,1
*dirty_space_offset & (1L << index),1,0,1
c->bi.idx_growth == 0,1,0,1
!rpl_skb,1,0,1
!__mb_cache_entry_is_block_hashed(ce),1,0,1
bd->remainder < len,1,0,1
"!memcmp(&old, &epoch->handle, sizeof(old))",1,0,1
to > 0,1,0,1
riov.used == 7,1,0,1
"urb == self->tx_urb, return;",1,0,1
"""wrong bp_len"", HW_BREAKPOINT_LEN_1 == evsel->attr.bp_len",1,0,1
"etr_steai(aib, func) != 0",1,0,1
lov->lo_owner == NULL,1,0,1
!inode->i_sb->dq_op->get_reserved_space,1,0,1
"strchr(fs->name, '.')",1,0,1
"(int)sizeof(((struct mdt_body *)0)->size) == 8, ""found %lld\n"", (long long)(int)sizeof(((struct mdt_body *)0)->size)",1,0,1
"(void *) key_ptr(n, shift) >= value_ptr(n, shift)",1,0,1
osc != NULL,1,0,1
"(int)sizeof(struct ll_fiemap_info_key) == 248, ""found %lld\n"", (long long)(int)sizeof(struct ll_fiemap_info_key)",1,0,1
lprops->free == c->leb_size,1,0,1
CRYPTO_TFM_REQ_MASK & CRYPTO_ALG_ASYNC,1,0,1
VMW_MAX_VIEW_BINDINGS < SVGA3D_RT_MAX,1,0,1
!(flags & (RENAME_NOREPLACE | RENAME_EXCHANGE)),1,0,1
ARRAY_SIZE(mem_cgroup_stat_names) != MEM_CGROUP_STAT_NSTATS,1,0,1
"offsetof(typeof(*rr), rr_padding_4) != 0",1,0,1
etr_stetr(&aib) != 0,1,0,1
"skb->mark, ==, RXRPC_SKB_MARK_DATA",1,0,1
"OBD_BRW_CHECK == 0x10, ""found 0x%.8x\n"", OBD_BRW_CHECK",1,0,1
!(basechain->flags & NFT_BASECHAIN_DISABLED),1,0,1
data == olck,1,0,1
mode,1,0,1
index && !item->element_size,1,0,1
"""Invalid hist entry"", !strcmp(COMM(he), ""perf"") && !strcmp(DSO(he), ""perf"") && he->stat.period == 300",1,0,1
!import_cachep,1,0,1
atomic_read(&ctxt->loc_refcount) > 1,1,0,1
ceph_osd_request_cache,1,0,1
"flow == FLOW_START, return;",1,0,1
mp_irqdomain_create(ioapic),1,0,1
OBD_FL_DELORPHAN == 0x00000004,1,0,1
isdir != S_ISDIR(new_inode->i_mode),1,0,1
"(int)sizeof(((struct mdt_rec_reint *)0)->rr_fsgid) == 4, ""found %lld\n"", (long long)(int)sizeof(((struct mdt_rec_reint *)0)->rr_fsgid)",1,0,1
IPSTATS_MIB_ECT1PKTS != IPSTATS_MIB_NOECTPKTS + INET_ECN_ECT_1,1,0,1
rs->rs_svcpt == svcpt,1,0,1
LQUOTA_RES_MD == 1,1,0,1
coffset < (export)->exp_obd->obd_stats->ls_num,1,0,1
lip->li_cb != NULL,1,0,1
"test_bit(FR_BACKGROUND, &req->flags)",1,0,1
atomic_inc_return(&evt->free) != 1,1,0,1
dev_state->pasid_levels != 0,1,0,1
"F2FS_P_SB(page), F2FS_P_SB(page)->active_logs != NR_CURSEG_TYPE",1,0,1
sizeof(struct sock_filter) != sizeof(struct bpf_insn),1,0,1
"i > left->p_tree_depth, ""Owner %llu, left depth %u, right depth %u\n"" ""left leaf blk %llu, right leaf blk %llu\n"", (unsigned long long)ocfs2_metadata_cache_owner(et->et_ci), left->p_tree_depth, right->p_tree_depth, (unsigned long long)path_leaf_bh(left)->b_blocknr, (unsigned long long)path_leaf_bh(right)->b_blocknr",1,0,1
BGMAC_PA_DATA_MASK != BCMA_GMAC_CMN_PA_DATA_MASK,1,0,1
"bset_byte_offset(b, t->data) + __set_bytes(t->data, t->data->keys + bkey_u64s(insert)) > PAGE_SIZE << b->page_order",1,0,1
total_locks > mres_total_locks,1,0,1
"(int)sizeof(((struct update *)0)->u_lens) == 32, ""found %lld\n"", (long long)(int)sizeof(((struct update *)0)->u_lens)",1,0,1
ch_sn2->next_msg_to_pull >= ch_sn2->w_remote_GP.put,1,0,1
INTEL_INFO(dev)->gen >= 5,1,0,1
"dma_has_cap(DMA_INTERLEAVE, device->cap_mask) && !device->device_prep_interleaved_dma",1,0,1
"sdp, qd->qd_bh_count",1,0,1
"new->mapping, new",1,0,1
ret != 0 || bo->mem.mem_type != old_mem_type,1,0,1
(u32)sel->clk_index >= sel->parent_count,1,0,1
!spin_is_locked(&ctx->fault_pending_wqh.lock),1,0,1
lck->lls_nr_filled > 0,1,0,1
"GFS2_SB(&ip->i_inode), change",1,0,1
!chip || !chip->irq_mask || !chip->irq_unmask,1,0,1
list_empty(&local->services),1,0,1
ext->oe_state == OES_RPC,1,0,1
page && page->index != idx,1,0,1
twopi > 1 << 18,1,0,1
"(int)sizeof(((struct ptlrpc_body_v3 *)0)->pb_transno) == 8, ""found %lld\n"", (long long)(int)sizeof(((struct ptlrpc_body_v3 *)0)->pb_transno)",1,0,1
"(int)offsetof(struct llogd_body, lgd_saved_index) == 32, ""found %lld\n"", (long long)(int)offsetof(struct llogd_body, lgd_saved_index)",1,0,1
!list_empty(&tcd->tcd_pages),1,0,1
kvm->vcpus[atomic_read(&kvm->online_vcpus)],1,0,1
nr_left + shift > le32_to_cpu(left->header.max_entries),1,0,1
"(int)offsetof(struct llog_gen_rec, lgr_gen) == 16, ""found %lld\n"", (long long)(int)offsetof(struct llog_gen_rec, lgr_gen)",1,0,1
wl->num_tx_desc > WLCORE_MAX_TX_DESCRIPTORS,1,0,1
event_data->filename == NULL && event_data->file == NULL,1,0,1
dst_addr >= dst_start + len,1,0,1
!ref->wanted_disk_byte,1,0,1
page_pools.epp_total_pages == page_pools.epp_free_pages,1,0,1
chunk->nr >= CHUNK_SIZE,1,0,1
drv_data->sw_rst,1,0,1
(sleep == NULL) || (idle == NULL),1,0,1
"(int)offsetof(struct llogd_body, lgd_len) == 36, ""found %lld\n"", (long long)(int)offsetof(struct llogd_body, lgd_len)",1,0,1
!(lidp->lid_item->li_type == XFS_LI_EFD),1,0,1
ctxt->loc_obd == obd,1,0,1
!(lock_mode & XFS_ILOCK_EXCL),1,0,1
start & ~huge_page_mask(h),1,0,1
"atomic_read(&afs_outstanding_skbs), ==, 0",1,0,1
tmp != vb,1,0,1
atomic_read(&lsi->lsi_mounts) == 0,1,0,1
rlen == msg->msg_len,1,0,1
!na->name,1,0,1
smmu_group->domain != smmu_domain,1,0,1
!(mode & BIT(19)),1,0,1
sizeof(struct topa) > PAGE_SIZE,1,0,1
"(int)sizeof(((posix_acl_xattr_entry *)0)->e_id) == 4, ""found %lld\n"", (long long)(int)sizeof(((posix_acl_xattr_entry *)0)->e_id)",1,0,1
slot == conf->copies,1,0,1
!IS_MODULE(CONFIG_ND_BTT),1,0,1
"(int)sizeof(((struct mdt_rec_setxattr *)0)->sx_padding_5) == 8, ""found %lld\n"", (long long)(int)sizeof(((struct mdt_rec_setxattr *)0)->sx_padding_5)",1,0,1
"(int)sizeof(((struct mdt_rec_rename *)0)->rn_fid1) == 16, ""found %lld\n"", (long long)(int)sizeof(((struct mdt_rec_rename *)0)->rn_fid1)",1,0,1
"sh->qd_idx >= 0 && !test_bit(R5_UPTODATE, &sh->dev[sh->qd_idx].flags) && !test_bit(R5_Discard, &sh->dev[sh->qd_idx].flags)",1,0,1
the_lnet.ln_remote_nets_hash == NULL,1,0,1
"MDS_ATTR_MODE == 0x0000000000000001ULL, ""found 0x%.16llxULL\n"", (long long)MDS_ATTR_MODE",1,0,1
FIEMAP_FLAG_DEVICE_ORDER == 0x40000000,1,0,1
!(__file->f_op = (fops)),1,0,1
"sbi, inode->i_blocks < count",1,0,1
phy_layer->id == phyid,1,0,1
!atomic_read(&eb->refs),1,0,1
req->rq_reqbuf_len == pool->prp_rq_size,1,0,1
"MDS_ATTR_ATTR_FLAG == 0x0000000000000400ULL, ""found 0x%.16llxULL\n"", (long long)MDS_ATTR_ATTR_FLAG",1,0,1
sizeof(struct illinois) > ICSK_CA_PRIV_SIZE,1,0,1
ubifs_inode(inode)->ui_size == inode->i_size,1,0,1
!(sysreg_read(SR) & SYSREG_BIT(SR_D)),1,0,1
ext->oe_intree == 0,1,0,1
"OBD_MD_FLEASIZE == (0x00020000ULL), ""found 0x%.16llxULL\n"", OBD_MD_FLEASIZE",1,0,1
ARRAY_SIZE(fnic->msix_entry) < n + m + o + 1,1,0,1
"OBD_MD_FLMTIME == (0x00000004ULL), ""found 0x%.16llxULL\n"", OBD_MD_FLMTIME",1,0,1
waitqueue_active(&page_pools.epp_waitq),1,0,1
OST_SZ_REC == 274730752,1,0,1
vring.desc[1].addr == (unsigned long)(d+2),1,0,1
tgt_cnt > snic->fwinfo.max_tgts,1,0,1
"request_resource(&iomem_resource, res_io) || request_resource(&iomem_resource, res_mem)",1,0,1
source == NULL || sink == NULL,1,0,1
"(int)sizeof(((struct lustre_msg_v2 *)0)->lm_buflens[0]) == 4, ""found %lld\n"", (long long)(int)sizeof(((struct lustre_msg_v2 *)0)->lm_buflens[0])",1,0,1
"MDS_OPEN_CREATED == 000000000010UL, ""found 0%.11oUL\n"", MDS_OPEN_CREATED",1,0,1
"MSG_CONNECT_LIBCLIENT == 0x00000010UL, ""found 0x%.8xUL\n"", (unsigned)MSG_CONNECT_LIBCLIENT",1,0,1
"(ext->oe_start & ~chunk_mask) == 0, ext",1,0,1
"""Invalid hist entry"", !strcmp(COMM(he), ""bash"") && !strcmp(DSO(he), ""[kernel]"") && he->stat.period == 100",1,0,1
lock->l_resource != LP_POISON,1,0,1
vaddr != (unsigned long)GHES_IOREMAP_IRQ_PAGE(base),1,0,1
IS_PO2(mode),1,0,1
new_data_size < sle64_to_cpu(a->data.non_resident.data_size),1,0,1
exp->exp_flvr_adapt == 1,1,0,1
"OST_WRITE == 4, ""found %lld\n"", (long long)OST_WRITE",1,0,1
FIEMAP_FLAG_XATTR == 0x00000002,1,0,1
"call->rx_data_post, >=, call->rx_data_recv",1,0,1
!card || !numid,1,0,1
!irq_data,1,0,1
!getmsg->msg_routing,1,0,1
info->gd != NULL,1,0,1
osd_req == obj_request->osd_req,1,0,1
cipher_ctx.current_src == src_dma,1,0,1
rset->srs_nslot || (rset->srs_nrule == 0 && rset->srs_rules == NULL),1,0,1
"(int)sizeof(((struct obdo *)0)->o_mode) == 4, ""found %lld\n"", (long long)(int)sizeof(((struct obdo *)0)->o_mode)",1,0,1
!osb->s_sectsize_bits,1,0,1
"OST_GET_INFO == 7, ""found %lld\n"", (long long)OST_GET_INFO",1,0,1
"offsetof(typeof(*ocd), paddingF) != 0",1,0,1
"(int)offsetof(struct mdt_rec_link, lk_fid1) == 40, ""found %lld\n"", (long long)(int)offsetof(struct mdt_rec_link, lk_fid1)",1,0,1
SUPPORTED_1000baseT_Full != ADVERTISED_1000baseT_Full,1,0,1
BLK_MQ_MAX_DEPTH > 1 << BLK_MQ_UNIQUE_TAG_BITS,1,0,1
le64_to_cpu(dent->ch.sqnum) > ubifs_inode(dir)->creat_sqnum,1,0,1
"0, page_size",1,0,1
"dlm, node",1,0,1
++me->arch.got_count > me->arch.got_max,1,0,1
!rate_mhz,1,0,1
rl->lcn != LCN_HOLE,1,0,1
new_init_size > ni->allocated_size,1,0,1
instance,1,0,1
"offsetof(typeof(flow->addrs), v6addrs.dst) != offsetof(typeof(flow->addrs), v6addrs.src) + sizeof(flow->addrs.v6addrs.src)",1,0,1
MAX_LEDS < 4,1,0,1
HF_SMM_MASK != X86EMUL_SMM_MASK,1,0,1
EXT4_I(inode)->i_es_shk_nr == 0,1,0,1
!emu->hw || emu->max_voices <= 0,1,0,1
recycle_inuse,1,0,1
q_completed,1,0,1
*lsmp != NULL,1,0,1
seq->read_count < 0,1,0,1
"offsetof(struct can_frame, can_dlc) != offsetof(struct canfd_frame, len) || offsetof(struct can_frame, data) != offsetof(struct canfd_frame, data)",1,0,1
page_size >= 28,1,0,1
max == NULL,1,0,1
(ARRAY_SIZE(snic->wq) + SNIC_CQ_IO_CMPL_MAX) > ARRAY_SIZE(snic->intr),1,0,1
&tt_global_entry->list_lock,1,0,1
"rcu_read_lock_sched_held() || lockdep_is_held(&mce_chrdev_read_mutex), ""suspicious mce_log_get_idx_check() usage""",1,0,1
i >= 0 && i < bk->bk_niov,1,0,1
list_empty(&bundle->unused_conns),1,0,1
ret != nr_pages,1,0,1
"peer_device, rw & REQ_DISCARD",1,0,1
"OBD_CONNECT_64BITHASH == 0x4000000000ULL, ""found 0x%.16llxULL\n"", OBD_CONNECT_64BITHASH",1,0,1
"bytes_to_bpf_size(FIELD_SIZEOF(struct sk_buff, dev)) < 0",1,0,1
list_empty(&vnode->writebacks),1,0,1
lock->ml.highest_blocked == LKM_NLMODE,1,0,1
!((value & ~0x000F) == 0x0000),1,0,1
mutex_is_locked(&wbuf->io_mutex),1,0,1
"(int)sizeof(((struct idx_info *)0)->ii_magic) == 4, ""found %lld\n"", (long long)(int)sizeof(((struct idx_info *)0)->ii_magic)",1,0,1
!block_group->ro,1,0,1
sc_level > shortcut->skip_to_level,1,0,1
TS_COMM_LEN < TASK_COMM_LEN,1,0,1
!rc->block_group,1,0,1
!atomic_read(&eb->read_locks),1,0,1
src->name_len > sizeof(dest->name),1,0,1
&np->hwstats_lock,1,0,1
pos + tmp > to || tmp > bsize,1,0,1
port->tx_bufs[txi].skb,1,0,1
PageCompound(page+i),1,0,1
!cxd,1,0,1
dev->dev.platform_data == NULL,1,0,1
head == info->tail,1,0,1
fscache_object_is_available(parent),1,0,1
"(int)sizeof(((struct obd_statfs *)0)->os_bavail) == 8, ""found %lld\n"", (long long)(int)sizeof(((struct obd_statfs *)0)->os_bavail)",1,0,1
atomic_read(&fsn_mark->refcnt) < 2,1,0,1
"(int)sizeof(((struct quota_body *)0)->qb_slv_ver) == 8, ""found %lld\n"", (long long)(int)sizeof(((struct quota_body *)0)->qb_slv_ver)",1,0,1
lock_mode & (XFS_IOLOCK_EXCL | XFS_MMAPLOCK_EXCL | XFS_ILOCK_EXCL),1,0,1
action == HNAE_AE_REGISTER,1,0,1
started <= bufs,1,0,1
!dbgdev || !dbgdev->pqm || !dbgdev->dev,1,0,1
c->ohead_offs == 0,1,0,1
!card || !name,1,0,1
found_key,1,0,1
"(int)sizeof(((struct obd_statfs *)0)->os_spare3) == 4, ""found %lld\n"", (long long)(int)sizeof(((struct obd_statfs *)0)->os_spare3)",1,0,1
page_mapcount(page),1,0,1
(pll0 & 3) || (pll0 > BCMA_CC_PMU4716_MAINPLL_PLL0),1,0,1
"(int)sizeof(((struct mdt_rec_rename *)0)->rn_padding_2) == 8, ""found %lld\n"", (long long)(int)sizeof(((struct mdt_rec_rename *)0)->rn_padding_2)",1,0,1
"notify != NULL, return NULL;",1,0,1
"(int)offsetof(struct mdt_rec_setxattr, sx_padding_6) == 96, ""found %lld\n"", (long long)(int)offsetof(struct mdt_rec_setxattr, sx_padding_6)",1,0,1
B43_TAB_NOISESCALE_SIZE != ARRAY_SIZE(b43_tab_noisescalea2),1,0,1
intlv_en > 7,1,0,1
end > frag_last(&f->fragtree)->ofs + frag_last(&f->fragtree)->size,1,0,1
nfcwilink_proto.write == NULL,1,0,1
"""is_kernel_module"", (!!is_kernel_module(path, cpumode)) == (!!expect)",1,0,1
mvebu_sc->resume_boot_addr == 0,1,0,1
block > EXT4_MAX_BLOCK_FILE_PHYS,1,0,1
"list_empty(&sh->lru) && !test_bit(STRIPE_EXPANDING, &sh->state)",1,0,1
!map.rm.size,1,0,1
page->cp_obj != NULL,1,0,1
"offsetof(struct cfusbl, layer) == 0",1,0,1
"(int)sizeof(((struct hsm_copy *)0)->hc_flags) == 2, ""found %lld\n"", (long long)(int)sizeof(((struct hsm_copy *)0)->hc_flags)",1,0,1
"XFS_LSN_CMP(atomic64_read(&log->l_last_sync_lsn), be64_to_cpu(iclog->ic_header.h_lsn)) <= 0",1,0,1
(unsigned long)((p1) + 1) != (unsigned long)(p2),1,0,1
"(int)sizeof(((struct lmv_stripe_md *)0)->mea_count) == 4, ""found %lld\n"", (long long)(int)sizeof(((struct lmv_stripe_md *)0)->mea_count)",1,0,1
slice->cls_lock->cll_state == CLS_FREEING,1,0,1
alt->alt_len != alt->orig_len,1,0,1
x->ealg && x->calg,1,0,1
pfn != pte_pfn(*ptep),1,0,1
atomic_read(&transaction->t_updates) == 0,1,0,1
"(int)sizeof(((struct mdt_rec_unlink *)0)->ul_padding_2) == 8, ""found %lld\n"", (long long)(int)sizeof(((struct mdt_rec_unlink *)0)->ul_padding_2)",1,0,1
mm->task_size == 0,1,0,1
"(int)offsetof(struct ldlm_reply, lock_policy_res1) == 96, ""found %lld\n"", (long long)(int)offsetof(struct ldlm_reply, lock_policy_res1)",1,0,1
"value->len <= 1024, return;",1,0,1
"(int)offsetof(struct llog_setattr64_rec, lsr_uid_h) == 36, ""found %lld\n"", (long long)(int)offsetof(struct llog_setattr64_rec, lsr_uid_h)",1,0,1
pa->pa_obj_lock != &ei->i_prealloc_lock,1,0,1
list_empty(&md->md_list),1,0,1
clk_prepare_enable(pclk),1,0,1
B43_TAB_SIGMASQR_SIZE != ARRAY_SIZE(b43_tab_sigmasqr1),1,0,1
"(int)sizeof(((struct mdt_body *)0)->unused2) == 4, ""found %lld\n"", (long long)(int)sizeof(((struct mdt_body *)0)->unused2)",1,0,1
"ergo(result != 0, list_empty(&queue->c2_qout.pl_pages))",1,0,1
*new_len != new_flen,1,0,1
atomic_read(&anchor->csi_sync_nr) > 0,1,0,1
recursive && !parent,1,0,1
tb_type != PS3_LPM_TB_TYPE_NONE && tb_type != PS3_LPM_TB_TYPE_INTERNAL,1,0,1
"(int)sizeof(((struct ptlrpc_body_v3 *)0)->pb_handle) == 8, ""found %lld\n"", (long long)(int)sizeof(((struct ptlrpc_body_v3 *)0)->pb_handle)",1,0,1
sk->sk_state == CAIF_DISCONNECTED,1,0,1
from->legacy_hw_ctx.rcs_state == NULL,1,0,1
mds != NULL,1,0,1
th->t_refcount < 2,1,0,1
mle->type == DLM_MLE_MIGRATION,1,0,1
"(int)sizeof(((struct mgs_target_info *)0)->mti_config_ver) == 4, ""found %lld\n"", (long long)(int)sizeof(((struct mgs_target_info *)0)->mti_config_ver)",1,0,1
i >= concat->num_subdev,1,0,1
nblocks <= bmp->db_mapsize - blkno,1,0,1
len > pglen,1,0,1
size != sizeof(*entry1),1,0,1
bp->l_wqnext == NULL,1,0,1
target_left > max_entries,1,0,1
num_doubles != 0,1,0,1
RB_EMPTY_NODE(&info->offset_index),1,0,1
!priv->state_off && (priv->state == PRV_STATE_OFF),1,0,1
"OBD_CONNECT_TRANSNO == 0x800ULL, ""found 0x%.16llxULL\n"", OBD_CONNECT_TRANSNO",1,0,1
UBIFS_MST_NODE_SZ != 512,1,0,1
!IS_ERR_OR_NULL(parent),1,0,1
"(int)offsetof(struct getinfo_fid2path, gf_fid) == 0, ""found %lld\n"", (long long)(int)offsetof(struct getinfo_fid2path, gf_fid)",1,0,1
agbno % mp->m_sb.sb_spino_align == 0,1,0,1
scb->sub_list_ptr != ins->the_null_scb || scb->next_scb_ptr != ins->the_null_scb,1,0,1
"le64_to_cpu(fe->i_size) != i_size_read(inode), ""Inode %llu, inode i_size = %lld != di "" ""i_size = %llu, i_flags = 0x%x\n"", (unsigned long long)OCFS2_I(inode)->ip_blkno, i_size_read(inode), (unsigned long long)le64_to_cpu(fe->i_size), le32_to_cpu(fe->i_flags)",1,0,1
p->ipr_idx >= desc->nr_offsets,1,0,1
(seq != NULL) && (dentry != NULL),1,0,1
ext4_pspace_cachep == NULL,1,0,1
lov->lov_cache == NULL,1,0,1
input,1,0,1
"((offsetof(struct sym_reg, nc_scntl3) ^ offsetof(struct sym_tcb, head.wval)) &3) == 0",1,0,1
"!r->res_recover_locks_count, dlm_dump_rsb(r);",1,0,1
"(int)sizeof(((struct llog_cookie *)0)->lgc_index) == 4, ""found %lld\n"", (long long)(int)sizeof(((struct llog_cookie *)0)->lgc_index)",1,0,1
in->len < drbg_blocklen(drbg),1,0,1
sp != 0,1,0,1
oi->ip_dyn_features & OCFS2_INLINE_DATA_FL,1,0,1
sizeof(struct hsr_tag) != HSR_HLEN,1,0,1
length <= ARRAY_SIZE(rx->fragment),1,0,1
segment < msg->lm_bufcount,1,0,1
!list_empty(&jl->j_tail_bh_list),1,0,1
sizeof(struct tb_regs_hop) != 2 * 4,1,0,1
"(int)offsetof(struct mdt_rec_setattr, sa_blocks) == 80, ""found %lld\n"", (long long)(int)offsetof(struct mdt_rec_setattr, sa_blocks)",1,0,1
!ins->record_mixer_scb,1,0,1
k >= max,1,0,1
"GFS2_SB(inode), (change >= 0 || inode->i_blocks > -change)",1,0,1
"test_bit(DIRTY_CNODE, &pnode->flags)",1,0,1
"(int)offsetof(struct ptlrpc_body_v3, pb_service_time) == (int)offsetof(struct ptlrpc_body_v2, pb_service_time), ""%d != %d\n"", (int)offsetof(struct ptlrpc_body_v3, pb_service_time), (int)offsetof(struct ptlrpc_body_v2, pb_service_time)",1,0,1
"(int)sizeof(((struct mdt_rec_rename *)0)->rn_suppgid2_h) == 4, ""found %lld\n"", (long long)(int)sizeof(((struct mdt_rec_rename *)0)->rn_suppgid2_h)",1,0,1
"ergo(lvb_len != 0, lvb_len == lock->l_lvb_len), ""lvb_len = %d, l_lvb_len = %d\n"", lvb_len, lock->l_lvb_len",1,0,1
sizeof(cdev->keycode) < sizeof(keycode_kore),1,0,1
size %2,1,0,1
PAGE_SIZE < pref_bias_clear_store,1,0,1
(len % SHA1_BLOCK_SIZE) == 0,1,0,1
(status & ST_MASK) == ST_CMD || (status & ST_MASK) == ST_IDLE,1,0,1
"(int)offsetof(struct quota_body, qb_lockh) == 64, ""found %lld\n"", (long long)(int)offsetof(struct quota_body, qb_lockh)",1,0,1
len < c->leb_size,1,0,1
"0, uname(&utsbuf)",1,0,1
(u_long)p != (u_long)&scrh->done_queue+sizeof(scrh->done_queue),1,0,1
memcg->kmem_acct_activated,1,0,1
"(int)offsetof(struct llog_catid, lci_padding1) == 20, ""found %lld\n"", (long long)(int)offsetof(struct llog_catid, lci_padding1)",1,0,1
"(int)sizeof(((struct lquota_glb_rec *)0)->qbr_hardlimit) == 8, ""found %lld\n"", (long long)(int)sizeof(((struct lquota_glb_rec *)0)->qbr_hardlimit)",1,0,1
disk_block_cnt > 0xffff,1,0,1
cpos < heap->cnt,1,0,1
!zfcp_reqlist_isempty(rl),1,0,1
cfg->vector == IRQ_VECTOR_UNASSIGNED,1,0,1
lmd,1,0,1
"OST_CONNECT == 8, ""found %lld\n"", (long long)OST_CONNECT",1,0,1
sizeof(union vmw_view_destroy) != sizeof(u32),1,0,1
"offsetof(typeof(*ocd), padding9) != 0",1,0,1
list_empty(&osc->oo_urgent_exts),1,0,1
msgindex < 0 || msgindex >= RTM_NR_MSGTYPES,1,0,1
"OBD_CONNECT_IBITS == 0x1000ULL, ""found 0x%.16llxULL\n"", OBD_CONNECT_IBITS",1,0,1
gh->gh_owner_pid == NULL,1,0,1
"cl_page_is_owned(page, io) || page->cp_parent != NULL",1,0,1
lock->cll_conflict != NULL,1,0,1
host->state == HST_PORT_SCAN,1,0,1
pgd_index(VMALLOC_END - PAGE_SIZE) != pgd_index(VMALLOC_START),1,0,1
"(int)offsetof(struct ldlm_request, lock_count) == 4, ""found %lld\n"", (long long)(int)offsetof(struct ldlm_request, lock_count)",1,0,1
rw == OBD_BRW_WRITE || rw == OBD_BRW_READ,1,0,1
"newlen <= len, ""%s:%s, oldlen=%d, newlen=%d\n"", fmt->rf_name, field->rmf_name, len, newlen",1,0,1
tcp_register_congestion_control(&tcp_reno) != 0,1,0,1
e4b->bd_info->bb_fragments == fragments,1,0,1
"parent->n_obj_ops, >, 0",1,0,1
reg->i_len % sizeof(__int32_t) == 0,1,0,1
"(int)sizeof(((struct llog_log_hdr *)0)->llh_reserved) == 4, ""found %lld\n"", (long long)(int)sizeof(((struct llog_log_hdr *)0)->llh_reserved)",1,0,1
level >= ARRAY_SIZE(ks->keys),1,0,1
num_stripes == 0,1,0,1
FIEMAP_EXTENT_DATA_TAIL == 0x00000400,1,0,1
&ctx1->lock,1,0,1
"__native_word(t), ""Need native word sized stores/loads for atomicity.""",1,0,1
"offsetof(struct vringh_kiov, used) != offsetof(struct vringh_iov, used)",1,0,1
IS_ERR(timer_clk),1,0,1
MC_CMD_GET_BOARD_CFG_OUT_MAC_ADDR_BASE_PORT1_OFST & 1,1,0,1
"(int)offsetof(struct hsm_current_action, hca_location) == 8, ""found %lld\n"", (long long)(int)offsetof(struct hsm_current_action, hca_location)",1,0,1
len > BTE_MAX_XFER,1,0,1
"bpf_delete_elem(map_fd, &key) == -1 && errno == EINVAL",1,0,1
"(int)offsetof(struct lustre_capa_key, lk_key[56]) == 72, ""found %lld\n"", (long long)(int)offsetof(struct lustre_capa_key, lk_key[56])",1,0,1
list_empty(&tcp_cong_list),1,0,1
"PageLRU(page_tail), page",1,0,1
"device, sector < nr_sectors",1,0,1
dn_mark->dn,1,0,1
SVGA_3D_CMD_DX_DESTROY_SHADERRESOURCE_VIEW != SVGA_3D_CMD_DX_DEFINE_SHADERRESOURCE_VIEW + 1,1,0,1
"(int)sizeof(((struct obd_connect_data *)0)->ocd_grant) == 4, ""found %lld\n"", (long long)(int)sizeof(((struct obd_connect_data *)0)->ocd_grant)",1,0,1
"self->magic == IRCOMM_MAGIC, return -EINVAL; ",1,0,1
node_percpu[nid] < size,1,0,1
"sdp, list_empty(&tr->tr_ail1_list)",1,0,1
crq != NULL,1,0,1
"LCK_CR == 16, ""found %lld\n"", (long long)LCK_CR",1,0,1
"(int)offsetof(struct llog_changelog_user_rec, cur_hdr) == 0, ""found %lld\n"", (long long)(int)offsetof(struct llog_changelog_user_rec, cur_hdr)",1,0,1
c->need_reserved_buffers,1,0,1
target_cpu < 0 || target_cpu >= g->p.nr_cpus,1,0,1
"!virtio_has_feature(vi->vdev, VIRTIO_NET_F_CTRL_VQ)",1,0,1
"rsb_flag(r, RSB_NEW_MASTER), dlm_dump_rsb(r);",1,0,1
"sbi, sbi->total_valid_inode_count == sbi->total_node_count",1,0,1
delta == 0,1,0,1
sblock_to_check->pagev[0]->mirror_num < 1,1,0,1
"object->n_in_progress, ==, 0",1,0,1
myself.func != NULL,1,0,1
tfm->__crt_alg->cra_type != &crypto_ablkcipher_type && tfm->__crt_alg->cra_type != &crypto_givcipher_type,1,0,1
lprops->free >= min_space,1,0,1
"MSG_OP_FLAG_SHIFT == 16, ""found %lld\n"", (long long)MSG_OP_FLAG_SHIFT",1,0,1
mtd->writesize == 0,1,0,1
clock_items > (HR22_CLOCK_TYPE_MAX+1),1,0,1
"SIGTRAP | (PTRACE_EVENT_SECCOMP << 8), info.si_code",1,0,1
"obd == class_num2obd(obd->obd_minor), ""obd %p != obd_devs[%d] %p\n"", obd, obd->obd_minor, class_num2obd(obd->obd_minor)",1,0,1
be32_to_cpu(new_vh->vol_id) == av->vol_id,1,0,1
"(int)sizeof(((struct obd_connect_data *)0)->paddingD) == 8, ""found %lld\n"", (long long)(int)sizeof(((struct obd_connect_data *)0)->paddingD)",1,0,1
destroy == NULL,1,0,1
sizeof(sta->ht_cap.mcs.rx_mask) > sizeof(sta_priv->supported_rates.supported_mcs_set),1,0,1
!((alg->cra_flags & CRYPTO_ALG_TYPE_MASK) == CRYPTO_ALG_TYPE_BLKCIPHER ? alg->cra_blkcipher.ivsize : alg->cra_ablkcipher.ivsize),1,0,1
c->ohead_lnum >= c->orph_first,1,0,1
c->tot_orphans == 0,1,0,1
e < es->begin || e >= es->end,1,0,1
ES_SHIFT < 48,1,0,1
tree_root->highest_objectid <= BTRFS_LAST_FREE_OBJECTID,1,0,1
conn->ksnc_rx_state == SOCKNAL_RX_PARSE || conn->ksnc_rx_state == SOCKNAL_RX_LNET_PAYLOAD,1,0,1
(v2 && log->l_mp->m_sb.sb_logsunit > 1 && roundoff < log->l_mp->m_sb.sb_logsunit) || (log->l_mp->m_sb.sb_logsunit <= 1 && roundoff < BBTOB(1)),1,0,1
"(int)sizeof(((struct ost_lvb_v1 *)0)->lvb_size) == 8, ""found %lld\n"", (long long)(int)sizeof(((struct ost_lvb_v1 *)0)->lvb_size)",1,0,1
allow_empty == REFILE_NOTEMPTY,1,0,1
!emu || !blk,1,0,1
sizeof(entry->mne_nid_type) == sizeof(__u8),1,0,1
"tmp->oe_owner == current, tmp",1,0,1
"(S - s) > 0, return 0;",1,0,1
"(int)offsetof(struct lmv_desc, ld_qos_maxage) == 36, ""found %lld\n"", (long long)(int)offsetof(struct lmv_desc, ld_qos_maxage)",1,0,1
!tbl->it_ops->free,1,0,1
"""Invalid hist entry"", !strcmp(DSO(he), ""perf"") && !strcmp(SYM(he), ""cmd_record"") && !strcmp(COMM(he), ""perf"") && he->stat.period == 100",1,0,1
policy->sp_sops,1,0,1
rbd_img_request_cache,1,0,1
lock->l_readers > 0,1,0,1
part_sn2->remote_vars_version == 0,1,0,1
MC_CMD_READ_SENSORS_OUT_LEN != 0,1,0,1
"OBD_MD_FLXATTR == (0x0000001000000000ULL), ""found 0x%.16llxULL\n"", OBD_MD_FLXATTR",1,0,1
"(int)sizeof(((struct update_reply *)0)->ur_version) == 4, ""found %lld\n"", (long long)(int)sizeof(((struct update_reply *)0)->ur_version)",1,0,1
"__shutdown_memcg_cache(s, &release, &need_rcu_barrier)",1,0,1
sizeof(struct nvme_nvm_id_group) != 960,1,0,1
"!test_bit(IOPOLL_F_SCHED, &iop->state)",1,0,1
"cmp_sys_reg(&genericv8_sys_regs[i-1], &genericv8_sys_regs[i]) >= 0",1,0,1
!sig->mpi[0],1,0,1
"(int)sizeof(((struct hsm_copy *)0)->hc_hai) == 72, ""found %lld\n"", (long long)(int)sizeof(((struct hsm_copy *)0)->hc_hai)",1,0,1
tx_pos == (state->slot_queue_available * VCHIQ_SLOT_SIZE),1,0,1
pos > attr_len,1,0,1
list_empty(&srcdev->resized_list),1,0,1
"(int)sizeof(struct changelog_setinfo) == 12, ""found %lld\n"", (long long)(int)sizeof(struct changelog_setinfo)",1,0,1
!shadow_accessed_mask,1,0,1
i >= sg_max,1,0,1
last->oap_count > 0,1,0,1
insn->src_reg != BPF_PSEUDO_MAP_FD,1,0,1
"0, kill(tracer, SIGUSR1)",1,0,1
imp->imp_client != LP_POISON,1,0,1
list_empty(&lli->lli_close_list),1,0,1
"""Unmatched total period for dso filter"", hists->stats.total_non_filtered_period == 300",1,0,1
"offsetof(struct hsm_user_import, hui_uid) == 32, ""found %lld\n"", (long long)offsetof(struct hsm_user_import, hui_uid)",1,0,1
"FID_SEQ_DOT_LUSTRE == 0x0000000200000002ULL, ""found 0x%.16llxULL\n"", (long long)FID_SEQ_DOT_LUSTRE",1,0,1
st->top >= st->size,1,0,1
msg->len > 4,1,0,1
nl_table[sk->sk_protocol].registered == 0,1,0,1
is_kernel_addr(phys_addr),1,0,1
inode->i_fop->release == ceph_release,1,0,1
idx >= 0 && idx < arr->va_count,1,0,1
"(int)sizeof(((struct ldlm_flock_wire *)0)->lfw_owner) == 8, ""found %lld\n"", (long long)(int)sizeof(((struct ldlm_flock_wire *)0)->lfw_owner)",1,0,1
TEST_POWER_NUM != ARRAY_SIZE(test_power_supplies),1,0,1
lockres->l_action != OCFS2_AST_CONVERT && lockres->l_action != OCFS2_AST_DOWNCONVERT,1,0,1
txd->cookie < 0,1,0,1
"atomic_read(&server->cb_break_n), ==, 0",1,0,1
addr1234 == NULL || cycle0 == NULL,1,0,1
!ols->ols_glimpse,1,0,1
!c->ro_media || c->ro_mount,1,0,1
push_seq && push_seq <= cil->xc_current_sequence,1,0,1
!voice,1,0,1
"(int)offsetof(struct ost_lvb, lvb_atime_ns) == 44, ""found %lld\n"", (long long)(int)offsetof(struct ost_lvb, lvb_atime_ns)",1,0,1
inode->i_data.nrshadows,1,0,1
blks > OCFS2_XATTR_MAX_BLOCKS_PER_BUCKET,1,0,1
"(int)sizeof(((struct ost_lvb *)0)->lvb_size) == 8, ""found %lld\n"", (long long)(int)sizeof(((struct ost_lvb *)0)->lvb_size)",1,0,1
"ergo(page, page->cp_type == CPT_CACHEABLE)",1,0,1
"(int)sizeof(((struct llog_catid *)0)->lci_padding1) == 4, ""found %lld\n"", (long long)(int)sizeof(((struct llog_catid *)0)->lci_padding1)",1,0,1
!tmp_np,1,0,1
!cpu,1,0,1
"gl, !fsync && atomic_read(&gl->gl_ail_count)",1,0,1
rc >= sizeof(*lsm),1,0,1
"(int)sizeof(((struct hsm_user_state *)0)->hus_states) == 4, ""found %lld\n"", (long long)(int)sizeof(((struct hsm_user_state *)0)->hus_states)",1,0,1
!WIFEXITED(wait_stat),1,0,1
cpu == NR_CPUS,1,0,1
"ergo(result == 0, PageLocked(vmpage))",1,0,1
!(rcd->sop && rcd->eop),1,0,1
sizeof(struct cn_msg) != 20,1,0,1
ic->rds_ibdev,1,0,1
(oap->oap_brw_flags & OBD_BRW_FROM_GRANT) != 0,1,0,1
"MDS_FIRST_OPC == 33, ""found %lld\n"", (long long)MDS_FIRST_OPC",1,0,1
phy->phy_layer->id == param.phyid,1,0,1
*mem_tgt == NULL,1,0,1
cdb_len & ~0x1E,1,0,1
iclog == log->l_iclog,1,0,1
"memcmp(new_resid, &oldres->lr_name, sizeof(oldres->lr_name)) != 0",1,0,1
!ci->ci_num_cached,1,0,1
!(ctx->flags & SPU_CREATE_NOSCHED),1,0,1
!oap->oap_interrupted,1,0,1
time_is_after_jiffies(part->disengage_timeout),1,0,1
whence != SEEK_HOLE,1,0,1
"offsetof(typeof(*m), lm_padding_2) != 0",1,0,1
"atomic64_add_unless(&v, one, v0)",1,0,1
start_skip || end_skip,1,0,1
ptr >= chip->ramc.size,1,0,1
sub->sub_io == NULL,1,0,1
BPF_REG_FP + 1 != MAX_BPF_REG,1,0,1
buf[i] == i,1,0,1
uA >= ARRAY_SIZE(isink_cur),1,0,1
"(int)offsetof(struct ptlrpc_body_v3, pb_op_flags) == (int)offsetof(struct ptlrpc_body_v2, pb_op_flags), ""%d != %d\n"", (int)offsetof(struct ptlrpc_body_v3, pb_op_flags), (int)offsetof(struct ptlrpc_body_v2, pb_op_flags)",1,0,1
"(int)sizeof(((struct lov_desc *)0)->ld_pattern) == 4, ""found %lld\n"", (long long)(int)sizeof(((struct lov_desc *)0)->ld_pattern)",1,0,1
list_empty(&request->rq_list),1,0,1
btree_node_dirty(b),1,0,1
"!test_bit(ATM_DF_REMOVED, &dev->flags)",1,0,1
"(int)offsetof(struct mdt_ioepoch, ioepoch) == 8, ""found %lld\n"", (long long)(int)offsetof(struct mdt_ioepoch, ioepoch)",1,0,1
efip != NULL,1,0,1
n_sectors > bi_size,1,0,1
new_size > 0 && min_type != BTRFS_EXTENT_DATA_KEY,1,0,1
req->idx_growth >= 0,1,0,1
cmo->min > cmo->entitled,1,0,1
gfs2_rs_active(rs),1,0,1
IDX_INFO_MAGIC == 0x3D37CC37,1,0,1
"(int)sizeof(((struct mdt_rec_setxattr *)0)->sx_fid) == 16, ""found %lld\n"", (long long)(int)sizeof(((struct mdt_rec_setxattr *)0)->sx_fid)",1,0,1
mddev != bdev->bd_disk->private_data,1,0,1
ocfs2_xattr_is_local(loc->xl_entry),1,0,1
magic == NODE_INFO,1,0,1
"(int)offsetof(struct lov_desc, ld_tgt_count) == 0, ""found %lld\n"", (long long)(int)offsetof(struct lov_desc, ld_tgt_count)",1,0,1
"(int)offsetof(struct ll_fiemap_info_key, fiemap) == 216, ""found %lld\n"", (long long)(int)offsetof(struct ll_fiemap_info_key, fiemap)",1,0,1
sizeof(struct sockaddr_hci) > sizeof(struct sockaddr),1,0,1
efx->mcdi->iface.state != MCDI_STATE_QUIESCENT,1,0,1
rmap->used >= rmap->size,1,0,1
home < 0 || home >= NR_CPUS || !cpu_is_valid_lotar(home),1,0,1
"PTL_RPC_MSG_ERR == 4712, ""found %lld\n"", (long long)PTL_RPC_MSG_ERR",1,0,1
user_mode(regs) && depth,1,0,1
list_empty(&h->loh_layers),1,0,1
&rect->list == &hwt->list,1,0,1
TRACE_ITER_LAST_BIT > TRACE_FLAGS_MAX_SIZE,1,0,1
"r, ==, p + 256 + 8",1,0,1
list_empty(&blkif->free_pages),1,0,1
"IsLegalChannel(Adapter, channel), (""illegal channel: %d\n"", channel)",1,0,1
lock->l_resource->lr_type == LDLM_EXTENT,1,0,1
pg->cp_state == CPS_CACHED,1,0,1
"(int)sizeof(struct obd_ioobj) == 24, ""found %lld\n"", (long long)(int)sizeof(struct obd_ioobj)",1,0,1
!mrec,1,0,1
start_bucket >= num_buckets,1,0,1
count <= offset,1,0,1
!PAGE_ALIGNED(port->state->xmit.buf),1,0,1
"(int)offsetof(struct obd_dqblk, dqb_bhardlimit) == 0, ""found %lld\n"", (long long)(int)offsetof(struct obd_dqblk, dqb_bhardlimit)",1,0,1
"obd != NULL, ""Cannot get obd device %s of type %s\n"", name, typename",1,0,1
ctx->cc_ops->sign,1,0,1
cnt == c->dirty_nn_cnt + c->dirty_pn_cnt,1,0,1
IS_ERR(inode) || is_bad_inode(inode),1,0,1
log->l_sectBBsize == 1,1,0,1
"(int)sizeof(((struct mdt_rec_rename *)0)->rn_padding_6) == 4, ""found %lld\n"", (long long)(int)sizeof(((struct mdt_rec_rename *)0)->rn_padding_6)",1,0,1
"VIRTIO_PCI_COMMON_Q_USEDLO != offsetof(struct virtio_pci_common_cfg, queue_used_lo)",1,0,1
rlen > sizeof(ecdb_ahdr->ecdb),1,0,1
nr < cur_fdt->max_fds,1,0,1
glob->shrink != shrink,1,0,1
!kobj_ns_type_registered(ops->type),1,0,1
"(int)sizeof(((struct lustre_mdt_attrs *)0)->lma_incompat) == 4, ""found %lld\n"", (long long)(int)sizeof(((struct lustre_mdt_attrs *)0)->lma_incompat)",1,0,1
cio->cui_fd == LUSTRE_FPRIVATE(file),1,0,1
"(int)sizeof(((struct mdt_rec_link *)0)->lk_suppgid2) == 4, ""found %lld\n"", (long long)(int)sizeof(((struct mdt_rec_link *)0)->lk_suppgid2)",1,0,1
sizeof(struct ioaccel2_sg_element) != 16,1,0,1
"(int)sizeof(((struct obd_connect_data *)0)->ocd_index) == 4, ""found %lld\n"", (long long)(int)sizeof(((struct obd_connect_data *)0)->ocd_index)",1,0,1
packet_length <= 0xffff,1,0,1
sizeof(struct cppi41_desc) & (sizeof(struct cppi41_desc) - 1),1,0,1
!(pmd_flags(*pmd) & _PAGE_PRESENT),1,0,1
TEST_POWER_NUM != ARRAY_SIZE(test_power_configs),1,0,1
fd->fd_grouplock.cg_lock == NULL,1,0,1
parent == NULL,1,0,1
(vci >= 0) && (vci < 1<<FORE200E_VCI_BITS),1,0,1
"skb->mark, ==, 0",1,0,1
"sdp, (nbuf <= tr->tr_blocks) && (tr->tr_num_revoke <= tr->tr_revokes)",1,0,1
!play_substream || !cap_substream,1,0,1
fp,1,0,1
"sbi, !list_empty(&inode_list)",1,0,1
xen_cpu_initialized_map == NULL,1,0,1
"""Invalid hist entry"", !strcmp(COMM(he), ""perf"") && !strcmp(DSO(he), ""perf"") && !strcmp(SYM(he), ""main"") && he->stat.period == 200",1,0,1
!work_pending(&local->event_processor),1,0,1
lc_->lc_element[i] != e_,1,0,1
!card || !card->private_data,1,0,1
"atomic_read(&cell->usage), ==, 0",1,0,1
"(int)sizeof(((struct idx_info *)0)->ii_pad2) == 8, ""found %lld\n"", (long long)(int)sizeof(((struct idx_info *)0)->ii_pad2)",1,0,1
!g_card,1,0,1
"device, req->rq_state & RQ_LOCAL_PENDING",1,0,1
get_unaligned_be16(&buf[2]) != descriptors * 16,1,0,1
*page_offset >= PAGE_SIZE,1,0,1
"(int)offsetof(struct llog_log_hdr, llh_size) == 32, ""found %lld\n"", (long long)(int)offsetof(struct llog_log_hdr, llh_size)",1,0,1
MAX_SKB_FRAGS > ETH_TX_MAX_BDS_PER_NON_LSO_PACKET,1,0,1
sizeof(VCHIQ_HEADER_T) == 8,1,0,1
"(int)sizeof(((struct mdt_body *)0)->padding_8) == 8, ""found %lld\n"", (long long)(int)sizeof(((struct mdt_body *)0)->padding_8)",1,0,1
the_lnet.ln_remote_nets_hbits > 0,1,0,1
!rqi->dr_done,1,0,1
"(int)sizeof(((struct hsm_action_list *)0)->hal_version) == 4, ""found %lld\n"", (long long)(int)sizeof(((struct hsm_action_list *)0)->hal_version)",1,0,1
"sdp, !bi->bi_clone",1,0,1
chan->resources[1].start != SH7751_PCI_MEMORY_BASE,1,0,1
!snd_pcm_plug_first(plug),1,0,1
"OBD_CONNECT_SOM == 0x800000ULL, ""found 0x%.16llxULL\n"", OBD_CONNECT_SOM",1,0,1
"cgroup_init_cftypes(NULL, cgroup_dfl_base_files)",1,0,1
&ioc->lock,1,0,1
compress_type,1,0,1
"list_empty(&request->rq_list), ""req %p\n"", request",1,0,1
ins->adc_input,1,0,1
!list_empty(&nd->queue),1,0,1
!(c->lst.total_dead & 7) && !(c->lst.total_dark & 7),1,0,1
cld_is_sptlrpc(cld),1,0,1
Page_dcache_dirty(page),1,0,1
"OBD_BRW_SRVLOCK == 0x200, ""found 0x%.8x\n"", OBD_BRW_SRVLOCK",1,0,1
IFLA_VF_LINK_STATE_ENABLE != MC_CMD_LINK_STATE_MODE_IN_LINK_STATE_UP,1,0,1
*cdb_len != 12,1,0,1
ident >= MAX_RESOURCES,1,0,1
"(int)offsetof(struct obd_connect_data, ocd_inodespace) == 33, ""found %lld\n"", (long long)(int)offsetof(struct obd_connect_data, ocd_inodespace)",1,0,1
!armada_370_xp_mpic_domain,1,0,1
"(int)sizeof(((struct obd_dqblk *)0)->dqb_padding) == 4, ""found %lld\n"", (long long)(int)sizeof(((struct obd_dqblk *)0)->dqb_padding)",1,0,1
"!request_mem_region(per_cpu_int_res.start, resource_size(&per_cpu_int_res), node->full_name)",1,0,1
ptl->ptl_mt_nmaps > 0 && ptl->ptl_mt_nmaps <= LNET_CPT_NUMBER,1,0,1
"""Unmatched nr hist entries for symbol filter"", hists->nr_non_filtered_entries == 2",1,0,1
!d_inode(mntpt),1,0,1
"(int)sizeof(struct getinfo_fid2path) == 32, ""found %lld\n"", (long long)(int)sizeof(struct getinfo_fid2path)",1,0,1
"!test_bit(FR_BACKGROUND, &req->flags)",1,0,1
"offsetof(struct rt6_info, dst) != 0",1,0,1
async_tx_test_ack(depend_tx) || txd_next(depend_tx) || txd_parent(tx),1,0,1
"VCHIQ_MSG_SRCPORT(VCHIQ_MAKE_MSG(0, 0, VCHIQ_PORT_MAX)) == 0",1,0,1
lockres->l_level < DLM_LOCK_EX,1,0,1
dblks < 1,1,0,1
"(int)sizeof(((struct llog_changelog_user_rec *)0)->cur_padding) == 4, ""found %lld\n"", (long long)(int)sizeof(((struct llog_changelog_user_rec *)0)->cur_padding)",1,0,1
gdesc->rcd.frg,1,0,1
"(int)sizeof(((struct ptlrpc_body_v3 *)0)->pb_flags) == (int)sizeof(((struct ptlrpc_body_v2 *)0)->pb_flags), ""%d != %d\n"", (int)sizeof(((struct ptlrpc_body_v3 *)0)->pb_flags), (int)sizeof(((struct ptlrpc_body_v2 *)0)->pb_flags)",1,0,1
mappable_end > end,1,0,1
!PageDirty(page_tail),1,0,1
!pgdir->switcher_mapped,1,0,1
"(int)sizeof(((struct ll_user_fiemap *)0)->fm_extent_count) == 4, ""found %lld\n"", (long long)(int)sizeof(((struct ll_user_fiemap *)0)->fm_extent_count)",1,0,1
symbol_index < 0 || symbol_index >= ins->symbol_table.nsymbols,1,0,1
"(int)offsetof(struct ptlrpc_body_v3, pb_handle) == 0, ""found %lld\n"", (long long)(int)offsetof(struct ptlrpc_body_v3, pb_handle)",1,0,1
(int)be32_to_cpu(se[child_no].valid) > super->s_segsize,1,0,1
"(int)offsetof(struct mdt_rec_unlink, ul_padding_8) == 128, ""found %lld\n"", (long long)(int)offsetof(struct mdt_rec_unlink, ul_padding_8)",1,0,1
cli->cl_chunkbits >= PAGE_CACHE_SHIFT,1,0,1
sizeof(cdev->keycode) < sizeof(keycode_rk3),1,0,1
"(int)offsetof(struct mdt_rec_setattr, sa_gid) == 68, ""found %lld\n"", (long long)(int)offsetof(struct mdt_rec_setattr, sa_gid)",1,0,1
lsi->lsi_llsbi == NULL,1,0,1
atomic_read(&lock->l_refc) > 0,1,0,1
"OBD_IDX_READ == 403, ""found %lld\n"", (long long)OBD_IDX_READ",1,0,1
"""dsos[0] is not open"", dsos[0]->data.fd != -1",1,0,1
kprobe_unused(ap),1,0,1
"(int)sizeof(((struct changelog_rec *)0)->cr_namelen) == 2, ""found %lld\n"", (long long)(int)sizeof(((struct changelog_rec *)0)->cr_namelen)",1,0,1
iucv_path_table[ipp->ippathid],1,0,1
!list_empty(&block->item_list),1,0,1
atomic_read(&pd->refcnt) != 0,1,0,1
atomic_read(&evlist->mmap[idx].refcnt) == 0,1,0,1
"skb_copy_bits(skb, offset, &csum, 2)",1,0,1
size < 2,1,0,1
!pb,1,0,1
"(int)sizeof(((struct ll_fiemap_extent *)0)->fe_device) == 4, ""found %lld\n"", (long long)(int)sizeof(((struct ll_fiemap_extent *)0)->fe_device)",1,0,1
msg->msg_len <= LNET_MTU,1,0,1
2 * I2400M_TX_MSG_SIZE > I2400M_TX_BUF_SIZE,1,0,1
entry->mne_nid_type == 0,1,0,1
atomic_read(&hs->hs_count) > 0,1,0,1
sizeof(struct _carl9170_tx_superdesc) != CARL9170_TX_SUPERDESC_LEN,1,0,1
p < 0 || p >= chip->audio_outs,1,0,1
s->failed > 2,1,0,1
lockres->l_type != OCFS2_LOCK_TYPE_QINFO,1,0,1
"(int)sizeof(((struct llog_rec_hdr *)0)->lrh_id) == 4, ""found %lld\n"", (long long)(int)sizeof(((struct llog_rec_hdr *)0)->lrh_id)",1,0,1
"(int)sizeof(((struct lu_seq_range *)0)->lsr_flags) == 4, ""found %lld\n"", (long long)(int)sizeof(((struct lu_seq_range *)0)->lsr_flags)",1,0,1
"(unsigned long)xdr - (unsigned long)oldxdr, ==, toksize",1,0,1
srcfile,1,0,1
FIEMAP_EXTENT_UNWRITTEN == 0x00000800,1,0,1
"(int)offsetof(struct mdt_body, blocks) == 80, ""found %lld\n"", (long long)(int)offsetof(struct mdt_body, blocks)",1,0,1
skb_shinfo(skb)->nr_frags >= MAX_SKB_FRAGS,1,0,1
!origin || !origin->d_fsdata,1,0,1
"(int)offsetof(struct ost_lvb_v1, lvb_atime) == 16, ""found %lld\n"", (long long)(int)offsetof(struct ost_lvb_v1, lvb_atime)",1,0,1
dlm->dlm_state != DLM_CTXT_LEAVING,1,0,1
atomic_read(&rqbd->rqbd_req.rq_refcount) == 0,1,0,1
offs % c->min_io_size == 0 && !(offs & 7),1,0,1
!req->rq_nrq.nr_enqueued,1,0,1
"(int)sizeof(((struct mdt_rec_setattr *)0)->sa_fsgid) == 4, ""found %lld\n"", (long long)(int)sizeof(((struct mdt_rec_setattr *)0)->sa_fsgid)",1,0,1
"LUSTRE_VERSION_MASK == 0xffff0000, ""found 0x%.8x\n"", LUSTRE_VERSION_MASK",1,0,1
ins->master_mix_scb->next_scb_ptr != ins->the_null_scb,1,0,1
!NInoAttr(idx_ni),1,0,1
new_start <= f_curr->fce_range.lsr_start,1,0,1
!dqm || !q || !q->mqd || !qpd,1,0,1
"""kmod_path__parse"", !__kmod_path__parse(&m, path, alloc_name, alloc_ext)",1,0,1
" (ARRAY_SIZE(asihpi_dst_names) == (HPI_DESTNODE_LAST_INDEX-HPI_DESTNODE_NONE+1)), assert_dst_names_size",1,0,1
sizeof(*tx) > DLN2_I2C_BUF_SIZE,1,0,1
force && !conf->barrier,1,0,1
found->oe_osclock == cur->oe_osclock,1,0,1
!(reason & VM_UFFD_MISSING) ^ !!(reason & VM_UFFD_WP),1,0,1
atomic_read(&lov->lo_active_ios) == 0,1,0,1
rc == LNET_MATCHMD_OK,1,0,1
ed->ed_site == lu2cl_site(d->ld_site),1,0,1
"(int)sizeof(((struct llog_gen *)0)->conn_cnt) == 8, ""found %lld\n"", (long long)(int)sizeof(((struct llog_gen *)0)->conn_cnt)",1,0,1
"(int)sizeof(((struct mdt_rec_unlink *)0)->ul_fsuid_h) == 4, ""found %lld\n"", (long long)(int)sizeof(((struct mdt_rec_unlink *)0)->ul_fsuid_h)",1,0,1
"lu_fid_eq(lu_object_fid(o), f)",1,0,1
"(int)offsetof(struct mdt_rec_setattr, sa_padding_1) == 32, ""found %lld\n"", (long long)(int)offsetof(struct mdt_rec_setattr, sa_padding_1)",1,0,1
"(int)sizeof(((struct mdt_remote_perm *)0)->rp_fsuid) == 4, ""found %lld\n"", (long long)(int)sizeof(((struct mdt_remote_perm *)0)->rp_fsuid)",1,0,1
cfqg->nr_cfqq < 1,1,0,1
"(int)sizeof(struct obd_statfs) == 144, ""found %lld\n"", (long long)(int)sizeof(struct obd_statfs)",1,0,1
!cl_io_is_going(env),1,0,1
"REINT_MAX == 9, ""found %lld\n"", (long long)REINT_MAX",1,0,1
"(int)offsetof(struct cfg_marker, cm_comment) == 96, ""found %lld\n"", (long long)(int)offsetof(struct cfg_marker, cm_comment)",1,0,1
"(int)sizeof(((struct mdt_ioepoch *)0)->ioepoch) == 8, ""found %lld\n"", (long long)(int)sizeof(((struct mdt_ioepoch *)0)->ioepoch)",1,0,1
"orig_dvnode->update_cnt, >=, 0",1,0,1
c->in_a_category_cnt >= 0,1,0,1
"SEQ_FIRST_OPC == 700, ""found %lld\n"", (long long)SEQ_FIRST_OPC",1,0,1
!virt_addr_valid(buf),1,0,1
"(int)sizeof(struct ost_lvb) == 56, ""found %lld\n"", (long long)(int)sizeof(struct ost_lvb)",1,0,1
"(int)sizeof(((struct llog_unlink64_rec *)0)->lur_tail) == 8, ""found %lld\n"", (long long)(int)sizeof(((struct llog_unlink64_rec *)0)->lur_tail)",1,0,1
"test_bit(B_WRITING, &b->state)",1,0,1
"(int)offsetof(struct mgs_target_info, mti_stripe_index) == 4, ""found %lld\n"", (long long)(int)offsetof(struct mgs_target_info, mti_stripe_index)",1,0,1
"OBD_MD_FLNLINK == (0x00002000ULL), ""found 0x%.16llxULL\n"", OBD_MD_FLNLINK",1,0,1
"CIRC_CNT(head, tail + i, JOBR_DEPTH) <= 0",1,0,1
SPTLRPC_FLVR_POLICY(sf->sf_rpc) == SPTLRPC_POLICY_NULL,1,0,1
"(int)sizeof(((struct update *)0)->u_batchid) == 4, ""found %lld\n"", (long long)(int)sizeof(((struct update *)0)->u_batchid)",1,0,1
tmpl->len > U8_MAX,1,0,1
!mutex_is_locked(KPARAM_MUTEX(mod)),1,0,1
mea != NULL,1,0,1
md->md_refcount >= 0,1,0,1
bd->options & NAND_BBT_NO_OOB,1,0,1
"OBJ_REF_DEL == 4, ""found %lld\n"", (long long)OBJ_REF_DEL",1,0,1
exp_connect_som(ll_i2mdexp(inode)),1,0,1
inode->i_size == ui->data_len,1,0,1
"(int)sizeof(((struct update *)0)->u_type) == 4, ""found %lld\n"", (long long)(int)sizeof(((struct update *)0)->u_type)",1,0,1
subclass <= XFS_ILOCK_MAX_SUBCLASS,1,0,1
cle->ce_debug == NULL && cle->ce_owner == NULL,1,0,1
"(int)offsetof(struct llog_size_change_rec, lsc_padding3) == 48, ""found %lld\n"", (long long)(int)offsetof(struct llog_size_change_rec, lsc_padding3)",1,0,1
old_obj != NULL,1,0,1
attr->ia_valid & ATTR_FILE,1,0,1
cycles_fd < 0,1,0,1
!locked_pages || first < 0,1,0,1
"(int)sizeof(((struct ldlm_lock_desc *)0)->l_granted_mode) == 4, ""found %lld\n"", (long long)(int)sizeof(((struct ldlm_lock_desc *)0)->l_granted_mode)",1,0,1
type == HOLE_OFF,1,0,1
!node || !node->detached,1,0,1
"(int)sizeof(((struct mdt_rec_setxattr *)0)->sx_padding_7) == 8, ""found %lld\n"", (long long)(int)sizeof(((struct mdt_rec_setxattr *)0)->sx_padding_7)",1,0,1
roundoff >= 0,1,0,1
sas_port_add(ex->parent_port),1,0,1
"(int)sizeof(((struct cfg_marker *)0)->cm_createtime) == 8, ""found %lld\n"", (long long)(int)sizeof(((struct cfg_marker *)0)->cm_createtime)",1,0,1
"(int)sizeof(((struct llog_changelog_rec *)0)->cr) == 64, ""found %lld\n"", (long long)(int)sizeof(((struct llog_changelog_rec *)0)->cr)",1,0,1
fid_is_sane(&md.body->fid1),1,0,1
err == LEB_RETAINED,1,0,1
index != get_block_group_index(block_group),1,0,1
!obj->filp,1,0,1
"end > pa->pa_pstart + EXT4_C2B(sbi, pa->pa_len)",1,0,1
atomic_read(&bo->cpu_writers),1,0,1
"lkb->lkb_resource->res_ls, dlm_print_lkb(lkb);",1,0,1
ops->hs_object,1,0,1
"offsetof(struct sk_buff, field) < offsetof(struct sk_buff, headers_start)",1,0,1
"PTL_RPC_MSG_REQUEST == 4711, ""found %lld\n"", (long long)PTL_RPC_MSG_REQUEST",1,0,1
!interval_is_intree(node),1,0,1
!opp->dst[vcpu->arch.irq_cpu_id].vcpu,1,0,1
res->state & DLM_LOCK_RES_BLOCK_DIRTY,1,0,1
"(int)offsetof(struct lov_mds_md_v3, lmm_oi) == 8, ""found %lld\n"", (long long)(int)offsetof(struct lov_mds_md_v3, lmm_oi)",1,0,1
"(int)offsetof(struct llogd_conn_body, lgdc_gen) == 0, ""found %lld\n"", (long long)(int)offsetof(struct llogd_conn_body, lgdc_gen)",1,0,1
pipe_index >= px_num(chip),1,0,1
g->p.nr_nodes > (int)sizeof(nodemask),1,0,1
"""kern_memfd_seal_grow"", MFD_DEF_SIZE, MFD_CLOEXEC | MFD_ALLOW_SEALING",1,0,1
!(lls->sub_flags & LSF_HELD),1,0,1
!list_empty(&dev->ptype_specific),1,0,1
!d_count(lower_dentry),1,0,1
g_idx != 0 || page_pools.epp_pools[p_idx],1,0,1
B43_TAB_NOISEA2_SIZE != ARRAY_SIZE(b43_tab_noisea2),1,0,1
OBD_FL_CKSUM_RSVD3 == 0x00010000,1,0,1
ARRAY_SIZE(ah->sbands) < IEEE80211_NUM_BANDS,1,0,1
atomic_read(&session->ref_count) != 0,1,0,1
len > buf->tail[0].iov_len,1,0,1
request->rq_reqbuf,1,0,1
ni != NULL || tx->tx_conn != NULL,1,0,1
list_empty(&afs_vfsmounts),1,0,1
!list_empty(&info->indirect_pages),1,0,1
c->gc_lnum != -1 || wbuf->offs + wbuf->used == 0 || c->need_recovery,1,0,1
"""Socket ID doesn't match"", (session->header.env.cpu[map->map[i]].socket_id == cpu_map__get_socket(map, i, NULL))",1,0,1
new_bh == NULL,1,0,1
path->nodes[0],1,0,1
!list_empty(&tcd->tcd_daemon_pages),1,0,1
len > (1 << 16),1,0,1
"(int)sizeof(((struct update *)0)->u_fid) == 16, ""found %lld\n"", (long long)(int)sizeof(((struct update *)0)->u_fid)",1,0,1
"IS_ALIGNED(start, root->sectorsize) && IS_ALIGNED(end + 1, root->sectorsize)",1,0,1
"(int)sizeof(((struct obd_quotactl *)0)->qc_stat) == 4, ""found %lld\n"", (long long)(int)sizeof(((struct obd_quotactl *)0)->qc_stat)",1,0,1
strlen(trans->t_name) + 1 > TRANSNAMSIZ,1,0,1
tree->lit_root != NULL,1,0,1
!mtts,1,0,1
obj_request->img_offset < U64_MAX - obj_request->length,1,0,1
IPSTATS_MIB_CEPKTS != IPSTATS_MIB_NOECTPKTS + INET_ECN_CE,1,0,1
B43_DC_LT_SIZE != 32,1,0,1
msg->lm_buflens[segment] >= newlen,1,0,1
"(int)offsetof(struct lmv_stripe_md, mea_count) == 4, ""found %lld\n"", (long long)(int)offsetof(struct lmv_stripe_md, mea_count)",1,0,1
"(int)sizeof(((struct lu_seq_range *)0)->lsr_index) == 4, ""found %lld\n"", (long long)(int)sizeof(((struct lu_seq_range *)0)->lsr_index)",1,0,1
"(int)sizeof(((struct llog_setattr64_rec *)0)->lsr_gid) == 4, ""found %lld\n"", (long long)(int)sizeof(((struct llog_setattr64_rec *)0)->lsr_gid)",1,0,1
end2 <= end && end2 > start,1,0,1
list_empty(&ocw.ocw_entry),1,0,1
"MDS_QUOTACHECK == 47, ""found %lld\n"", (long long)MDS_QUOTACHECK",1,0,1
man->has_type,1,0,1
snic->wq_count == 0,1,0,1
"list_empty(&request->rq_replay_list), ""req %p\n"", request",1,0,1
"object->n_exclusive, ==, 0",1,0,1
frames > runtime->buffer_size,1,0,1
"""failed with sythesizing process"", !mmap_events(synth_process)",1,0,1
"offsetof(typeof(*ocd), paddingC) != 0",1,0,1
sizeof(*req_power) != sizeof(*max_power),1,0,1
split_bio == NULL,1,0,1
error != -ESRCH,1,0,1
drv_data->num_msgs == 0,1,0,1
!rqi->abts_done,1,0,1
EFX_MAX_CHANNELS > BITS_PER_LONG,1,0,1
push_seq <= ctx->sequence,1,0,1
KVM_APIC_MODE_XAPIC_FLAT != 8,1,0,1
"""Unmatched nr samples for socket filter"", hists->stats.nr_non_filtered_samples == 2",1,0,1
btrfs_header_level(eb) != i - 1,1,0,1
csp != sp,1,0,1
policy->pol_req_started > 0,1,0,1
"(int)offsetof(struct ptlrpc_body_v3, pb_timeout) == 68, ""found %lld\n"", (long long)(int)offsetof(struct ptlrpc_body_v3, pb_timeout)",1,0,1
"(int)offsetof(struct llog_log_hdr, llh_bitmap) == 88, ""found %lld\n"", (long long)(int)offsetof(struct llog_log_hdr, llh_bitmap)",1,0,1
VALUES_64_COUNT > INDEX_64_COUNT,1,0,1
"ergo(opg->ops_srvlock, olck->ols_lock == NULL)",1,0,1
*ptr >= 512,1,0,1
bp->b_maps == NULL,1,0,1
"(int)sizeof(((struct lmv_stripe_md *)0)->mea_ids[0]) == 16, ""found %lld\n"", (long long)(int)sizeof(((struct lmv_stripe_md *)0)->mea_ids[0])",1,0,1
"atomic_read(&trans->usage), >, 0",1,0,1
atomic_read(&th->refcnt) == 0,1,0,1
!(bip->bli_flags & XFS_BLI_INODE_ALLOC_BUF),1,0,1
e4b->bd_info->bb_counters[order] == count,1,0,1
"(int)offsetof(struct lov_desc, ld_default_stripe_offset) == 24, ""found %lld\n"", (long long)(int)offsetof(struct lov_desc, ld_default_stripe_offset)",1,0,1
root->parent,1,0,1
"(int)sizeof(((struct lov_ost_data_v1 *)0)->l_ost_idx) == 4, ""found %lld\n"", (long long)(int)sizeof(((struct lov_ost_data_v1 *)0)->l_ost_idx)",1,0,1
"(int)sizeof(((struct lov_mds_md_v1 *)0)->lmm_layout_gen) == 2, ""found %lld\n"", (long long)(int)sizeof(((struct lov_mds_md_v1 *)0)->lmm_layout_gen)",1,0,1
"(int)sizeof(((struct llog_size_change_rec *)0)->lsc_tail) == 8, ""found %lld\n"", (long long)(int)sizeof(((struct llog_size_change_rec *)0)->lsc_tail)",1,0,1
MAX14577_CHARGER_CURRENT_LIMIT_HIGH_STEP == 0,1,0,1
"length, <, ULONG_MAX",1,0,1
"VIRTIO_PCI_COMMON_Q_SELECT != offsetof(struct virtio_pci_common_cfg, queue_select)",1,0,1
(first > limit) || (limit >= ltc->num_tags),1,0,1
!mpic,1,0,1
page_pools.epp_free_pages <= page_pools.epp_total_pages,1,0,1
CARL9170_NUM_TX_LIMIT_SOFT < 1,1,0,1
tbi->map_type != VMXNET3_MAP_NONE,1,0,1
"offsetof(typeof(kseq), ccmp) != offsetof(typeof(kseq), gcmp)",1,0,1
ip->i_d.di_size == 0 || !S_ISREG(ip->i_d.di_mode),1,0,1
i == MAX_HOLDERS,1,0,1
!mutex_is_locked(&audit_filter_mutex),1,0,1
"map_kernel_page(start + i, phys, flags)",1,0,1
skb->ip_summed != CHECKSUM_NONE,1,0,1
boot_func & BOOT_ADDR_CPUID_MASK,1,0,1
list_empty(&vc->desc_issued),1,0,1
atomic_read(&cur->__bi_cnt) == 0,1,0,1
name->name[0] != 0,1,0,1
user_mode(regs),1,0,1
p > name + ID_STR_LENGTH - 1,1,0,1
"(int)offsetof(struct mdt_rec_setxattr, sx_suppgid1) == 24, ""found %lld\n"", (long long)(int)offsetof(struct mdt_rec_setxattr, sx_suppgid1)",1,0,1
!list_empty(&mchan->prepared),1,0,1
"tl_count > ocfs2_truncate_recs_per_inode(osb->sb) || tl_count == 0, ""Truncate record count on #%llu invalid "" ""wanted %u, actual %u\n"", (unsigned long long)OCFS2_I(tl_inode)->ip_blkno, ocfs2_truncate_recs_per_inode(osb->sb), le16_to_cpu(tl->tl_count)",1,0,1
!base_tni,1,0,1
ctxt->loc_logops,1,0,1
tc->tc_nthrs_max != 0,1,0,1
i >= lc->nr_elements,1,0,1
urbp->cnt >= urb->number_of_packets,1,0,1
list_empty(&loghandle->u.chd.chd_head),1,0,1
"(int)sizeof(struct mdt_rec_setxattr) == 136, ""found %lld\n"", (long long)(int)sizeof(struct mdt_rec_setxattr)",1,0,1
atomic_read(&p->mm->mm_count) <= 0,1,0,1
"(int)sizeof(((struct lov_desc *)0)->ld_qos_maxage) == 4, ""found %lld\n"", (long long)(int)sizeof(((struct lov_desc *)0)->ld_qos_maxage)",1,0,1
sa_received_empty(sai),1,0,1
"offsetof(typeof(flow->addrs), v4addrs.dst) != offsetof(typeof(flow->addrs), v4addrs.src) + sizeof(flow->addrs.v4addrs.src)",1,0,1
"(int)offsetof(struct hsm_current_action, hca_action) == 4, ""found %lld\n"", (long long)(int)offsetof(struct hsm_current_action, hca_action)",1,0,1
"self->qos_tx.max_turn_time.value != 0, return;",1,0,1
"!per_cpu(cpus_in_cluster, cpu) || !per_cpu(ipi_mask, cpu)",1,0,1
sdio_uart_table[port->index] != port,1,0,1
list_empty(&the_lnet.ln_nis),1,0,1
sub->sub_io == &lio->lis_single_subio,1,0,1
(subdevice_id & 0xfff0) != LAYLA24,1,0,1
wusbhc->uwb_rc == NULL,1,0,1
"MDS_QUOTACTL == 48, ""found %lld\n"", (long long)MDS_QUOTACTL",1,0,1
vscale < 0,1,0,1
!kq || !dev,1,0,1
"count, <=, AFSCBMAX",1,0,1
"LDLM_BL_CALLBACK == 104, ""found %lld\n"", (long long)LDLM_BL_CALLBACK",1,0,1
"(int)offsetof(struct mdt_rec_unlink, ul_suppgid1_h) == 28, ""found %lld\n"", (long long)(int)offsetof(struct mdt_rec_unlink, ul_suppgid1_h)",1,0,1
"page->index != linear_page_index(vma, address), page",1,0,1
"""Invalid hist entry"", CPU(he) == 2 && PID(he) == 100 && !strcmp(COMM(he), ""perf"") && !strcmp(DSO(he), ""libc"") && !strcmp(SYM(he), ""free"") && he->stat.period == 100",1,0,1
"(int)sizeof(((struct lustre_capa *)0)->lc_uid) == 8, ""found %lld\n"", (long long)(int)sizeof(((struct lustre_capa *)0)->lc_uid)",1,0,1
result < 0,1,0,1
from_cblock(p->nr_cblocks_allocated) >= from_cblock(p->cache_size),1,0,1
"(int)offsetof(struct ptlrpc_body_v3, pb_pre_versions) == (int)offsetof(struct ptlrpc_body_v2, pb_pre_versions), ""%d != %d\n"", (int)offsetof(struct ptlrpc_body_v3, pb_pre_versions), (int)offsetof(struct ptlrpc_body_v2, pb_pre_versions)",1,0,1
CXLFLASH_NUM_CMDS,1,0,1
arg_start > arg_end,1,0,1
"""Invalid hist entry"", !strcmp(COMM(he), ""bash"") && !strcmp(DSO(he), ""[kernel]"") && !strcmp(SYM(he), ""page_fault"") && he->stat.period == 100",1,0,1
zone < FIRST_ZONE,1,0,1
sizeof(struct xfrm_policy_walk) > sizeof(cb->args) - sizeof(cb->args[0]),1,0,1
"(int)sizeof(struct llog_gen) == 16, ""found %lld\n"", (long long)(int)sizeof(struct llog_gen)",1,0,1
ctx->cc_ops->refresh,1,0,1
"(int)sizeof(((struct lustre_capa_key *)0)->lk_seq) == 8, ""found %lld\n"", (long long)(int)sizeof(((struct lustre_capa_key *)0)->lk_seq)",1,0,1
pmd_trans_splitting(*____pmd) || pmd_trans_huge(*____pmd),1,0,1
iic_host == NULL,1,0,1
MAX_ZONELISTS > 2,1,0,1
"OST_CLOSE == 12, ""found %lld\n"", (long long)OST_CLOSE",1,0,1
em && em->start == chunk_offset,1,0,1
old_size > new_size,1,0,1
CLO_WAIT < CLO_REPEAT,1,0,1
"(int)sizeof(((struct llog_changelog_user_rec *)0)->cur_hdr) == 16, ""found %lld\n"", (long long)(int)sizeof(((struct llog_changelog_user_rec *)0)->cur_hdr)",1,0,1
sizeof(cdev->keycode) < KONTROLS4_BUTTONS,1,0,1
ext->oe_srvlock == ops->ops_srvlock,1,0,1
pad >= 0 && !(pad & 7),1,0,1
req->rq_import->imp_state == LUSTRE_IMP_REPLAY,1,0,1
num_ops == 1 || ((op_type == OBJ_OP_WRITE) && num_ops == 2),1,0,1
"!IS_ALIGNED(virt_to_phys(m), huge_page_size(h))",1,0,1
rbi->buf_type != VMXNET3_RX_BUF_SKB,1,0,1
prot_bitmap & ~(MSRP_UCLEP | MSRP_DEP | MSRP_PMMP),1,0,1
"OBD_CONNECT_GRANT == 0x8ULL, ""found 0x%.16llxULL\n"", OBD_CONNECT_GRANT",1,0,1
ci->ci_num_cached >= OCFS2_CACHE_INFO_MAX_ARRAY,1,0,1
"offsetof(struct vmw_view_define, sid) != offsetof(SVGA3dCmdDXDefineShaderResourceView, sid)",1,0,1
list_empty(&svcpt->scp_rqbd_posted),1,0,1
list_empty(&free),1,0,1
DPIO_PHY1,1,0,1
hba->num_ofld_sess != 0,1,0,1
rb->base == NULL,1,0,1
sa->type == UBIFS_DENT_NODE || sa->type == UBIFS_XENT_NODE,1,0,1
len & (PAGE_SIZE - 1),1,0,1
"(int)offsetof(struct ll_fid, id) == 0, ""found %lld\n"", (long long)(int)offsetof(struct ll_fid, id)",1,0,1
LOV_MAGIC_V3 == 0x0BD30BD0,1,0,1
*link,1,0,1
"offsetof(struct compat_ethtool_rxnfc, fs.m_ext) + sizeof(compat_rxnfc->fs.m_ext) != offsetof(struct ethtool_rxnfc, fs.m_ext) + sizeof(rxnfc->fs.m_ext)",1,0,1
plugin->sp_count != 0,1,0,1
UBIFS_SB_NODE_SZ != 4096,1,0,1
bio->bi_iter.bi_size,1,0,1
MCDI_EVENT_TX_FLUSH_TO_DRIVER_LBN != MCDI_EVENT_RX_FLUSH_TO_DRIVER_LBN,1,0,1
rqi->req == rqi->dr_req,1,0,1
"(int)offsetof(struct ldlm_extent, gid) == 16, ""found %lld\n"", (long long)(int)offsetof(struct ldlm_extent, gid)",1,0,1
"(int)offsetof(struct llog_logid_rec, lid_hdr) == 0, ""found %lld\n"", (long long)(int)offsetof(struct llog_logid_rec, lid_hdr)",1,0,1
"(int)sizeof(((struct obd_statfs *)0)->os_namelen) == 4, ""found %lld\n"", (long long)(int)sizeof(((struct obd_statfs *)0)->os_namelen)",1,0,1
!uv_node_to_blade,1,0,1
zevio_timer_add(node),1,0,1
"LU_PAGE_SIZE == 4096, ""found %lld\n"", (long long)LU_PAGE_SIZE",1,0,1
stripe < r0->lo_nr,1,0,1
src_index == -1,1,0,1
(mid_blk == first_blk && mid_blk+1 == end_blk) || (mid_blk == end_blk && mid_blk-1 == first_blk),1,0,1
error <= 0 && error >= -1000,1,0,1
!ncontrol || !ncontrol->info,1,0,1
sec->ps_policy == &plain_policy,1,0,1
!c->ro_mount || c->remounting_rw,1,0,1
"device, atomic_read(&device->local_cnt)",1,0,1
"(int)offsetof(struct obd_statfs, os_state) == 104, ""found %lld\n"", (long long)(int)offsetof(struct obd_statfs, os_state)",1,0,1
&dapm->card->dapm_mutex,1,0,1
val == 0,1,0,1
MLX4_EQ_ASYNC >= 2,1,0,1
"OBD_MD_FLCKSUM == (0x00100000ULL), ""found 0x%.16llxULL\n"", OBD_MD_FLCKSUM",1,0,1
offset > 255,1,0,1
list_empty(&ext->oe_pages),1,0,1
"__v >= v1 && __v <= v2, ""value: %d\n"", __v",1,0,1
!kfd->gtt_mem,1,0,1
!ext->oe_hp,1,0,1
!list_empty(&next->list),1,0,1
sizeof(struct acpi_nfit_interleave) != 20,1,0,1
"(int)sizeof(((struct mdt_rec_link *)0)->lk_padding_2) == 8, ""found %lld\n"", (long long)(int)sizeof(((struct mdt_rec_link *)0)->lk_padding_2)",1,0,1
!list_empty(&video_devices),1,0,1
cluster_next(&p->free_cluster_head) != idx,1,0,1
off + slen > res,1,0,1
"OBD_MD_FLUID == (0x00000200ULL), ""found 0x%.16llxULL\n"", OBD_MD_FLUID",1,0,1
(reg_buf_offset + reg_buf_bytes) <= BBTOB(bp->b_io_length),1,0,1
"lookup_data, !=, NULL",1,0,1
"offsetof(struct inet_timewait_sock, tw_v6_rcv_saddr) != offsetof(struct sock, sk_v6_rcv_saddr)",1,0,1
"ocfs2_buffer_cached(ci, bh)",1,0,1
i < 0 || i > 1,1,0,1
dlmlock->l_ast_data == olck,1,0,1
"(int)offsetof(struct mdt_body, padding_5) == 172, ""found %lld\n"", (long long)(int)offsetof(struct mdt_body, padding_5)",1,0,1
i < req->crq_nrobjs,1,0,1
lmm && lmmsize == 0,1,0,1
conn->ksnc_tx_ready,1,0,1
vmpage->mapping->host == ccc_object_inode(obj),1,0,1
request->rq_pool,1,0,1
!priv->connector_funcs[i],1,0,1
"(discovery->nslots == 1) || (discovery->nslots == 6) || (discovery->nslots == 8) || (discovery->nslots == 16), return;",1,0,1
out_sgs + in_sgs > ARRAY_SIZE(sgs),1,0,1
cookie->stores.rnode,1,0,1
sizeof(*vm_addr) > 128,1,0,1
!data && words,1,0,1
mle->type != DLM_MLE_BLOCK,1,0,1
!info->bitmap,1,0,1
keymap_id >= ARRAY_SIZE(tpacpi_keymaps),1,0,1
len > udl->urbs.size,1,0,1
"""Invalid hist entry"", CPU(he) == 1 && PID(he) == 300 && !strcmp(COMM(he), ""bash"") && !strcmp(DSO(he), ""[kernel]"") && !strcmp(SYM(he), ""page_fault"") && he->stat.period == 100",1,0,1
dac->rst,1,0,1
ios->kern_buff,1,0,1
"(int)offsetof(struct obdo, o_padding_5) == 192, ""found %lld\n"", (long long)(int)offsetof(struct obdo, o_padding_5)",1,0,1
d_inode(dn->d_parent) != dir,1,0,1
req->dd_growth >= 0,1,0,1
ret <= 0 && ctx.copy_size != 0,1,0,1
oap->oap_async_flags & ASYNC_COUNT_STABLE,1,0,1
" !mb_test_bit(k, e4b->bd_bitmap)",1,0,1
&(dev)->mode_config,1,0,1
loghandle != NULL,1,0,1
PAGE_OFFSET < (VMALLOC_END + FIXMAP_SIZE + PKMAP_SIZE),1,0,1
FIEMAP_EXTENT_NET == 0x80000000,1,0,1
"(int)sizeof(((struct obd_statfs *)0)->os_spare4) == 4, ""found %lld\n"", (long long)(int)sizeof(((struct obd_statfs *)0)->os_spare4)",1,0,1
!(mres->flags & DLM_MRES_MIGRATION),1,0,1
repo->dev_type != PS3_DEV_TYPE_SB_USB,1,0,1
sizeof(struct _lowcore) != LC_PAGES * 4096,1,0,1
block > (sector_t)0x7fffffffUL,1,0,1
xm & (SP_HIDDEN_BIT << 3),1,0,1
"REINT_RENAME == 5, ""found %lld\n"", (long long)REINT_RENAME",1,0,1
index >= sel->parent_count,1,0,1
" hashbin->magic == HB_MAGIC, return;",1,0,1
p >= __user_addr_min && p + size <= __user_addr_max,1,0,1
waitqueue_active(&ctx->fault_pending_wqh),1,0,1
ARRAY_SIZE(soc_process_speedos) != SPEEDO_ID_COUNT,1,0,1
e.names_count | e.numbers_count | e.argc | e.envc | e.condc,1,0,1
"ostid_id(&lsm->lsm_oi) != 0, DOSTID""\n"", POSTID(&lsm->lsm_oi)",1,0,1
sizeof(dma_addr_t) != 4,1,0,1
disassemble,1,0,1
skb->queue_mapping < ndev->ae_handle->q_num,1,0,1
lgh,1,0,1
descr->cld_mode != CLM_GROUP || descr->cld_gid != scan->cll_descr.cld_gid,1,0,1
"""wrong refcnt"", atomic_read(&other_mg->refcnt), 1",1,0,1
IA64_MAX_RSVD_REGIONS + 1 < n,1,0,1
"pmd_lockptr(mm, pmd)",1,0,1
next_free <= 0,1,0,1
ret < XCHAL_KSEG_CACHED_VADDR || ret > XCHAL_KSEG_CACHED_VADDR + XCHAL_KSEG_SIZE - 1,1,0,1
"it_open_error(DISP_OPEN_OPEN, it) == 0",1,0,1
PAGE_SHIFT != GART_PAGE_SHIFT,1,0,1
"FID_SEQ_SPECIAL == 0x0000000200000004ULL, ""found 0x%.16llxULL\n"", (long long)FID_SEQ_SPECIAL",1,0,1
!cfs_hash_is_exiting(hs) && !cfs_hash_is_iterating(hs),1,0,1
irq >= dist->nr_irqs,1,0,1
"(int)offsetof(struct mdt_rec_setxattr, sx_padding_10) == 128, ""found %lld\n"", (long long)(int)offsetof(struct mdt_rec_setxattr, sx_padding_10)",1,0,1
!list_empty(&cgrp->self.children),1,0,1
(gpv_reason & (MT_ERROR|MF_ERROR)) == 0,1,0,1
"setup_irq(irq, &pit_timer_irq)",1,0,1
conf->psc_thr.tc_ctx_tags != 0,1,0,1
logfs_block(page) != block,1,0,1
NVRAM_BLOCK_LEN != 16,1,0,1
fp < stack_page || fp > (THREAD_SIZE + stack_page),1,0,1
direction != DMA_MEM_TO_DEV,1,0,1
!ac->ac_bh,1,0,1
secondary_boot,1,0,1
"(int)sizeof(((struct lustre_capa_key *)0)->lk_key[56]) == 1, ""found %lld\n"", (long long)(int)sizeof(((struct lustre_capa_key *)0)->lk_key[56])",1,0,1
(priv->iw_mode < IW_MODE_AUTO) || (priv->iw_mode > IW_MODE_MONITOR),1,0,1
"(int)offsetof(struct lu_dirent, lde_hash) == 16, ""found %lld\n"", (long long)(int)offsetof(struct lu_dirent, lde_hash)",1,0,1
left_path->p_tree_depth == 0,1,0,1
WL18XX_MAX_LINKS > WLCORE_MAX_LINKS,1,0,1
"(int)sizeof(((struct ldlm_resource_desc *)0)->lr_padding) == 4, ""found %lld\n"", (long long)(int)sizeof(((struct ldlm_resource_desc *)0)->lr_padding)",1,0,1
!arg || !emu,1,0,1
inode_has_buffers(inode),1,0,1
length > previous,1,0,1
size > (i1480->buf_size - sizeof(*reply)) / 3,1,0,1
atomic_read(&key->lct_used) >= 1,1,0,1
"(int)sizeof(((struct mdt_rec_link *)0)->lk_suppgid2_h) == 4, ""found %lld\n"", (long long)(int)sizeof(((struct mdt_rec_link *)0)->lk_suppgid2_h)",1,0,1
pageoffset + len <= PAGE_CACHE_SIZE,1,0,1
"OBD_MD_LINKNAME == (0x00040000ULL), ""found 0x%.16llxULL\n"", OBD_MD_LINKNAME",1,0,1
ret == -EEXIST || ret == -EOVERFLOW,1,0,1
!src_cnt,1,0,1
(*iterator < or->get_attr.buff) || (or->get_attr.buff + or->get_attr.alloc_size < *iterator),1,0,1
(idx) >= 0 && (idx) < (ring)->desc_num,1,0,1
ac->ac_g_ex.fe_len < ac->ac_o_ex.fe_len,1,0,1
se.ec_level == cpu_to_be32(BADSEG) || se.valid == cpu_to_be32(RESERVED),1,0,1
blkif->free_pages_num == 0,1,0,1
(flags & OCFS2_BH_READAHEAD) && (flags & OCFS2_BH_IGNORE_CACHE),1,0,1
EXT4_JOURNAL(inode) == NULL,1,0,1
b->written >= btree_blocks(b),1,0,1
"(int)sizeof(((struct lu_idxpage *)0)->lip_flags) == 2, ""found %lld\n"", (long long)(int)sizeof(((struct lu_idxpage *)0)->lip_flags)",1,0,1
"device, peer_req->i.size == 0",1,0,1
!PageDirty(vmpage),1,0,1
max_brw > 0,1,0,1
pasync_handle->is_header != 0,1,0,1
"segment_is_reserved(sb, segno), sb",1,0,1
q->owner != NULL,1,0,1
"MF_EPOCH_CLOSE == 0x00000004UL, ""found 0x%.8xUL\n"", (unsigned)MF_EPOCH_CLOSE",1,0,1
cmd->cmd_in_wq,1,0,1
PAGE_SIZE < CFAG12864B_SIZE,1,0,1
bind_node_0 < 0 || bind_node_1 < 0,1,0,1
"(int)sizeof(((struct llogd_body *)0)->lgd_len) == 4, ""found %lld\n"", (long long)(int)sizeof(((struct llogd_body *)0)->lgd_len)",1,0,1
"""Don't know what to send""",1,0,1
"(int)offsetof(struct ptlrpc_body_v3, pb_slv) == (int)offsetof(struct ptlrpc_body_v2, pb_slv), ""%d != %d\n"", (int)offsetof(struct ptlrpc_body_v3, pb_slv), (int)offsetof(struct ptlrpc_body_v2, pb_slv)",1,0,1
!list_empty(&mchan->active),1,0,1
sizeof(struct solos_skb_cb) > sizeof(((struct sk_buff *)0)->cb),1,0,1
repo->bus_index > 10,1,0,1
req->r_err,1,0,1
!data->length,1,0,1
ch < 0,1,0,1
"MDS_GET_INFO == 53, ""found %lld\n"", (long long)MDS_GET_INFO",1,0,1
slot == OCFS2_INVALID_SLOT,1,0,1
"(int)offsetof(struct obd_quotactl, qc_stat) == 12, ""found %lld\n"", (long long)(int)offsetof(struct obd_quotactl, qc_stat)",1,0,1
"OBD_MD_FLTYPE == (0x00000100ULL), ""found 0x%.16llxULL\n"", OBD_MD_FLTYPE",1,0,1
o == NULL || IS_ERR(o) || lu_device_is_cl(o->lo_dev),1,0,1
obj != cl_object_top(obj),1,0,1
sec->ps_gc_interval > 0,1,0,1
fs_info->balance_ctl,1,0,1
!nr_entries,1,0,1
"(int)offsetof(struct obd_connect_data, ocd_transno) == 40, ""found %lld\n"", (long long)(int)offsetof(struct obd_connect_data, ocd_transno)",1,0,1
!(file_offset & (page_size - 1)),1,0,1
"DLM_INTENT_REC_OFF == 3, ""found %lld\n"", (long long)DLM_INTENT_REC_OFF",1,0,1
total_packets != 0,1,0,1
UFFD_CLOEXEC != O_CLOEXEC,1,0,1
"atomic_read(&cookie->parent->n_children), >, 0",1,0,1
list_empty(&opl4->on_voices),1,0,1
lcfg != NULL,1,0,1
dmabuf->cb_shared.active || dmabuf->cb_excl.active,1,0,1
!list_empty(&tmp_links),1,0,1
"OBD_CONNECT_SHORTIO == 0x2000000000000ULL, ""found 0x%.16llxULL\n"", OBD_CONNECT_SHORTIO",1,0,1
"(int)offsetof(struct llog_size_change_rec, lsc_padding2) == 40, ""found %lld\n"", (long long)(int)offsetof(struct llog_size_change_rec, lsc_padding2)",1,0,1
"(int)offsetof(struct llog_rec_tail, lrt_len) == 0, ""found %lld\n"", (long long)(int)offsetof(struct llog_rec_tail, lrt_len)",1,0,1
ref,1,0,1
0 != (idx & ~BM_PAGE_IDX_MASK),1,0,1
NCR_700_transport_template == NULL,1,0,1
"list_empty(&r->res_root_list), dlm_dump_rsb(r);",1,0,1
*ticp == NULL,1,0,1
hs != NULL,1,0,1
ksocknal_data.ksnd_init == SOCKNAL_INIT_ALL,1,0,1
(struct cl_page *)vmpage->private == slice->cpl_page,1,0,1
0 <= lov->lo_type && lov->lo_type < ARRAY_SIZE(lov_dispatch),1,0,1
"LCK_NL == 32, ""found %lld\n"", (long long)LCK_NL",1,0,1
"test_bit(flag, flags_free)",1,0,1
pool->pool_debugfs_entry == NULL,1,0,1
cp != np->header.cp,1,0,1
ea != NULL,1,0,1
"o2net_handler_tree_lookup(msg_type, key, &p, &parent) == NULL, ""couldn't find handler we *just* registered "" ""for type %u key %08x\n"", msg_type, key",1,0,1
node->scanned_block || node->scanned_prev_free || node->scanned_next_free,1,0,1
"(int)sizeof(((struct ll_fid *)0)->f_type) == 4, ""found %lld\n"", (long long)(int)sizeof(((struct ll_fid *)0)->f_type)",1,0,1
"(int)sizeof(struct ldlm_resource_desc) == 40, ""found %lld\n"", (long long)(int)sizeof(struct ldlm_resource_desc)",1,0,1
table->offset == 0,1,0,1
"sdp, ap->target",1,0,1
neigh && neigh->dev != dev_out,1,0,1
"(int)sizeof(((struct mdt_rec_reint *)0)->rr_bias) == 4, ""found %lld\n"", (long long)(int)sizeof(((struct mdt_rec_reint *)0)->rr_bias)",1,0,1
width <= 0,1,0,1
"key_type(c, &sb->key) == UBIFS_DATA_KEY",1,0,1
TPACKET_ALIGN(sizeof(*h.h3)) != 48,1,0,1
get_SrcA_X1(__single_step_addli_insn) != TREG_ZERO,1,0,1
"(int)sizeof(((struct mdt_rec_reint *)0)->rr_ctime) == 8, ""found %lld\n"", (long long)(int)sizeof(((struct mdt_rec_reint *)0)->rr_ctime)",1,0,1
"(int)sizeof(struct llog_rec_hdr) == 16, ""found %lld\n"", (long long)(int)sizeof(struct llog_rec_hdr)",1,0,1
"(int)offsetof(struct llog_log_hdr, llh_tail) == 8184, ""found %lld\n"", (long long)(int)offsetof(struct llog_log_hdr, llh_tail)",1,0,1
!vb.vb_bh,1,0,1
&res->lr_lock,1,0,1
configPagePA & ~PAGE_MASK,1,0,1
"(int)offsetof(struct mdt_rec_rename, rn_fsgid) == 16, ""found %lld\n"", (long long)(int)offsetof(struct mdt_rec_rename, rn_fsgid)",1,0,1
"notify->instance != NULL, return NULL;",1,0,1
lu != NULL,1,0,1
"(int)offsetof(struct ldlm_reply, lock_padding) == 4, ""found %lld\n"", (long long)(int)offsetof(struct ldlm_reply, lock_padding)",1,0,1
"MDS_PIN == 42, ""found %lld\n"", (long long)MDS_PIN",1,0,1
ubi->erroneous_peb_count >= 0,1,0,1
!dlm->num_joins,1,0,1
"strnlen(op_data->op_name, op_data->op_namelen) == op_data->op_namelen",1,0,1
max_bits >= cur_bits && max_bits < 31,1,0,1
(sizeof(struct tcmu_cmd_entry) % TCMU_OP_ALIGN_SIZE) != 0,1,0,1
"MDS_FMODE_CLOSED == 000000000000UL, ""found 0%.11oUL\n"", MDS_FMODE_CLOSED",1,0,1
sizeof(token->s6_addr) != 16,1,0,1
offset + size <= ioend->io_offset + ioend->io_size,1,0,1
"(int)sizeof(((struct obd_connect_data *)0)->ocd_brw_size) == 4, ""found %lld\n"", (long long)(int)sizeof(((struct obd_connect_data *)0)->ocd_brw_size)",1,0,1
icplb_nr_bounds > ARRAY_SIZE(icplb_bounds),1,0,1
start < 32,1,0,1
"!PageLocked(new), new",1,0,1
"GFS2_SB(&dip->i_inode), !error",1,0,1
si->cur_pg + num_pages > sp2d->pages_in_unit,1,0,1
LUSTRE_RES_ID_QUOTA_VER_OID_OFF == 3,1,0,1
"(int)sizeof(((struct lu_dirpage *)0)->ldp_entries[0]) == 32, ""found %lld\n"", (long long)(int)sizeof(((struct lu_dirpage *)0)->ldp_entries[0])",1,0,1
res > 255,1,0,1
"(int)offsetof(struct ptlrpc_body_v3, pb_service_time) == 72, ""found %lld\n"", (long long)(int)offsetof(struct ptlrpc_body_v3, pb_service_time)",1,0,1
"OBD_CONNECT_FLOCK_OWNER == 0x200000000000ULL, ""found 0x%.16llxULL\n"", OBD_CONNECT_FLOCK_OWNER",1,0,1
qoff_f,1,0,1
"(int)sizeof(((struct llog_unlink64_rec *)0)->lur_fid) == 16, ""found %lld\n"", (long long)(int)sizeof(((struct llog_unlink64_rec *)0)->lur_fid)",1,0,1
vring.desc[0].addr == (unsigned long)d,1,0,1
kvm->mmu_notifier_count < 0,1,0,1
pdatum->value < 1 || pdatum->value > 32,1,0,1
"(int)offsetof(struct ldlm_intent, opc) == 0, ""found %lld\n"", (long long)(int)offsetof(struct ldlm_intent, opc)",1,0,1
infos[pol_idx].pi_fallback == tmp.pi_fallback,1,0,1
*locked != 1,1,0,1
ns->ns_nr_unused > 0,1,0,1
err == NAME_GREATER,1,0,1
exp->exp_flvr_adapt,1,0,1
"(int)sizeof(struct mdt_rec_create) == 136, ""found %lld\n"", (long long)(int)sizeof(struct mdt_rec_create)",1,0,1
"FIELD_SIZEOF(struct __sk_buff, cb) != QDISC_CB_PRIV_LEN",1,0,1
&ctx2->lock,1,0,1
!list_empty(&fence->head),1,0,1
dq_f->qlf_size == 2,1,0,1
pos != pgd_list.next,1,0,1
priv->wsm_cmd.ptr,1,0,1
conn->cc_proto == NULL,1,0,1
"(int)offsetof(struct ptlrpc_body_v3, pb_opc) == (int)offsetof(struct ptlrpc_body_v2, pb_opc), ""%d != %d\n"", (int)offsetof(struct ptlrpc_body_v3, pb_opc), (int)offsetof(struct ptlrpc_body_v2, pb_opc)",1,0,1
"dev_priv, intel_crtc_to_shared_dpll(crtc)",1,0,1
"sizeof(struct ua_frame) == 10, ;",1,0,1
"(int)offsetof(struct lu_dirpage, ldp_entries[0]) == 24, ""found %lld\n"", (long long)(int)offsetof(struct lu_dirpage, ldp_entries[0])",1,0,1
BGMAC_PA_ADDR_SHIFT != BCMA_GMAC_CMN_PA_ADDR_SHIFT,1,0,1
"(int)sizeof(((struct changelog_ext_rec *)0)->cr_prev) == 8, ""found %lld\n"", (long long)(int)sizeof(((struct changelog_ext_rec *)0)->cr_prev)",1,0,1
next && next->va_end <= base + end,1,0,1
"(int)sizeof(struct ldlm_flock_wire) == 32, ""found %lld\n"", (long long)(int)sizeof(struct ldlm_flock_wire)",1,0,1
IF_SPI_CMD_BUF_SIZE < LBS_CMD_BUFFER_SIZE,1,0,1
vcn,1,0,1
"(int)sizeof(((struct obdo *)0)->o_uid) == 4, ""found %lld\n"", (long long)(int)sizeof(((struct obdo *)0)->o_uid)",1,0,1
le16_to_cpu(tgtid->tgt_type) > SNIC_TGT_SAN,1,0,1
!r->region_ops->free,1,0,1
domain_type_is_vm_or_si(domain),1,0,1
for_part,1,0,1
commit_transaction->t_state == T_COMMIT_DFLUSH,1,0,1
oinfo->oi_oa->o_valid & OBD_MD_FLGROUP,1,0,1
"XFS_IFORK_PTR(ip, XFS_DATA_FORK)->if_flags & XFS_IFEXTENTS",1,0,1
path_root_bh(left) != path_root_bh(right),1,0,1
!list_empty(&pd->cdrw.pkt_active_list),1,0,1
"(int)sizeof(((struct cfg_marker *)0)->cm_comment) == 64, ""found %lld\n"", (long long)(int)sizeof(((struct cfg_marker *)0)->cm_comment)",1,0,1
atomic_read(&ols->ols_pageref) == 0 || atomic_read(&ols->ols_pageref) == _PAGEREF_MAGIC,1,0,1
"memblock_reserve(addr, new_alloc_size)",1,0,1
GET_SIT_VBLOCKS(raw_sit) != valid_blocks,1,0,1
pipe(pipe_2),1,0,1
lv->lv_niovecs == 0,1,0,1
phy_dev->rstc,1,0,1
"offsetof(typeof(kseq), ccmp) != offsetof(typeof(kseq), aes_cmac)",1,0,1
svcpt->scp_nreqs_incoming == 0,1,0,1
cg->cg_gid,1,0,1
"spin_is_locked(&res->l_lock), ""Lockres %s is locked\n"", res->l_name",1,0,1
!cpuset_migrate_mm_wq,1,0,1
spage->page == NULL,1,0,1
pg_count > 0,1,0,1
"ret, ==, -ERESTARTSYS",1,0,1
rate < PRIMA2_CLOCK_FREQ,1,0,1
cipher_ctx.pad_descs == NULL,1,0,1
event->type_len > RINGBUF_TYPE_DATA_TYPE_LEN_MAX,1,0,1
count_sg > TOTAL_SG_ENTRY,1,0,1
"sbi, !sbi->total_valid_node_count",1,0,1
dibh == NULL,1,0,1
(plen & (PAGE_SIZE-1)) != 0,1,0,1
fs_info == NULL,1,0,1
ins->symbol_table.nsymbols <= 0,1,0,1
"n <= self->rx_sdu_size, n = self->rx_sdu_size;",1,0,1
queue->dealloc_prod - queue->dealloc_cons >= MAX_PENDING_REQS,1,0,1
"MDS_OPEN_TRUNC == 000000001000UL, ""found 0%.11oUL\n"", MDS_OPEN_TRUNC",1,0,1
!erst_record_id_cache.refcount,1,0,1
area->a_used_bytes >= logfs_super(area->a_sb)->s_segsize,1,0,1
state.nc > ncookies,1,0,1
ctx->partial_block_buffer_length <= SHA1_BLOCK_SIZE,1,0,1
(vpi >= 0) && (vpi < 1<<FORE200E_VPI_BITS),1,0,1
(oa->o_valid & OBD_MD_FLGROUP) && (ostid_seq(&oa->o_oi) == FID_SEQ_ECHO),1,0,1
sizeof(struct compat_ipc64_perm) != sizeof(struct ipc64_perm),1,0,1
"atomic_read(a) <= v, ""value: %d\n"", atomic_read((a))",1,0,1
list_empty(&conf->sc_tgts),1,0,1
"MDS_OPEN_EXCL == 000000000200UL, ""found 0%.11oUL\n"", MDS_OPEN_EXCL",1,0,1
"(int)sizeof(((struct ptlrpc_body_v3 *)0)->pb_last_committed) == (int)sizeof(((struct ptlrpc_body_v2 *)0)->pb_last_committed), ""%d != %d\n"", (int)sizeof(((struct ptlrpc_body_v3 *)0)->pb_last_committed), (int)sizeof(((struct ptlrpc_body_v2 *)0)->pb_last_committed)",1,0,1
"(int)offsetof(struct obd_dqinfo, dqi_bgrace) == 0, ""found %lld\n"", (long long)(int)offsetof(struct obd_dqinfo, dqi_bgrace)",1,0,1
!list_empty(&session->s_cap_flushing),1,0,1
infp->vsi_fshino,1,0,1
"!list_empty(&res->l_mask_waiters), ""Lockres %s has mask waiters pending\n"", res->l_name",1,0,1
"(int)sizeof(((struct mdt_rec_create *)0)->cr_suppgid2) == 4, ""found %lld\n"", (long long)(int)sizeof(((struct mdt_rec_create *)0)->cr_suppgid2)",1,0,1
host->hw_sg_used >= crq->n_elem,1,0,1
ARRAY_SIZE(node_state_attrs)-1 != NR_NODE_STATES,1,0,1
sizeof(linkparam.u.utility.name) >= UTILITY_NAME_LENGTH,1,0,1
priv->state_off && (priv->state != PRV_STATE_OFF),1,0,1
pkt->frames != pd->settings.size >> 2,1,0,1
((unsigned long) ioc->res_hint & (sizeof(unsigned long) - 1UL)) == 0,1,0,1
MGS_PARAM_MAXLEN == 1024,1,0,1
info->levels > 1,1,0,1
"btrfs_item_size_nr(leaf, path->slots[0]) != sizeof(*ei0)",1,0,1
!tlb->end,1,0,1
!(laddr >= 0 && laddr < rrpc->nr_pages),1,0,1
!digest_done,1,0,1
pages_mapped > BITS_PER_LONG,1,0,1
create && (ext_flags & OCFS2_EXT_REFCOUNTED),1,0,1
"(int)sizeof(((struct hsm_user_request *)0)->hur_request) == 24, ""found %lld\n"", (long long)(int)sizeof(((struct hsm_user_request *)0)->hur_request)",1,0,1
"OBD_CONNECT_NANOSEC_TIME == 0x800000000000ULL, ""found 0x%.16llxULL\n"", OBD_CONNECT_NANOSEC_TIME",1,0,1
REG_DUMP_COUNT_QCA988X % 4,1,0,1
!npt_enabled,1,0,1
"(int)sizeof(((struct ptlrpc_body_v3 *)0)->pb_timeout) == (int)sizeof(((struct ptlrpc_body_v2 *)0)->pb_timeout), ""%d != %d\n"", (int)sizeof(((struct ptlrpc_body_v3 *)0)->pb_timeout), (int)sizeof(((struct ptlrpc_body_v2 *)0)->pb_timeout)",1,0,1
!adapter->pdev,1,0,1
!di_bh,1,0,1
pd->bio_queue_size > 0,1,0,1
"(int)sizeof(((struct mdt_ioepoch *)0)->flags) == 4, ""found %lld\n"", (long long)(int)sizeof(((struct mdt_ioepoch *)0)->flags)",1,0,1
ARRAY_SIZE(arizona_micd_levels) < ARIZONA_NUM_MICD_BUTTON_LEVELS,1,0,1
tx_len < sizeof(*wsm),1,0,1
v_min > 63 || v_max > 63,1,0,1
net->ibn_tx_ps == NULL,1,0,1
"call->state <= RXRPC_CALL_COMPLETE, call->rx_data_recv, >=, call->rx_data_eaten",1,0,1
!(BBTOB(numblks) < btp->bt_meta_sectorsize),1,0,1
*mod == NULL,1,0,1
&bo->mutex,1,0,1
ml->highest_blocked != LKM_IVMODE,1,0,1
!dev || !dev->kfd2kgd,1,0,1
end > beg,1,0,1
"open_param != LLOG_OPEN_NEW, ""%#x\n"", open_param",1,0,1
"dlm, ctxt->yes_resp_map",1,0,1
"(int)sizeof(((struct llog_gen_rec *)0)->lgr_tail) == 8, ""found %lld\n"", (long long)(int)sizeof(((struct llog_gen_rec *)0)->lgr_tail)",1,0,1
"gl, gl->gl_state == gl->gl_target",1,0,1
"(int)sizeof(((struct lquota_acct_rec *)0)->ispace) == 8, ""found %lld\n"", (long long)(int)sizeof(((struct lquota_acct_rec *)0)->ispace)",1,0,1
!(NULL == l || BTRFSIC_BLOCK_LINK_MAGIC_NUMBER == l->magic_num),1,0,1
sg->length < msb->page_size,1,0,1
"(int)offsetof(struct ldlm_flock_wire, lfw_pid) == 28, ""found %lld\n"", (long long)(int)offsetof(struct ldlm_flock_wire, lfw_pid)",1,0,1
md->lsm_lock_owner == current_pid(),1,0,1
!list_empty(&td_chan->free_list),1,0,1
"(int)sizeof(((struct lquota_lvb *)0)->lvb_id_may_rel) == 8, ""found %lld\n"", (long long)(int)sizeof(((struct lquota_lvb *)0)->lvb_id_may_rel)",1,0,1
"ergo(result == 0, lock->cll_state == CLS_HELD)",1,0,1
atomic_read(&t->tf_access_cnt),1,0,1
!gameport->poll_handler,1,0,1
!list_empty(&local->interfaces),1,0,1
SH_ETH_MAX_REGISTER_OFFSET > SH_ETH_REG_DUMP_MAX_REGS,1,0,1
"(int)sizeof(struct lquota_glb_rec) == 32, ""found %lld\n"", (long long)(int)sizeof(struct lquota_glb_rec)",1,0,1
sizeof(struct acpi_nfit_memory_map) != 48,1,0,1
"!is_pipe_allocated(chip, pipe_index)",1,0,1
part_sn2->remote_vars_part_pa != L1_CACHE_ALIGN(part_sn2->remote_vars_part_pa),1,0,1
le32toh(vr0->info->magic) == MIC_MAGIC + type,1,0,1
operation != NULL,1,0,1
"xh_free_start > end, ""Defrag check failed for "" ""bucket %llu\n"", (unsigned long long)blkno",1,0,1
"ras->ras_window_start + ras->ras_window_len >= ras->ras_stride_offset, ""window_start %lu, window_len %lu stride_offset %lu\n"", ras->ras_window_start, ras->ras_window_len, ras->ras_stride_offset",1,0,1
!port || !chset,1,0,1
idx >= VIRTIO_BALLOON_S_NR,1,0,1
sizeof(cdev->keycode) < sizeof(keycode_rk2),1,0,1
lov->lo_lsm != NULL,1,0,1
"(int)sizeof(((struct ldlm_inodebits *)0)->bits) == 8, ""found %lld\n"", (long long)(int)sizeof(((struct ldlm_inodebits *)0)->bits)",1,0,1
"""kern_memfd_seal_shrink"", MFD_DEF_SIZE, MFD_CLOEXEC | MFD_ALLOW_SEALING",1,0,1
sizeof(*req_power) != sizeof(*weighted_req_power),1,0,1
"(int)sizeof(((struct mdt_rec_setxattr *)0)->sx_fsgid_h) == 4, ""found %lld\n"", (long long)(int)sizeof(((struct mdt_rec_setxattr *)0)->sx_fsgid_h)",1,0,1
MIN_FDT_ALIGN < 8,1,0,1
ctx == req->rq_cli_ctx,1,0,1
xr->node != raw,1,0,1
"(int)sizeof(((struct hsm_progress *)0)->hp_errval) == 2, ""found %lld\n"", (long long)(int)sizeof(((struct hsm_progress *)0)->hp_errval)",1,0,1
resp[NRS_RES_FALLBACK] != NULL,1,0,1
"(char __user *) xdr - buffer, ==, size",1,0,1
extlen < 1,1,0,1
ip->i_d.di_version >= 3,1,0,1
cr < 0 || cr >= 4,1,0,1
sizeof(struct b43legacy_iv) != 6,1,0,1
key->lct_init != NULL,1,0,1
(char *)&atomic_xor32 - (char *)&fixed_code_start != ATOMIC_XOR32 - FIXED_CODE_START,1,0,1
arizona->clk32k_ref <= 0,1,0,1
max_entries != r_max_entries,1,0,1
"VIRTIO_PCI_COMMON_Q_MSIX != offsetof(struct virtio_pci_common_cfg, queue_msix_vector)",1,0,1
sizeof(*elfregs) != sizeof(*regs),1,0,1
"(int)sizeof(((struct obd_ioobj *)0)->ioo_bufcnt) == 4, ""found %lld\n"", (long long)(int)sizeof(((struct obd_ioobj *)0)->ioo_bufcnt)",1,0,1
"request_irq(ipi, icp_ops->ipi_action, IRQF_PERCPU | IRQF_NO_THREAD, ""IPI"", NULL)",1,0,1
subs->runtime->dma_bytes >= 0x200000,1,0,1
"(int)sizeof(((struct ptlrpc_body_v3 *)0)->pb_padding) == (int)sizeof(((struct ptlrpc_body_v2 *)0)->pb_padding), ""%d != %d\n"", (int)sizeof(((struct ptlrpc_body_v3 *)0)->pb_padding), (int)sizeof(((struct ptlrpc_body_v2 *)0)->pb_padding)",1,0,1
rate != 48000,1,0,1
"MDS_FMODE_EXEC == 000000000004UL, ""found 0%.11oUL\n"", MDS_FMODE_EXEC",1,0,1
"!vma->anon_vma, vma",1,0,1
"osc_extent_is_overlapped(obj, cur) == 0, cur",1,0,1
"(int)offsetof(struct mdt_remote_perm, rp_access_perm) == 24, ""found %lld\n"", (long long)(int)offsetof(struct mdt_remote_perm, rp_access_perm)",1,0,1
"OBD_CONNECT_REQPORTAL == 0x40ULL, ""found 0x%.16llxULL\n"", OBD_CONNECT_REQPORTAL",1,0,1
vec - lv->lv_iovecp < lv->lv_niovecs,1,0,1
sizeof(struct ubi_ec_hdr) != 64,1,0,1
"!test_and_clear_bit(qd->qd_slot, sdp->sd_quota_bitmap)",1,0,1
num_bitmaps,1,0,1
"list_is_last(&cursor->data->links, cursor->data_head)",1,0,1
"(int)sizeof(((struct mdt_rec_setxattr *)0)->sx_fsgid) == 4, ""found %lld\n"", (long long)(int)sizeof(((struct mdt_rec_setxattr *)0)->sx_fsgid)",1,0,1
(pos & (ROMBSIZE - 1)) != 0,1,0,1
"0, ""invalid type %d\n"", io->ci_type",1,0,1
&oxu->lock,1,0,1
bhs[done + i]->b_blocknr != (p_block + i),1,0,1
"hugetlb_cgroup_from_page(page), page",1,0,1
!tport->sess_count,1,0,1
"atomic_read(&volume->usage), >, 0",1,0,1
pill->rc_loc == RCL_SERVER,1,0,1
!(chctl_flags & XPC_CHCTL_CLOSEREPLY),1,0,1
"self->dtsap_sel_ctrl != 0, return -1;",1,0,1
"(int)sizeof(((struct ptlrpc_body_v3 *)0)->pb_last_xid) == (int)sizeof(((struct ptlrpc_body_v2 *)0)->pb_last_xid), ""%d != %d\n"", (int)sizeof(((struct ptlrpc_body_v3 *)0)->pb_last_xid), (int)sizeof(((struct ptlrpc_body_v2 *)0)->pb_last_xid)",1,0,1
"sizeof(struct mrp_skb_cb) > FIELD_SIZEOF(struct sk_buff, cb)",1,0,1
rp->SAL_partid != xp_partition_id,1,0,1
dp <= end,1,0,1
(rbp->rbp_credits > 0) == !list_empty(&rbp->rbp_bufs),1,0,1
(subdevice_id & 0xfff0) != INDIGO,1,0,1
"(int)sizeof(((struct mdt_body *)0)->mtime) == 8, ""found %lld\n"", (long long)(int)sizeof(((struct mdt_body *)0)->mtime)",1,0,1
!zevio_irq_domain,1,0,1
"CFS_SETGRP_PERM == 0x00000004UL, ""found 0x%.8xUL\n"", (unsigned)CFS_SETGRP_PERM",1,0,1
count > LOGFS_BLOCKSIZE,1,0,1
!bdev->md_bdev,1,0,1
"(int)sizeof(struct llog_unlink_rec) == 40, ""found %lld\n"", (long long)(int)sizeof(struct llog_unlink_rec)",1,0,1
host->state == HST_INVALID,1,0,1
*head_blk < INT_MAX,1,0,1
"(int)sizeof(((struct mdt_rec_setxattr *)0)->sx_cap) == 4, ""found %lld\n"", (long long)(int)sizeof(((struct mdt_rec_setxattr *)0)->sx_cap)",1,0,1
host->req_in_progress,1,0,1
priv->state_off < 0,1,0,1
nfnl_group2type[i] == NFNL_SUBSYS_NONE,1,0,1
repo->dev_index > 10,1,0,1
"! ((core_if->lx_state == DWC_OTG_L1) ^ lpmcfg.b.prt_sleep_sts), ""lx_state = %d, lmpcfg.prt_sleep_sts = %d\n"", core_if->lx_state, lpmcfg.b.prt_sleep_sts",1,0,1
"(int)sizeof(struct ldlm_gl_lquota_desc) == 64, ""found %lld\n"", (long long)(int)sizeof(struct ldlm_gl_lquota_desc)",1,0,1
"(int)sizeof(((struct mdt_rec_create *)0)->cr_fsgid_h) == 4, ""found %lld\n"", (long long)(int)sizeof(((struct mdt_rec_create *)0)->cr_fsgid_h)",1,0,1
"r, ==, p + 256 + 4",1,0,1
"(int)offsetof(struct llog_changelog_user_rec, cur_padding) == 20, ""found %lld\n"", (long long)(int)offsetof(struct llog_changelog_user_rec, cur_padding)",1,0,1
"n == (param_len+value_len+3), return 0;",1,0,1
"(int)sizeof(((struct mdt_rec_setattr *)0)->sa_suppgid_h) == 4, ""found %lld\n"", (long long)(int)sizeof(((struct mdt_rec_setattr *)0)->sa_suppgid_h)",1,0,1
olpc_board_at_least(olpc_board(0xc2)),1,0,1
"(int)sizeof(((struct mdt_rec_create *)0)->cr_bias) == 4, ""found %lld\n"", (long long)(int)sizeof(((struct mdt_rec_create *)0)->cr_bias)",1,0,1
refcount < 0,1,0,1
sizeof(struct compat_msqid64_ds) != 104,1,0,1
sizeof(struct vringh_kiov) != sizeof(struct vringh_iov),1,0,1
!mfmt,1,0,1
"(int)sizeof(((struct mdt_body *)0)->nlink) == 4, ""found %lld\n"", (long long)(int)sizeof(((struct mdt_body *)0)->nlink)",1,0,1
"sbi, blk_addr < SEG0_BLKADDR(sbi) || blk_addr >= MAX_BLKADDR(sbi)",1,0,1
"(int)offsetof(struct llog_logid_rec, lid_padding3) == 48, ""found %lld\n"", (long long)(int)offsetof(struct llog_logid_rec, lid_padding3)",1,0,1
xpc_partition_deactivation_requested_sn2(partid),1,0,1
x < 0,1,0,1
"!test_bit(BTRFS_ROOT_REF_COWS, &root->state)",1,0,1
"OST_DISCONNECT == 9, ""found %lld\n"", (long long)OST_DISCONNECT",1,0,1
(granule > PAGE_SIZE) || !is_power_of_2(granule),1,0,1
c->bi.min_idx_lebs < c->main_lebs,1,0,1
cpos + write_len > max_cpos,1,0,1
"offsetof(typeof(kseq), ccmp) != offsetof(typeof(kseq), aes_gmac)",1,0,1
chip_mask < 0 || chip_mask > 0x0f,1,0,1
!req->rq_bulk_read && req->rq_bulk_write,1,0,1
"(int)sizeof(struct llog_rec_tail) == 8, ""found %lld\n"", (long long)(int)sizeof(struct llog_rec_tail)",1,0,1
"it_disposition(it, DISP_ENQ_CREATE_REF)",1,0,1
inode->i_sb->s_blocksize != PAGE_CACHE_SIZE,1,0,1
!list_empty(&asoc->endpoint_shared_keys),1,0,1
"MDS_ATTR_MTIME == 0x0000000000000020ULL, ""found 0x%.16llxULL\n"", (long long)MDS_ATTR_MTIME",1,0,1
nand->selected_bank < 0,1,0,1
rq->bio != rq->biotail,1,0,1
domain->glx != 0,1,0,1
"PageCompound(page_tail), page",1,0,1
!recv_ioctx,1,0,1
longs >= INT_MAX / BITS_PER_LONG,1,0,1
"sizeof(struct br_input_skb_cb) > FIELD_SIZEOF(struct sk_buff, cb)",1,0,1
err_ptr == NULL,1,0,1
rpcev->ev_fired == 0,1,0,1
i >= ARRAY_SIZE(pfnnid_map),1,0,1
UFFD_NONBLOCK != O_NONBLOCK,1,0,1
(subdevice_id & 0xfff0) != LAYLA20,1,0,1
row >= 0,1,0,1
"(int)sizeof(((struct lustre_msg_v2 *)0)->lm_bufcount) == 4, ""found %lld\n"", (long long)(int)sizeof(((struct lustre_msg_v2 *)0)->lm_bufcount)",1,0,1
"fd, O_RDWR | O_CREAT | O_TRUNC, S_IRUSR | S_IWUSR",1,0,1
"(int)sizeof(((struct obd_statfs *)0)->os_fsid) == 40, ""found %lld\n"", (long long)(int)sizeof(((struct obd_statfs *)0)->os_fsid)",1,0,1
oap->oap_page_off + oap->oap_count == PAGE_CACHE_SIZE,1,0,1
phyid != 0,1,0,1
"(int)sizeof(((struct changelog_ext_rec *)0)->cr_tfid) == 16, ""found %lld\n"", (long long)(int)sizeof(((struct changelog_ext_rec *)0)->cr_tfid)",1,0,1
"(done->dead_node != dlm->reco.dead_node), ""Got DATA DONE: dead_node=%u, reco.dead_node=%u, "" ""node_idx=%u, this node=%u\n"", done->dead_node, dlm->reco.dead_node, done->node_idx, dlm->node_num",1,0,1
compo->rst_aux,1,0,1
"obd->obd_minor == num, ""%p obd_minor %0d != %0d\n"", obd, obd->obd_minor, num",1,0,1
sigret_page == NULL,1,0,1
UBIFS_MAX_INO_NODE_SZ & 7,1,0,1
"MDS_INODELOCK_OPEN == 0x000004, ""found 0x%.8x\n"", MDS_INODELOCK_OPEN",1,0,1
XFRM_MSG_MAX != XFRM_MSG_MAPPING,1,0,1
chctl_flags & XPC_CHCTL_CLOSEREPLY,1,0,1
"dev_priv, pipe, PCH_HDMID",1,0,1
&sdata->local->key_mtx,1,0,1
new_slot == host->current_slot,1,0,1
pdirp,1,0,1
ARRAY_SIZE(mem_cgroup_events_names) != MEM_CGROUP_EVENTS_NSTATS,1,0,1
!port->port,1,0,1
"""Invalid hist entry"", !strcmp(COMM(he), ""perf"") && !strcmp(DSO(he), ""libc"") && !strcmp(SYM(he), ""free"") && he->stat.period == 100",1,0,1
"(int)sizeof(((struct ll_fiemap_info_key *)0)->oa) == 208, ""found %lld\n"", (long long)(int)sizeof(((struct ll_fiemap_info_key *)0)->oa)",1,0,1
ciagp != NULL,1,0,1
t->device_private_offset != 0,1,0,1
list_empty(&evsel->node),1,0,1
"ergo(rc == 0, ext->oe_state == OES_RPC), ext",1,0,1
"(int)sizeof(((struct mdt_rec_create *)0)->cr_ioepoch) == 8, ""found %lld\n"", (long long)(int)sizeof(((struct mdt_rec_create *)0)->cr_ioepoch)",1,0,1
"C_CAN_MSG_OBJ_RX_LAST > 16, ""Implementation does not support more message objects than 16""",1,0,1
cnt - label2 != OFFSET2,1,0,1
!(bip->__bli_format.blf_flags & XFS_BLFT_MASK),1,0,1
!resv->region_cache_count,1,0,1
!pm || !res,1,0,1
!uv_hub_nmi_list,1,0,1
d_backing_inode(parent->dentry),1,0,1
"(int)sizeof(((struct ost_body *)0)->oa) == 208, ""found %lld\n"", (long long)(int)sizeof(((struct ost_body *)0)->oa)",1,0,1
cursor->page_offset >= PAGE_SIZE,1,0,1
alen <= gap_remains,1,0,1
as->argc < num_args,1,0,1
"""kern_memfd_share_dup"", MFD_DEF_SIZE, MFD_CLOEXEC | MFD_ALLOW_SEALING",1,0,1
mutex_is_locked(&sptlrpc_conf_lock),1,0,1
res->id != -1,1,0,1
"(int)sizeof(((struct obd_connect_data *)0)->ocd_group) == 4, ""found %lld\n"", (long long)(int)sizeof(((struct obd_connect_data *)0)->ocd_group)",1,0,1
!left_path,1,0,1
"1, ""BUILD_BUG failed""",1,0,1
ll_sa_entry_unhashed(entry),1,0,1
"VIRTIO_PCI_COMMON_Q_ENABLE != offsetof(struct virtio_pci_common_cfg, queue_enable)",1,0,1
"(int)offsetof(struct mdt_rec_unlink, ul_padding_7) == 124, ""found %lld\n"", (long long)(int)offsetof(struct mdt_rec_unlink, ul_padding_7)",1,0,1
zn->level >= 0,1,0,1
"oi->ip_open_count, ""Clear inode of %llu has open count %d\n"", (unsigned long long)oi->ip_blkno, oi->ip_open_count",1,0,1
" sizeof(b->qwSignature) == sizeof(cdev->qw_sign), ""qwSignature size must be equal to qw_sign""",1,0,1
"lustre_msg_get_transno(req->rq_reqmsg) == lustre_msg_get_transno(req->rq_repmsg) || lustre_msg_get_transno(req->rq_repmsg) == 0, ""%#llx/%#llx\n"", lustre_msg_get_transno(req->rq_reqmsg), lustre_msg_get_transno(req->rq_repmsg)",1,0,1
"MDS_SET_INFO == 46, ""found %lld\n"", (long long)MDS_SET_INFO",1,0,1
"_clps711x_clkevt_init(clock, base, irq)",1,0,1
!list_empty(&task->ptrace_entry),1,0,1
"sbi, count < 0",1,0,1
cle->ce_owner != NULL,1,0,1
cmd->sg_cnt == 0,1,0,1
"(int)offsetof(struct obdo, o_blocks) == 64, ""found %lld\n"", (long long)(int)offsetof(struct obdo, o_blocks)",1,0,1
chip,1,0,1
list_empty(&osc->oo_reading_exts),1,0,1
idx < 1,1,0,1
ci->role >= CI_ROLE_END || !ci->roles[ci->role],1,0,1
*vallen == sizeof(struct obd_id_info),1,0,1
cl_lock_is_intransit(lock),1,0,1
"(int)offsetof(struct mdt_rec_link, lk_suppgid2) == 32, ""found %lld\n"", (long long)(int)offsetof(struct mdt_rec_link, lk_suppgid2)",1,0,1
"ext->oe_start >= start && ext->oe_max_end <= end, ext",1,0,1
!branch_is_call(auprobe),1,0,1
"!it || einfo->ei_type == LDLM_IBITS, ""lock type %d\n"", einfo->ei_type",1,0,1
!msynth->input_rfile.input,1,0,1
EFX_RX_USR_BUF_SIZE % L1_CACHE_BYTES,1,0,1
wbuf->offs >= 0 && wbuf->offs % c->min_io_size == 0,1,0,1
"conn->csum_iv.n[0], ==, tmpbuf.x[2]",1,0,1
" kfifo_in_locked(fifo, (unsigned char *) &entry, sizeof(u32), lock) == 0",1,0,1
list_empty(&ptl->ptl_msg_stealing),1,0,1
rds_info_funcs[offset] != func,1,0,1
"(int)sizeof(((struct cfg_marker *)0)->cm_step) == 4, ""found %lld\n"", (long long)(int)sizeof(((struct cfg_marker *)0)->cm_step)",1,0,1
!dqm || !kq || !qpd,1,0,1
ckdev->idev->keycodesize != sizeof(*keymap),1,0,1
!substream->ops->copy && !runtime->dma_area,1,0,1
rmh->cmd_len >= PCXHR_SIZE_MAX_CMD,1,0,1
sizeof(struct alx_txd) % 8,1,0,1
byte1 >= end,1,0,1
(i + n) > 6,1,0,1
"Q_EMPTY(wq->rq_rptr, wq->rq_wptr)",1,0,1
"it_disposition(&it, DISP_ENQ_OPEN_REF)",1,0,1
num_allocated != 0 && ring->next2fill == ring->next2comp,1,0,1
ARRAY_SIZE(vmcs_field_to_offset_table) > SHRT_MAX,1,0,1
index >= 0 && index < pd->pd_nthreads,1,0,1
"clocksource_register_hz(&sirfsoc_clocksource, atlas7_timer_rate)",1,0,1
addr < VMALLOC_START,1,0,1
efdp != NULL,1,0,1
addrspace_size & (addrspace_size - 1),1,0,1
mask & ~JOBCTL_PENDING_MASK,1,0,1
"(int)sizeof(((struct lmv_desc *)0)->ld_pattern) == 4, ""found %lld\n"", (long long)(int)sizeof(((struct lmv_desc *)0)->ld_pattern)",1,0,1
pcic != &txx9_primary_pcic,1,0,1
"st_shift, part, inst, rstst_offs",1,0,1
RCU_NUM_LVLS > ARRAY_SIZE(buf),1,0,1
"(int)offsetof(struct mdt_rec_rename, rn_fid2) == 56, ""found %lld\n"", (long long)(int)offsetof(struct mdt_rec_rename, rn_fid2)",1,0,1
buffer->len != EFX_PAGE_SIZE,1,0,1
"call->rx_data_recv, >=, call->rx_data_eaten",1,0,1
"(int)sizeof(((struct llog_rec_tail *)0)->lrt_index) == 4, ""found %lld\n"", (long long)(int)sizeof(((struct llog_rec_tail *)0)->lrt_index)",1,0,1
!zbr->znode,1,0,1
"(int)offsetof(struct quota_body, qb_id) == 16, ""found %lld\n"", (long long)(int)offsetof(struct quota_body, qb_id)",1,0,1
xpc_activate_IRQ_rcvd < 0,1,0,1
"(int)sizeof(((struct ptlrpc_body_v3 *)0)->pb_opc) == (int)sizeof(((struct ptlrpc_body_v2 *)0)->pb_opc), ""%d != %d\n"", (int)sizeof(((struct ptlrpc_body_v3 *)0)->pb_opc), (int)sizeof(((struct ptlrpc_body_v2 *)0)->pb_opc)",1,0,1
MACEISA_SERIAL2_RDMAOR_IRQ - MACEISA_AUDIO_SW_IRQ != 31,1,0,1
chix != path->p_idx,1,0,1
MC_CMD_GET_MAC_ADDRESSES_IN_LEN != 0,1,0,1
map,1,0,1
!div_value,1,0,1
orig->se_lun_acl != NULL,1,0,1
root_log_ctx.log_transid == log_root_tree->log_transid,1,0,1
len == be32_to_cpu(vid_hdr->data_size),1,0,1
SKB_GSO_DODGY != (NETIF_F_GSO_ROBUST >> NETIF_F_GSO_SHIFT),1,0,1
orig_end <= align_off + align_alen || align_alen + extsz > MAXEXTLEN,1,0,1
"(int)sizeof(((struct ost_lvb_v1 *)0)->lvb_ctime) == 8, ""found %lld\n"", (long long)(int)sizeof(((struct ost_lvb_v1 *)0)->lvb_ctime)",1,0,1
src_start + len <= src_start,1,0,1
"(int)offsetof(struct mdt_rec_unlink, ul_padding_2) == 80, ""found %lld\n"", (long long)(int)offsetof(struct mdt_rec_unlink, ul_padding_2)",1,0,1
"(int)offsetof(struct mdt_rec_unlink, ul_suppgid2) == 32, ""found %lld\n"", (long long)(int)offsetof(struct mdt_rec_unlink, ul_suppgid2)",1,0,1
"(int)offsetof(struct hsm_copy, hc_flags) == 8, ""found %lld\n"", (long long)(int)offsetof(struct hsm_copy, hc_flags)",1,0,1
list_empty(&root->delalloc_root),1,0,1
"(int)sizeof(((struct ptlrpc_body_v3 *)0)->pb_handle) == (int)sizeof(((struct ptlrpc_body_v2 *)0)->pb_handle), ""%d != %d\n"", (int)sizeof(((struct ptlrpc_body_v3 *)0)->pb_handle), (int)sizeof(((struct ptlrpc_body_v2 *)0)->pb_handle)",1,0,1
"(int)sizeof(((struct lmv_desc *)0)->ld_padding_4) == 4, ""found %lld\n"", (long long)(int)sizeof(((struct lmv_desc *)0)->ld_padding_4)",1,0,1
"sbi, (new_vblocks >> (sizeof(unsigned short) << 3) || (new_vblocks > sbi->blocks_per_seg))",1,0,1
"(int)sizeof(((struct lov_ost_data_v1 *)0)->l_ost_oi) == 16, ""found %lld\n"", (long long)(int)sizeof(((struct lov_ost_data_v1 *)0)->l_ost_oi)",1,0,1
"offsetof(struct hsm_user_import, hui_atime_ns) == 24, ""found %lld\n"", (long long)(int)offsetof(struct hsm_user_import, hui_atime_ns)",1,0,1
(MC_CMD_COMPLETION_TIMEOUT_MS * 1000) % MC_CMD_COMPLETION_POLLING_MAX_SLEEP_USECS != 0,1,0,1
sizeof(struct batadv_icmp_packet_rr) != 116,1,0,1
"(int)offsetof(struct obdo, o_blksize) == 80, ""found %lld\n"", (long long)(int)offsetof(struct obdo, o_blksize)",1,0,1
tp->t_rtx_res_used <= tp->t_rtx_res,1,0,1
count16 * sizeof(zd_addr_t) > sizeof(a16),1,0,1
"test_bit(CHAINIV_STATE_INUSE, &ctx->state) || ctx->queue.qlen",1,0,1
"(int)offsetof(struct obd_connect_data, padding2) == 80, ""found %lld\n"", (long long)(int)offsetof(struct obd_connect_data, padding2)",1,0,1
RB_EMPTY_NODE(&obj->objlist_link),1,0,1
list_empty(&oap->oap_rpc_item),1,0,1
"(int)offsetof(struct ldlm_inodebits, bits) == 0, ""found %lld\n"", (long long)(int)offsetof(struct ldlm_inodebits, bits)",1,0,1
!ins->codec_in_scb,1,0,1
"sdp, !ip->i_res->rs_qa_qd_num",1,0,1
fid_is_zero(&minfo->mi_data.op_fid2),1,0,1
"(int)sizeof(((struct obd_statfs *)0)->os_bfree) == 8, ""found %lld\n"", (long long)(int)sizeof(((struct obd_statfs *)0)->os_bfree)",1,0,1
"""wrong pid"", thread_map__pid(map, 0) == -1",1,0,1
i > KEY_PTRS(src),1,0,1
"""failed"", !test(path, an, ae, k, c, n, e)",1,0,1
error == -ENOATTR,1,0,1
sizeof(struct pismo_cs_block) != 48,1,0,1
(gap_start & 7) == 0,1,0,1
!host->data_complete,1,0,1
!(bp->b_flags & (_XBF_DELWRI_Q | XBF_ASYNC)),1,0,1
"""failed to get dso"", dsos[i]",1,0,1
offset >= il->cfg->eeprom_size,1,0,1
!ISUNWRITTEN(&imap),1,0,1
iip->ili_fields != 0 || XFS_FORCED_SHUTDOWN(ip->i_mount),1,0,1
!ext->oe_trunc_pending,1,0,1
!ice->pcm_pro,1,0,1
cstart < resv->r_start,1,0,1
"(int)offsetof(struct mdt_rec_link, lk_padding_2) == 88, ""found %lld\n"", (long long)(int)offsetof(struct mdt_rec_link, lk_padding_2)",1,0,1
(sizeof(mvmsta->agg_tids) * BITS_PER_BYTE) != IWL_MAX_TID_COUNT,1,0,1
tgt != io_req->tgt,1,0,1
"(int)offsetof(struct quota_body, qb_fid) == 0, ""found %lld\n"", (long long)(int)offsetof(struct quota_body, qb_fid)",1,0,1
abs_from >= abs_to,1,0,1
(size_t)(buf - buf_start) != n,1,0,1
lio == lov_env_io(env),1,0,1
sig == 0,1,0,1
last->vm_end <= last->vm_start,1,0,1
rpcev == &scd->scd_ev,1,0,1
fuse_control_sb,1,0,1
"lockres->l_requested == DLM_LOCK_IV, ""Lockres %.*s, requested ivmode. flags 0x%x\n"", lockres->l_namelen, lockres->l_name, lockres->l_flags",1,0,1
!list_empty(&schan->queued),1,0,1
"(int)sizeof(((struct cfg_marker *)0)->cm_flags) == 4, ""found %lld\n"", (long long)(int)sizeof(((struct cfg_marker *)0)->cm_flags)",1,0,1
B43_TAB_NOISEG1_SIZE != ARRAY_SIZE(b43_tab_noiseg1),1,0,1
refs_to_mod != -1,1,0,1
first->bi_vcnt <= LLOOP_MAX_SEGMENTS,1,0,1
bio->bi_vcnt,1,0,1
usb->urb_async_waiting == NULL,1,0,1
!di->i_refcount_loc,1,0,1
"""kern_memfd_share_open"", MFD_DEF_SIZE, MFD_CLOEXEC | MFD_ALLOW_SEALING",1,0,1
memmap.nr_entries == 0,1,0,1
!ring,1,0,1
"(int)offsetof(struct mgs_target_info, mti_lustre_ver) == 0, ""found %lld\n"", (long long)(int)offsetof(struct mgs_target_info, mti_lustre_ver)",1,0,1
priv->is_tx,1,0,1
data->n_addrs >= ARRAY_SIZE(data->addr),1,0,1
"(int)sizeof(((struct obdo *)0)->o_padding_4) == 8, ""found %lld\n"", (long long)(int)sizeof(((struct obdo *)0)->o_padding_4)",1,0,1
e4b->bd_group != ex->fe_group,1,0,1
prev->e_index_hash_p == index_hash_p,1,0,1
req->rq_bulk_read == 0 || req->rq_bulk_write == 0,1,0,1
"offsetof(typeof(*b), unused2) != 0",1,0,1
"offsetof(struct CfgTable, io_accel_request_size_offset) != 0xb8",1,0,1
!node->lowest && !node->detached,1,0,1
"(int)sizeof(((struct mdt_body *)0)->uid) == 4, ""found %lld\n"", (long long)(int)sizeof(((struct mdt_body *)0)->uid)",1,0,1
"(ext->oe_start <= cur->oe_start && ext->oe_end >= cur->oe_end), ext, EXTSTR, EXTPARA(cur)",1,0,1
"offsetof(typeof(*ocd), padding1) != 0",1,0,1
ARRAY_SIZE(mvm->ciphers) < ARRAY_SIZE(mvm_ciphers) + 2,1,0,1
"mmio, IMX_P0PHYCR_CR_WRITE, false",1,0,1
cmd != smu->cmd_i2c_cur,1,0,1
"(int)sizeof(((struct mdt_rec_unlink *)0)->ul_bias) == 4, ""found %lld\n"", (long long)(int)sizeof(((struct mdt_rec_unlink *)0)->ul_bias)",1,0,1
last_fsb > offset_fsb,1,0,1
"LDLM_LAST_OPC == 108, ""found %lld\n"", (long long)LDLM_LAST_OPC",1,0,1
"NULL, self->apply_prog.filter",1,0,1
len < btt->sector_size,1,0,1
MAX14577_CHARGER_CURRENT_LIMIT_HIGH_START + MAX14577_CHARGER_CURRENT_LIMIT_HIGH_STEP * 0xf != MAX14577_CHARGER_CURRENT_LIMIT_MAX,1,0,1
orig_request != NULL,1,0,1
cpg->eng_st != ENGINE_IDLE,1,0,1
"result <= 0 || result == CLO_REPEAT || result == CLO_WAIT, ""result = %d"", result",1,0,1
"(int)offsetof(struct lov_desc, ld_default_stripe_count) == 8, ""found %lld\n"", (long long)(int)offsetof(struct lov_desc, ld_default_stripe_count)",1,0,1
cpos < le32_to_cpu(rec->e_cpos) || trunc_range > rec_range,1,0,1
ntgts == 0,1,0,1
"device, test_bit(__LC_LOCKED, &device->act_log->flags)",1,0,1
!list_empty(&child->ptrace_entry),1,0,1
smp_processor_id() != boot_cpu_id,1,0,1
"""kern_memfd_seal_resize"", MFD_DEF_SIZE, MFD_CLOEXEC | MFD_ALLOW_SEALING",1,0,1
!list_empty(&cache->cache_list),1,0,1
sizeof(struct vmci_datagram) != 24,1,0,1
"key_type(c, &snod->key) == UBIFS_DATA_KEY || key_type(c, &snod->key) == UBIFS_INO_KEY || key_type(c, &snod->key) == UBIFS_DENT_KEY || key_type(c, &snod->key) == UBIFS_XENT_KEY",1,0,1
(subdevice_id & 0xfff0) != DARLA20,1,0,1
"sizeof(struct hsm_user_import) == 48, ""found %lld\n"", (long long)sizeof(struct hsm_user_import)",1,0,1
port->c_dest.count != 0,1,0,1
prev == NULL || prev->hsb_index < bds[i].bd_bucket->hsb_index,1,0,1
"!domain_pfn_supported(domain, iov_pfn + nr_pages - 1)",1,0,1
sizeof(struct lov_user_md_v1) == sizeof(struct lov_mds_md_v1),1,0,1
"(int)offsetof(struct obd_statfs, os_ffree) == 40, ""found %lld\n"", (long long)(int)offsetof(struct obd_statfs, os_ffree)",1,0,1
num_cap_releases != 0,1,0,1
"(int)sizeof(((struct llog_setattr64_rec *)0)->lsr_padding) == 8, ""found %lld\n"", (long long)(int)sizeof(((struct llog_setattr64_rec *)0)->lsr_padding)",1,0,1
!hdr || size <= 0,1,0,1
"(int)sizeof(struct ll_user_fiemap) == 32, ""found %lld\n"", (long long)(int)sizeof(struct ll_user_fiemap)",1,0,1
"(int)sizeof(((struct lov_desc *)0)->ld_padding_1) == 4, ""found %lld\n"", (long long)(int)sizeof(((struct lov_desc *)0)->ld_padding_1)",1,0,1
"MGS_DISCONNECT == 251, ""found %lld\n"", (long long)MGS_DISCONNECT",1,0,1
cluster->nr >= MAX_EXTENTS,1,0,1
"MDS_HSM_CT_REGISTER == 59, ""found %lld\n"", (long long)MDS_HSM_CT_REGISTER",1,0,1
reg_ix * 4 > REG_SPACE_SIZE,1,0,1
"(int)sizeof(((struct obd_quotactl *)0)->qc_type) == 4, ""found %lld\n"", (long long)(int)sizeof(((struct obd_quotactl *)0)->qc_type)",1,0,1
SKB_GSO_GRE != (NETIF_F_GSO_GRE >> NETIF_F_GSO_SHIFT),1,0,1
"(int)offsetof(struct cfg_marker, cm_tgtname) == 32, ""found %lld\n"", (long long)(int)offsetof(struct cfg_marker, cm_tgtname)",1,0,1
!flex_gd->count || !group_data || group_data[0].group != sbi->s_groups_count,1,0,1
iclog->ic_state != XLOG_STATE_DO_CALLBACK,1,0,1
"inode == file_inode(cl2ccc_io(env, ios)->cui_fd->fd_file)",1,0,1
vlr.irq >= dist->nr_irqs,1,0,1
(addr & CM_GCR_L2_ONLY_SYNC_BASE_SYNCBASE_MSK) != addr,1,0,1
"(int)offsetof(struct hsm_user_item, hui_extent) == 16, ""found %lld\n"", (long long)(int)offsetof(struct hsm_user_item, hui_extent)",1,0,1
!list_empty(&iwinc->ii_frags),1,0,1
list_empty(&ksocknal_data.ksnd_nets),1,0,1
"OBD_CONNECT_RMT_CLIENT == 0x10000ULL, ""found 0x%.16llxULL\n"", OBD_CONNECT_RMT_CLIENT",1,0,1
!PageTransHuge(src),1,0,1
alg->cra_type != &crypto_ablkcipher_type && alg->cra_type != &crypto_givcipher_type,1,0,1
s->len + num > s->size,1,0,1
clusters > le32_to_cpu(xv->xr_clusters),1,0,1
last != NULL,1,0,1
"(int)offsetof(struct llog_size_change_rec, lsc_fid) == 16, ""found %lld\n"", (long long)(int)offsetof(struct llog_size_change_rec, lsc_fid)",1,0,1
"""Invalid hist entry"", CPU(he) == 2 && PID(he) == 200 && !strcmp(COMM(he), ""perf"") && !strcmp(DSO(he), ""[kernel]"") && !strcmp(SYM(he), ""page_fault"") && he->stat.period == 100",1,0,1
msi_mpic,1,0,1
atomic_read(&(osb->journal->j_num_trans)) != 0,1,0,1
idx != FM10K_REGS_LEN_VSI,1,0,1
"(int)sizeof(((struct changelog_rec *)0)->cr_tfid) == 16, ""found %lld\n"", (long long)(int)sizeof(((struct changelog_rec *)0)->cr_tfid)",1,0,1
node->pending,1,0,1
!bqt || !bqt->tag_index[tag],1,0,1
(desc->bd_export != NULL) ^ (desc->bd_import != NULL),1,0,1
!d_page,1,0,1
sb_ptr == NULL,1,0,1
page_to_pfn(page) & (pageblock_nr_pages - 1),1,0,1
skb_queue_empty(&call->rx_oos_queue),1,0,1
"self->magic == LAP_MAGIC, return -EINVAL;",1,0,1
"(int)offsetof(struct obd_connect_data, ocd_instance) == 60, ""found %lld\n"", (long long)(int)offsetof(struct obd_connect_data, ocd_instance)",1,0,1
client->debugfs_dir,1,0,1
!def,1,0,1
"atomic_read(a) != v, ""value: %d\n"", atomic_read((a))",1,0,1
list_empty(&handle->u.chd.chd_head),1,0,1
B43_TAB_FINEFREQG_SIZE != ARRAY_SIZE(b43_tab_finefreqg),1,0,1
"MDS_OPEN_NORESTORE == 00000000000100000000000ULL, ""found 0%.22lloULL\n"", (long long)MDS_OPEN_NORESTORE",1,0,1
"(int)offsetof(struct mdt_rec_link, lk_suppgid1_h) == 28, ""found %lld\n"", (long long)(int)offsetof(struct mdt_rec_link, lk_suppgid1_h)",1,0,1
sp < 0,1,0,1
"(int)offsetof(struct lov_desc, ld_padding_0) == 32, ""found %lld\n"", (long long)(int)offsetof(struct lov_desc, ld_padding_0)",1,0,1
target < 0,1,0,1
"(int)sizeof(struct lquota_slv_rec) == 8, ""found %lld\n"", (long long)(int)sizeof(struct lquota_slv_rec)",1,0,1
(flags & (XFS_BMAPI_METADATA | XFS_BMAPI_ZERO)) != (XFS_BMAPI_METADATA | XFS_BMAPI_ZERO),1,0,1
req->rq_phase == RQ_PHASE_COMPLETE,1,0,1
tm->slot >= n,1,0,1
"lu_fid_eq(&lli->lli_fid, &body->fid1), ""Trying to change FID ""DFID "" to the ""DFID"", inode %lu/%u(%p)\n"", PFID(&lli->lli_fid), PFID(&body->fid1), inode->i_ino, inode->i_generation, inode",1,0,1
"offsetof(struct cbe_mic_tm_regs, mic_df_ecc_address_0) != 0xf8",1,0,1
"(int)sizeof(((struct cfg_marker *)0)->cm_vers) == 4, ""found %lld\n"", (long long)(int)sizeof(((struct cfg_marker *)0)->cm_vers)",1,0,1
"data_size > btrfs_item_size(leaf, item)",1,0,1
location == RCL_SERVER || location == RCL_CLIENT,1,0,1
"result->obd_magic == OBD_DEVICE_MAGIC, ""%p obd_magic %08x != %08x\n"", result, result->obd_magic, OBD_DEVICE_MAGIC",1,0,1
"(int)offsetof(struct mdt_rec_rename, rn_padding_7) == 128, ""found %lld\n"", (long long)(int)offsetof(struct mdt_rec_rename, rn_padding_7)",1,0,1
!vgic_initialized(vcpu->kvm),1,0,1
atomic_read(&dev->reset_cmds_out) != 0,1,0,1
in_mbox_size % sizeof(u32) || out_mbox_size % sizeof(u32),1,0,1
"(int)offsetof(struct mdt_rec_setxattr, sx_fsuid_h) == 12, ""found %lld\n"", (long long)(int)offsetof(struct mdt_rec_setxattr, sx_fsuid_h)",1,0,1
"self != NULL, 0, PPP_ERROR, ""Self is NULL !!!\n""",1,0,1
!found_extent,1,0,1
vaddr != __fix_to_virt(idx),1,0,1
"!cpumask_equal(&cpumask, &tmp)",1,0,1
OLS_BLOCKED < OLS_CANCELLED,1,0,1
!PageUptodate(page_tail),1,0,1
"(int)sizeof(((struct mdt_rec_reint *)0)->rr_opcode) == 4, ""found %lld\n"", (long long)(int)sizeof(((struct mdt_rec_reint *)0)->rr_opcode)",1,0,1
"(int)sizeof(((struct obd_connect_data *)0)->ocd_connect_flags) == 8, ""found %lld\n"", (long long)(int)sizeof(((struct obd_connect_data *)0)->ocd_connect_flags)",1,0,1
"offsetof(struct ieee80211_tx_info, status.rates) != 8",1,0,1
!mutex_is_locked(&rt2x00dev->csr_mutex),1,0,1
"""Unmatched total period for all filter"", hists->stats.total_non_filtered_period == 200",1,0,1
cpus_per_node*g->p.nr_nodes != g->p.nr_cpus,1,0,1
"(int)sizeof(((struct ldlm_request *)0)->lock_flags) == 4, ""found %lld\n"", (long long)(int)sizeof(((struct ldlm_request *)0)->lock_flags)",1,0,1
__ELANTS_FIELD_SIZE(_field) > 2,1,0,1
(l - labels) > ARRAY_SIZE(labels),1,0,1
!dqm || !kq,1,0,1
"(int)sizeof(((struct mdt_rec_link *)0)->lk_padding_1) == 8, ""found %lld\n"", (long long)(int)sizeof(((struct mdt_rec_link *)0)->lk_padding_1)",1,0,1
"(int)sizeof(((struct obd_quotactl *)0)->qc_dqblk) == 72, ""found %lld\n"", (long long)(int)sizeof(((struct obd_quotactl *)0)->qc_dqblk)",1,0,1
!bus->self,1,0,1
ARRAY_SIZE(max14577_i2c_id) != MAXIM_DEVICE_TYPE_NUM,1,0,1
obj_request_type_valid(type),1,0,1
bits == hs->hs_cur_bits || bits == hs->hs_rehash_bits,1,0,1
!(c->flags & JFFS2_SB_FLAG_BUILDING),1,0,1
"LCK_EX == 1, ""found %lld\n"", (long long)LCK_EX",1,0,1
src_format->channels <= 0,1,0,1
"(int)offsetof(struct lustre_msg_v2, lm_magic) == 8, ""found %lld\n"", (long long)(int)offsetof(struct lustre_msg_v2, lm_magic)",1,0,1
"(int)offsetof(struct hsm_action_list, hal_count) == 4, ""found %lld\n"", (long long)(int)offsetof(struct hsm_action_list, hal_count)",1,0,1
sizeof(wl->pio_scratchspace) < sizeof(*rxhdr),1,0,1
"(int)sizeof(((struct llog_log_hdr *)0)->llh_bitmap_offset) == 4, ""found %lld\n"", (long long)(int)sizeof(((struct llog_log_hdr *)0)->llh_bitmap_offset)",1,0,1
!fifo,1,0,1
*mem_tgt,1,0,1
"device, m || (req->rq_state & RQ_POSTPONED)",1,0,1
"offsetof(struct cfserl, layer) == 0",1,0,1
"(int)offsetof(struct mdt_rec_unlink, ul_fsgid_h) == 20, ""found %lld\n"", (long long)(int)offsetof(struct mdt_rec_unlink, ul_fsgid_h)",1,0,1
"offsetof(typeof(*m), lm_padding_3) != 0",1,0,1
frag_len <= 0xffff,1,0,1
"(int)offsetof(struct mdt_rec_link, lk_padding_1) == 80, ""found %lld\n"", (long long)(int)offsetof(struct mdt_rec_link, lk_padding_1)",1,0,1
!sched->tasks,1,0,1
mdsc->caps_reserve_count < ctx->count,1,0,1
lio->lis_cl.cis_io != NULL,1,0,1
offset > ADV_CARRIER_BUFSIZE,1,0,1
"(int)sizeof(((struct mdt_rec_setattr *)0)->sa_valid) == 8, ""found %lld\n"", (long long)(int)sizeof(((struct mdt_rec_setattr *)0)->sa_valid)",1,0,1
"(int)offsetof(struct hsm_action_list, hal_archive_id) == 24, ""found %lld\n"", (long long)(int)offsetof(struct hsm_action_list, hal_archive_id)",1,0,1
!GC_SECTORS_USED(g),1,0,1
sdp,1,0,1
"sizeof(((struct hsm_user_import *)0)->hui_size) == 8, ""found %lld\n"", (long long)sizeof(((struct hsm_user_import *)0)->hui_size)",1,0,1
req->rq_next_phase != RQ_PHASE_UNDEFINED,1,0,1
end > offset,1,0,1
rset->srs_nslot && rset->srs_rules,1,0,1
XFS_BUF_ISDONE(bp),1,0,1
regno >= MAX_BPF_REG,1,0,1
"(int)offsetof(struct ldlm_gl_lquota_desc, gl_time) == 48, ""found %lld\n"", (long long)(int)offsetof(struct ldlm_gl_lquota_desc, gl_time)",1,0,1
!bh->b_end_io,1,0,1
mcdi->state == MCDI_STATE_QUIESCENT,1,0,1
le32_to_cpu(fe->i_fs_generation) != osb->fs_generation,1,0,1
ncpts > 0 && ncpts <= cfs_cpt_number(lnet_cpt_table()),1,0,1
i >= JBD2_MAX_SLABS,1,0,1
si->si_bh == NULL,1,0,1
journal->j_flags & JBD2_UNMOUNT,1,0,1
"octets != NULL, return;",1,0,1
btrfs_root_bytenr(&root->root_item) == lower->bytenr,1,0,1
"(int)offsetof(struct lov_desc, ld_default_stripe_size) == 16, ""found %lld\n"", (long long)(int)offsetof(struct lov_desc, ld_default_stripe_size)",1,0,1
header == NULL,1,0,1
map.rm.base,1,0,1
dm_bufio_client_count < 0,1,0,1
tq->tx_ring.base || tq->data_ring.base || tq->comp_ring.base || tq->buf_info,1,0,1
!cp,1,0,1
le16_to_cpu(left_el->l_next_free_rec) != le16_to_cpu(left_el->l_count),1,0,1
"OBD_CONNECT_CHANGE_QS == 0x10000000ULL, ""found 0x%.16llxULL\n"", OBD_CONNECT_CHANGE_QS",1,0,1
"offsetof(struct ib_dm_mad, data) != IB_MGMT_DEVICE_HDR",1,0,1
imp->imp_dlm_fake == 1,1,0,1
desc->bd_md_max_brw <= PTLRPC_BULK_OPS_COUNT,1,0,1
"(int)sizeof(((struct mdt_ioepoch *)0)->handle) == 8, ""found %lld\n"", (long long)(int)sizeof(((struct mdt_ioepoch *)0)->handle)",1,0,1
part->act_state != XPC_P_AS_DEACTIVATING,1,0,1
"ci->ci_num_cached != OCFS2_CACHE_INFO_MAX_ARRAY, ""Owner %llu, num cached = %u, should be %u\n"", (unsigned long long)ocfs2_metadata_cache_owner(ci), ci->ci_num_cached, OCFS2_CACHE_INFO_MAX_ARRAY",1,0,1
!(lock_mode & XFS_IOLOCK_EXCL) || inodes <= XFS_IOLOCK_MAX_SUBCLASS + 1,1,0,1
i && sym_get_cam_status(cp->cmd) == DID_SOFT_ERROR,1,0,1
"(int)sizeof(((struct mgs_target_info *)0)->mti_uuid) == 40, ""found %lld\n"", (long long)(int)sizeof(((struct mgs_target_info *)0)->mti_uuid)",1,0,1
block_ctx->mem_to_free,1,0,1
newctx,1,0,1
!rwsem_is_locked(&EXT4_I(inode2)->i_data_sem),1,0,1
"(int)sizeof(((struct ldlm_resource_desc *)0)->lr_name) == 32, ""found %lld\n"", (long long)(int)sizeof(((struct ldlm_resource_desc *)0)->lr_name)",1,0,1
"(int)sizeof(((struct ptlrpc_body_v3 *)0)->pb_limit) == (int)sizeof(((struct ptlrpc_body_v2 *)0)->pb_limit), ""%d != %d\n"", (int)sizeof(((struct ptlrpc_body_v3 *)0)->pb_limit), (int)sizeof(((struct ptlrpc_body_v2 *)0)->pb_limit)",1,0,1
!sio->suckyio_irq_enabled,1,0,1
atomic_read(&ctx->cc_refcount) == 1,1,0,1
"(int)sizeof(((struct lustre_capa_key *)0)->lk_keyid) == 4, ""found %lld\n"", (long long)(int)sizeof(((struct lustre_capa_key *)0)->lk_keyid)",1,0,1
amgm_index_to_free < dev->limits.num_mgms,1,0,1
sizeof(struct mmal_msg) > MMAL_MSG_MAX_SIZE,1,0,1
(in_f->ilf_size == 3) || (fields & XFS_ILOG_AFORK),1,0,1
"offsetof(struct nft_set_ext, genmask) != 0",1,0,1
nbytes > sizeof(buf),1,0,1
i < ubi->vtbl_slots,1,0,1
!__builtin_constant_p(type),1,0,1
lnet_ptl_is_wildcard(ptl) || lnet_ptl_is_unique(ptl),1,0,1
"(int)sizeof(((struct mdt_rec_link *)0)->lk_fsgid_h) == 4, ""found %lld\n"", (long long)(int)sizeof(((struct mdt_rec_link *)0)->lk_fsgid_h)",1,0,1
"(int)offsetof(struct mdt_ioepoch, handle) == 0, ""found %lld\n"", (long long)(int)offsetof(struct mdt_ioepoch, handle)",1,0,1
b->ops->is_extents && !KEY_SIZE(k),1,0,1
!sou->buffer,1,0,1
lck->lls_nr_filled == 0,1,0,1
"MSGHDR_CKSUM_INCOMPAT18 == 2, ""found %lld\n"", (long long)MSGHDR_CKSUM_INCOMPAT18",1,0,1
sock > 0,1,0,1
offset & ~huge_page_mask(h),1,0,1
(fields & XFS_ILOG_DFORK) == 0,1,0,1
!chan->phy,1,0,1
!mddev,1,0,1
hv_pte_get_writable(pte),1,0,1
"tty_ldisc_reinit(tty, N_TTY)",1,0,1
resv->region_cache_count <= 0,1,0,1
!is_power_of_2(align),1,0,1
"(int)sizeof(((struct lmv_desc *)0)->ld_tgt_count) == 4, ""found %lld\n"", (long long)(int)sizeof(((struct lmv_desc *)0)->ld_tgt_count)",1,0,1
"(int)sizeof(((struct layout_intent *)0)->li_start) == 8, ""found %lld\n"", (long long)(int)sizeof(((struct layout_intent *)0)->li_start)",1,0,1
d->entries,1,0,1
bind_cpu_0 > bind_cpu_1,1,0,1
B43_TAB_ROTOR_SIZE != ARRAY_SIZE(b43_tab_rotor),1,0,1
!con->sock,1,0,1
"(int)sizeof(((struct obd_connect_data *)0)->padding2) == 8, ""found %lld\n"", (long long)(int)sizeof(((struct obd_connect_data *)0)->padding2)",1,0,1
pm->allocated == true,1,0,1
avail != (4 - slot),1,0,1
"""Invalid hist entry"", !strcmp(COMM(he), ""perf"") && !strcmp(DSO(he), ""[kernel]"") && he->stat.period == 200",1,0,1
"gl->gl_name.ln_sbd, !atomic_read(&gl->gl_ail_count)",1,0,1
ips && inodes >= 2 && inodes <= 5,1,0,1
"rc2 == 0, ""rc2 = %d\n"", rc2",1,0,1
g->p.mb_global < 0,1,0,1
(skreq->id & SKD_ID_INCR) != 0,1,0,1
!cl_env_info(env)->clt_counters[CNL_TOP].ctc_nr_locks_acquired,1,0,1
desc != NULL,1,0,1
SVGA3D_DX_MAX_SOTARGETS*sizeof(SVGA3dSoTarget) > VMW_MAX_VIEW_BINDINGS*sizeof(u32),1,0,1
buf->os_buf == NULL,1,0,1
"QUOTABLOCK_SIZE == 1024, ""found %lld\n"", (long long)QUOTABLOCK_SIZE",1,0,1
!iface,1,0,1
"""wrong kmod"", m.kmod == kmod",1,0,1
IWL_MVM_MAX_UMAC_SCANS > HWEIGHT32(IWL_MVM_SCAN_MASK) || IWL_MVM_MAX_LMAC_SCANS > HWEIGHT32(IWL_MVM_SCAN_MASK),1,0,1
"(int)offsetof(struct obd_connect_data, ocd_index) == 16, ""found %lld\n"", (long long)(int)offsetof(struct obd_connect_data, ocd_index)",1,0,1
slice->cpl_page->cp_sync_io != NULL,1,0,1
!(pte_val(*ptep) & _PAGE_INVALID),1,0,1
ebase != CKSEG0,1,0,1
!snap_rwsem_locked,1,0,1
KMALLOC_MIN_SIZE > 16 || KMALLOC_SHIFT_HIGH < 10,1,0,1
sleb->endpt % c->min_io_size == 0,1,0,1
net->ibn_dev->ibd_nnets > 0,1,0,1
sizeof(struct nvme_nvm_ph_rw) != 64,1,0,1
"(int)offsetof(struct ll_fiemap_info_key, name[8]) == 8, ""found %lld\n"", (long long)(int)offsetof(struct ll_fiemap_info_key, name[8])",1,0,1
mlc->ddi >= 6,1,0,1
"self->saddr == saddr, return;",1,0,1
sheight < 1,1,0,1
stripe < lio->lis_stripe_count,1,0,1
opcode != CEPH_OSD_OP_CALL,1,0,1
&obj->co_cl == page->cp_obj,1,0,1
attr_len != i_size,1,0,1
rtas_stop_self_token == RTAS_UNKNOWN_SERVICE,1,0,1
pcidev != NULL,1,0,1
result != CLO_WAIT,1,0,1
list_empty(&object->pending_ops),1,0,1
why == RESTART_META,1,0,1
!mutex_is_locked(&mm_all_locks_mutex),1,0,1
"REINT_CREATE == 2, ""found %lld\n"", (long long)REINT_CREATE",1,0,1
!xs->not_found,1,0,1
target == victim,1,0,1
&fsn_mark->lock,1,0,1
stat.size < 0,1,0,1
"MDS_OPEN_VOLATILE == 00000000000400000000000ULL, ""found 0%.22lloULL\n"", (long long)MDS_OPEN_VOLATILE",1,0,1
"(int)offsetof(struct getinfo_fid2path, gf_recno) == 16, ""found %lld\n"", (long long)(int)offsetof(struct getinfo_fid2path, gf_recno)",1,0,1
minfo && einfo,1,0,1
"lap->magic == LMP_LAP_MAGIC, return -1;",1,0,1
"(int)sizeof(((struct mdt_remote_perm *)0)->rp_gid) == 4, ""found %lld\n"", (long long)(int)sizeof(((struct mdt_remote_perm *)0)->rp_gid)",1,0,1
UBIFS_TRUN_NODE_SZ & 7,1,0,1
page != 0,1,0,1
!is_power_of_2(sizeof(struct mem_section)),1,0,1
mmode_idx == -1,1,0,1
tp->fastopen_rsk,1,0,1
lengthPXD(xp) == nbperpage,1,0,1
!node->scanned_block,1,0,1
ubi->min_io_size % ubi->hdrs_min_io_size == 0,1,0,1
len % mtd->erasesize,1,0,1
"(int)offsetof(struct mdt_rec_rename, rn_padding_4) == 104, ""found %lld\n"", (long long)(int)offsetof(struct mdt_rec_rename, rn_padding_4)",1,0,1
dev->reg_state != NETREG_RELEASED,1,0,1
limit && goal + size > limit,1,0,1
dlmlock->l_granted_mode == dlmlock->l_req_mode,1,0,1
mark_unwritten && !ocfs2_sparse_alloc(osb),1,0,1
atomic_read(&sai->sai_cache_count) == 0,1,0,1
(r - relocs) > ARRAY_SIZE(relocs),1,0,1
"SIGSTOP, WSTOPSIG(status)",1,0,1
LOV_MAGIC_V1 == 0x0BD10BD0,1,0,1
sizeof(struct msqid64_ds) != 104,1,0,1
"(int)offsetof(struct obd_connect_data, padding4) == 96, ""found %lld\n"", (long long)(int)offsetof(struct obd_connect_data, padding4)",1,0,1
"(int)offsetof(struct idx_info, ii_version) == 32, ""found %lld\n"", (long long)(int)offsetof(struct idx_info, ii_version)",1,0,1
fill > 1,1,0,1
conf->coc_opc == OBJECT_CONF_SET,1,0,1
!pfn_valid(pud_pfn(pud)),1,0,1
atomic64_read(&v) != r,1,0,1
!(__mask) || !is_valid_mask(__mask) || (__mask) != (__type)(__mask),1,0,1
rs->rs_svc_ctx->sc_policy,1,0,1
"lock != NULL, ""Non-existing lock: %#llx\n"", lockh->cookie",1,0,1
"(int)offsetof(struct changelog_ext_rec, cr_flags) == 2, ""found %lld\n"", (long long)(int)offsetof(struct changelog_ext_rec, cr_flags)",1,0,1
(iattr->ia_valid & (ATTR_UID|ATTR_GID|ATTR_ATIME|ATTR_ATIME_SET| ATTR_MTIME_SET|ATTR_KILL_PRIV|ATTR_TIMES_SET)) == 0,1,0,1
!mutex_is_locked(&reading_mutex),1,0,1
pi++ >= MAX_DCMDS,1,0,1
!list_empty(&mchan->queued),1,0,1
!bank->pctldev,1,0,1
offset > ext4_get_inline_size(inode),1,0,1
iw_event->status,1,0,1
bits & ~gpct_interrupt_b_enable_mask,1,0,1
"(int)offsetof(struct hsm_user_state, hus_in_progress_state) == 8, ""found %lld\n"", (long long)(int)offsetof(struct hsm_user_state, hus_in_progress_state)",1,0,1
request->msg_type == srpc_service2request(sv->sv_id),1,0,1
bufs + 1 > max,1,0,1
"(long)req > PAGE_CACHE_SIZE && req != LP_POISON, ""req %p bad\n"", req",1,0,1
"BAD_MAGIC(q, QUEUE_MAGIC_FREE)",1,0,1
numerrs == -EINVAL,1,0,1
!over,1,0,1
mapping->private_data != buffer_mapping,1,0,1
to & (PAGE_SIZE - 1),1,0,1
"(int)sizeof(((struct mdt_rec_create *)0)->cr_old_handle) == 8, ""found %lld\n"", (long long)(int)sizeof(((struct mdt_rec_create *)0)->cr_old_handle)",1,0,1
!io->ci_need_restart,1,0,1
"sizeof(((struct hsm_user_import *)0)->hui_atime_ns) == 4, ""found %lld\n"", (long long)sizeof(((struct hsm_user_import *)0)->hui_atime_ns)",1,0,1
pos < bufsz,1,0,1
CIS_IT_STARTED <= io->ci_state && io->ci_state < CIS_UNLOCKED,1,0,1
CCN_HNF_PMU_EVENT_SEL != CCN_SBAS_PMU_EVENT_SEL,1,0,1
!trident || !voice || !substream,1,0,1
!drv->bus->p,1,0,1
FORMAT_TYPE_USHORT + SIGN != FORMAT_TYPE_SHORT,1,0,1
"(int)offsetof(struct llogd_body, lgd_llh_flags) == 24, ""found %lld\n"", (long long)(int)offsetof(struct llogd_body, lgd_llh_flags)",1,0,1
spec->pool_id != CEPH_NOPOOL,1,0,1
!req->header.result,1,0,1
!(cachep->flags & SLAB_STORE_USER),1,0,1
"(int)sizeof(((struct obdo *)0)->o_parent_oid) == 4, ""found %lld\n"", (long long)(int)sizeof(((struct obdo *)0)->o_parent_oid)",1,0,1
atomic_read(&bo->kref.refcount),1,0,1
top->loh_hash.next == NULL && top->loh_hash.pprev == NULL,1,0,1
"! of_device_is_compatible(node, ""ibm,uic"")",1,0,1
coffset < (export)->exp_obd->md_stats->ls_num,1,0,1
imp_conn->oic_last_attempt,1,0,1
!mutex_is_locked(&inode->i_mutex),1,0,1
(NR_CPUS/32 * 9) > (PAGE_SIZE-1),1,0,1
KM_TYPE_NR > PTRS_PER_PTE,1,0,1
i == ncpts,1,0,1
PAGE_SIZE < pref_bias_copy_load,1,0,1
"atomic_read(&page->_count) == 0, page",1,0,1
"ergo(nrq != NULL, nrs_request_policy(nrq) == policy)",1,0,1
MDIO_SUPPORTS_C45 != ETH_MDIO_SUPPORTS_C45,1,0,1
cpu_count > (max_cpus ? max_cpus : 1),1,0,1
"(int)offsetof(struct ptlrpc_body_v3, pb_limit) == 76, ""found %lld\n"", (long long)(int)offsetof(struct ptlrpc_body_v3, pb_limit)",1,0,1
"true, IS_SECCOMP_EVENT(status)",1,0,1
runtime->avail + count > runtime->buffer_size,1,0,1
"(int)offsetof(struct obd_quotactl, qc_dqinfo) == 16, ""found %lld\n"", (long long)(int)offsetof(struct obd_quotactl, qc_dqinfo)",1,0,1
"""wrong bp_len"", HW_BREAKPOINT_LEN_2 == evsel->attr.bp_len",1,0,1
"DISP_ENQ_COMPLETE == 0x00400000UL, ""found 0x%.8xUL\n"", (unsigned)DISP_ENQ_COMPLETE",1,0,1
&wq_mayday_lock,1,0,1
"(int)sizeof(((struct mdt_rec_unlink *)0)->ul_fid2) == 16, ""found %lld\n"", (long long)(int)sizeof(((struct mdt_rec_unlink *)0)->ul_fid2)",1,0,1
"offsetof(struct io_accel2_cmd, sg) > 16 * MIN_IOACCEL2_BFT_ENTRY",1,0,1
"list_empty(&r->res_convertqueue), dlm_dump_rsb(r);",1,0,1
(unsigned)vector >= IA64_NUM_VECTORS,1,0,1
opc == MDS_CLOSE || opc == MDS_DONE_WRITING,1,0,1
i >= devices_cnt,1,0,1
FIEMAP_EXTENT_DATA_INLINE == 0x00000200,1,0,1
dapm,1,0,1
"OBD_CONNECT_CKSUM == 0x20000000ULL, ""found 0x%.16llxULL\n"", OBD_CONNECT_CKSUM",1,0,1
"IS_ALIGNED((unsigned long)vec->i_addr, sizeof(uint64_t))",1,0,1
tlck->type & tlckEA,1,0,1
nimaps >= imaps,1,0,1
jbd2_journal_head_cache == NULL,1,0,1
len != (OCFS2_DENTRY_LOCK_INO_START - 1),1,0,1
num == 0 || num > 0xf,1,0,1
"peer_device, data_size == 0",1,0,1
"OBD_CONNECT_ACL == 0x80ULL, ""found 0x%.16llxULL\n"", OBD_CONNECT_ACL",1,0,1
cpu1 == cpu2,1,0,1
((m) >> SP_FBITS) == 0,1,0,1
"(int)offsetof(struct ost_lvb, lvb_blocks) == 32, ""found %lld\n"", (long long)(int)offsetof(struct ost_lvb, lvb_blocks)",1,0,1
phyid == phyinfo->id,1,0,1
next_free >= le16_to_cpu(el->l_count),1,0,1
"(int)offsetof(struct quota_body, qb_padding1[4]) == 112, ""found %lld\n"", (long long)(int)offsetof(struct quota_body, qb_padding1[4])",1,0,1
"(int)offsetof(struct hsm_progress_kernel, hpk_padding1) == 44, ""found %lld\n"", (long long)(int)offsetof(struct hsm_progress_kernel, hpk_padding1)",1,0,1
"bug, mm",1,0,1
inode->i_fop->release != ceph_release,1,0,1
(subdevice_id & 0xfff0) != INDIGO_IO,1,0,1
"""Invalid hist entry"", CPU(he) == 1 && PID(he) == 100 && !strcmp(COMM(he), ""perf"") && !strcmp(DSO(he), ""libc"") && !strcmp(SYM(he), ""malloc"") && he->stat.period == 100",1,0,1
"(int)offsetof(struct llog_log_hdr, llh_tgtuuid) == 44, ""found %lld\n"", (long long)(int)offsetof(struct llog_log_hdr, llh_tgtuuid)",1,0,1
sizeof(struct fcoe_rcv_info) > sizeof(skb->cb),1,0,1
"(int)sizeof(((struct mdt_rec_link *)0)->lk_fid2) == 16, ""found %lld\n"", (long long)(int)sizeof(((struct mdt_rec_link *)0)->lk_fid2)",1,0,1
"page_count == 1 || (ergo(i == 0, poff + pg->count == PAGE_CACHE_SIZE) && ergo(i > 0 && i < page_count - 1, poff == 0 && pg->count == PAGE_CACHE_SIZE) && ergo(i == page_count - 1, poff == 0)), ""i: %d/%d pg: %p off: %llu, count: %u\n"", i, page_count, pg, pg->off, pg->count",1,0,1
offset & 0x3,1,0,1
sizeof(geo->uuid)==sizeof(mp->m_sb.sb_uuid),1,0,1
!lpm_priv,1,0,1
!th->t_super,1,0,1
"(int)offsetof(struct lustre_capa, lc_hmac[64]) == 120, ""found %lld\n"", (long long)(int)offsetof(struct lustre_capa, lc_hmac[64])",1,0,1
CONFIG_RANDOMIZE_BASE_MAX_OFFSET > KERNEL_IMAGE_SIZE,1,0,1
rqi == NULL || rqi->req == NULL,1,0,1
"(int)sizeof(((struct lov_mds_md_v3 *)0)->lmm_layout_gen) == 2, ""found %lld\n"", (long long)(int)sizeof(((struct lov_mds_md_v3 *)0)->lmm_layout_gen)",1,0,1
ret >= nr_pages,1,0,1
"MSG_CONNECT_INITIAL == 0x00000020UL, ""found 0x%.8xUL\n"", (unsigned)MSG_CONNECT_INITIAL",1,0,1
mp->count,1,0,1
"(int)sizeof(((struct llog_setattr64_rec *)0)->lsr_gid_h) == 4, ""found %lld\n"", (long long)(int)sizeof(((struct llog_setattr64_rec *)0)->lsr_gid_h)",1,0,1
IS_POW2(VCHIQ_NUM_SERVICE_BULKS),1,0,1
"(int)offsetof(struct lquota_glb_rec, qbr_granted) == 24, ""found %lld\n"", (long long)(int)offsetof(struct lquota_glb_rec, qbr_granted)",1,0,1
UBIFS_DENT_NODE_SZ & 7,1,0,1
!cfs_hash_is_exiting(hs),1,0,1
"PageLRU(page) && !lrucare, page",1,0,1
hs->hs_buckets != NULL && hs->hs_rehash_buckets == NULL,1,0,1
waitqueue_active(&fl->fl_wait),1,0,1
!device->ops->free,1,0,1
!chip->ops->reset_board,1,0,1
"env, page, page->cp_state == CPS_FREEING",1,0,1
sizeof(struct batadv_unicast_packet) != 10,1,0,1
!mqrq->bounce_sg,1,0,1
sizeof(VCHI_MSG_VECTOR_T) == sizeof(VCHIQ_ELEMENT_T),1,0,1
CCN_SBAS_PMU_EVENT_SEL != CCN_RNI_PMU_EVENT_SEL,1,0,1
interval_is_intree(node),1,0,1
"(int)sizeof(struct changelog_ext_rec) == 96, ""found %lld\n"", (long long)(int)sizeof(struct changelog_ext_rec)",1,0,1
!BT_STACK_FULL(BTSTACK),1,0,1
!buffer || !buffer->buffer,1,0,1
dst_format->format != SNDRV_PCM_FORMAT_S16,1,0,1
LDLM_PLAIN == 10,1,0,1
!PageSwapBacked(page_tail),1,0,1
"offsetof(struct cbe_mic_tm_regs, mic_exc) != 0x208",1,0,1
"LU_SEQ_RANGE_OST == 1, ""found %lld\n"", (long long)LU_SEQ_RANGE_OST",1,0,1
idx >= PERF_COUNT_HW_MAX,1,0,1
"(int)offsetof(struct lustre_capa, lc_keyid) == 44, ""found %lld\n"", (long long)(int)offsetof(struct lustre_capa, lc_keyid)",1,0,1
src & L1_CACHE_MASK,1,0,1
B43_TAB_NOISEA3_SIZE != ARRAY_SIZE(b43_tab_noisea3),1,0,1
pil > SUN4D_MAX_IRQ,1,0,1
"!rwsem_is_locked(&walk->mm->mmap_sem), walk->mm",1,0,1
"!dl, ""parent %llu, ino %llu\n"", (unsigned long long)parent_blkno, (unsigned long long)OCFS2_I(inode)->ip_blkno",1,0,1
!dst[1],1,0,1
0 != mask,1,0,1
!obd->obd_attached,1,0,1
"(int)sizeof(((struct hsm_action_item *)0)->hai_cookie) == 8, ""found %lld\n"", (long long)(int)sizeof(((struct hsm_action_item *)0)->hai_cookie)",1,0,1
"(int)sizeof(((struct mdt_rec_create *)0)->cr_flags_l) == 4, ""found %lld\n"", (long long)(int)sizeof(((struct mdt_rec_create *)0)->cr_flags_l)",1,0,1
"""wrong ext"", m.ext && !strcmp(ext, m.ext)",1,0,1
it && it->d.lustre.it_disposition,1,0,1
preamp >= 4,1,0,1
"void *addr, struct debug_obj_descr *descr",1,0,1
"(int)offsetof(struct mdt_rec_link, lk_opcode) == 0, ""found %lld\n"", (long long)(int)offsetof(struct mdt_rec_link, lk_opcode)",1,0,1
(enqflags & ~CEF_MASK) == 0,1,0,1
!IS_ERR(sub),1,0,1
first_switched_icplb > MAX_CPLBS,1,0,1
"(int)sizeof(((struct lov_desc *)0)->ld_default_stripe_size) == 8, ""found %lld\n"", (long long)(int)sizeof(((struct lov_desc *)0)->ld_default_stripe_size)",1,0,1
EFD_NONBLOCK != O_NONBLOCK,1,0,1
sizeof(struct nbpf_desc_page) > PAGE_SIZE,1,0,1
tree && tree->rf_generation == new_tree->rf_generation,1,0,1
IEEE80211_TX_MAX_RATES != 4,1,0,1
"LCK_GROUP == 64, ""found %lld\n"", (long long)LCK_GROUP",1,0,1
slice->cls_ops == &osc_lock_ops,1,0,1
!policy->walk.dead,1,0,1
"check_sysreg_table(cp14_regs, ARRAY_SIZE(cp14_regs))",1,0,1
bus_addr >> 54,1,0,1
"cpu_base == TX_CPU_BASE && tg3_flag(tp, 5705_PLUS)",1,0,1
skb->ip_summed != CHECKSUM_UNNECESSARY,1,0,1
!var || var->var_id < 0 || var->var_id >= MAXVARS,1,0,1
"FID_SEQ_IDIF == 0x0000000100000000ULL, ""found 0x%.16llxULL\n"", (long long)FID_SEQ_IDIF",1,0,1
!list_empty(nilist),1,0,1
"skb->len > 10, return -1;",1,0,1
msg->msg_offset == offset,1,0,1
"device, device->state.pdsk == D_UNKNOWN",1,0,1
sizeof(struct batadv_tvlv_hdr) != 4,1,0,1
VMW_MAX_VIEW_BINDINGS < SVGA3D_DX_MAX_CONSTBUFFERS,1,0,1
queue_index >= vi->max_queue_pairs,1,0,1
"sbi, !sbi->total_valid_inode_count",1,0,1
sizeof(vht_cap) != sizeof(sband->vht_cap),1,0,1
"(int)sizeof(((struct ldlm_gl_lquota_desc *)0)->gl_pad2) == 8, ""found %lld\n"", (long long)(int)sizeof(((struct ldlm_gl_lquota_desc *)0)->gl_pad2)",1,0,1
tx->tx_desc_size == size,1,0,1
index >= ARRAY_SIZE(con->out_kvec),1,0,1
"(int)offsetof(struct ldlm_resource_desc, lr_name) == 8, ""found %lld\n"", (long long)(int)offsetof(struct ldlm_resource_desc, lr_name)",1,0,1
"(int)sizeof(((struct mdt_rec_setxattr *)0)->sx_padding_6) == 8, ""found %lld\n"", (long long)(int)sizeof(((struct mdt_rec_setxattr *)0)->sx_padding_6)",1,0,1
last >= (sb->s_blocksize << 3),1,0,1
!sess_held,1,0,1
"(int)sizeof(struct llog_gen_rec) == 64, ""found %lld\n"", (long long)(int)sizeof(struct llog_gen_rec)",1,0,1
size < sizeof(*cb),1,0,1
"""failed to open extra fd"", fd_extra > 0",1,0,1
"(int)sizeof(((struct mdt_rec_setxattr *)0)->sx_fsuid) == 4, ""found %lld\n"", (long long)(int)sizeof(((struct mdt_rec_setxattr *)0)->sx_fsuid)",1,0,1
MC_CMD_WORKAROUND_OUT_LEN != 0,1,0,1
atomic_read(&lli->lli_posix_acl->a_refcount) == 1,1,0,1
"(int)offsetof(struct mdt_body, padding_8) == 192, ""found %lld\n"", (long long)(int)offsetof(struct mdt_body, padding_8)",1,0,1
"FMT_FIELD(fmt, i, j)->rmf_size >= FMT_FIELD(old, i, j)->rmf_size",1,0,1
"(int)sizeof(((struct mdt_rec_reint *)0)->rr_suppgid1) == 4, ""found %lld\n"", (long long)(int)sizeof(((struct mdt_rec_reint *)0)->rr_suppgid1)",1,0,1
"MSG_RESENT == 0x00000002UL, ""found 0x%.8xUL\n"", (unsigned)MSG_RESENT",1,0,1
iclog->ic_bwritecnt == 1 || iclog->ic_bwritecnt == 2,1,0,1
off != freeme,1,0,1
"(int)offsetof(struct mdt_rec_reint, rr_fid2) == 56, ""found %lld\n"", (long long)(int)offsetof(struct mdt_rec_reint, rr_fid2)",1,0,1
PAGE_SHIFT < VIRTIO_BALLOON_PFN_SHIFT,1,0,1
bd->bd_bucket->hsb_count > 0,1,0,1
SKB_GSO_FCOE != (NETIF_F_FSO >> NETIF_F_GSO_SHIFT),1,0,1
!(tree->inode->i_state & I_NEW),1,0,1
!sk->sk_socket,1,0,1
"(int)offsetof(struct mdt_body, handle) == 32, ""found %lld\n"", (long long)(int)offsetof(struct mdt_body, handle)",1,0,1
hlist_unhashed(&export->exp_uuid_hash),1,0,1
r->reg + 1 >= ARRAY_SIZE(vcpu->arch.cp15),1,0,1
txq_index >= MAX_ETH_TXQ_IDX(bp) + (CNIC_LOADED(bp) ? 1 : 0),1,0,1
queue->tx_irq,1,0,1
!(rq->cmd_type == REQ_TYPE_DRV_PRIV || rq->cmd_type == REQ_TYPE_ATA_SENSE),1,0,1
"MDS_SYNC == 44, ""found %lld\n"", (long long)MDS_SYNC",1,0,1
size != st->size,1,0,1
t <= 31,1,0,1
"MGS_CONNECT == 250, ""found %lld\n"", (long long)MGS_CONNECT",1,0,1
&bdev->bd_mutex,1,0,1
&stp->st_stateowner->so_client->cl_lock,1,0,1
"(int)sizeof(((struct mdt_rec_setattr *)0)->sa_bias) == 4, ""found %lld\n"", (long long)(int)sizeof(((struct mdt_rec_setattr *)0)->sa_bias)",1,0,1
"(int)sizeof(((struct hsm_progress *)0)->hp_cookie) == 8, ""found %lld\n"", (long long)(int)sizeof(((struct hsm_progress *)0)->hp_cookie)",1,0,1
proc->p_replen == 0,1,0,1
victim,1,0,1
cpu != -1,1,0,1
"ctxt->loc_imp == NULL || ctxt->loc_imp == new_imp, ""%p - %p\n"", ctxt->loc_imp, new_imp",1,0,1
"seq, ==, call->rx_data_eaten + 1",1,0,1
!name || !parent,1,0,1
exp->exp_connection,1,0,1
(count + start_bit) > ocfs2_bits_per_group(cl),1,0,1
"dev_priv, pipe, PCH_DP_D, TRANS_DP_PORT_SEL_D",1,0,1
size + offset > PAGE_SIZE<<compound_order(page),1,0,1
b && state->buf_kern_offset > state->buf_kern_len,1,0,1
pl->num_pages_free,1,0,1
nvec->rx == NULL,1,0,1
B43_TAB_RSSIAGC1_SIZE != ARRAY_SIZE(b43_tab_rssiagc1),1,0,1
"list_empty(&head->lru) && !test_bit(STRIPE_EXPANDING, &head->state)",1,0,1
"(int)offsetof(struct mdt_rec_create, cr_fsgid) == 16, ""found %lld\n"", (long long)(int)offsetof(struct mdt_rec_create, cr_fsgid)",1,0,1
"!same_thread_group(leader, tsk)",1,0,1
!range.len,1,0,1
atomic_read(&efip->efi_next_extent) == efip->efi_format.efi_nextents,1,0,1
"(int)sizeof(struct lustre_capa_key) == 72, ""found %lld\n"", (long long)(int)sizeof(struct lustre_capa_key)",1,0,1
MIN_MAX_RSP_SIZE <= sizeof(*srp_rsp),1,0,1
"tag_get(node, 0, index & RADIX_TREE_MAP_MASK)",1,0,1
buflen >= 4,1,0,1
OBD_FL_MMAP == 0x00040000,1,0,1
"offsetof(struct poly1305_simd_desc_ctx, base)",1,0,1
BGMAC_PA_START != BCMA_GMAC_CMN_PA_START,1,0,1
B43_TAB_RETARD_SIZE != ARRAY_SIZE(b43_tab_retard),1,0,1
CRB_SIZE % DDE_ALIGN,1,0,1
sk_hashed(sk),1,0,1
"OBD_QC_CALLBACK == 402, ""found %lld\n"", (long long)OBD_QC_CALLBACK",1,0,1
evictee != NULL,1,0,1
retries,1,0,1
&iter->chain_node == &chan->chain,1,0,1
rpcev == &srpc->srpc_ev,1,0,1
"ergo((flags & CFS_HASH_REHASH) == 0, cur_bits == max_bits)",1,0,1
ip->i_d.di_nlink == nlink,1,0,1
"(int)offsetof(struct quota_body, qb_usage) == 48, ""found %lld\n"", (long long)(int)offsetof(struct quota_body, qb_usage)",1,0,1
p->op_state != OCFS2_CONTROL_HANDSHAKE_PROTOCOL,1,0,1
!lp,1,0,1
ea_buf->mp,1,0,1
addr > VMALLOC_END,1,0,1
"self->netdev != NULL, return;",1,0,1
len > epq->buf_size,1,0,1
!(length & (ubi->min_io_size - 1)),1,0,1
!(arg & F_UNLCK),1,0,1
xen_remap_mfn != xen_remap_buf.mfns[0],1,0,1
obj->pages_pin_count,1,0,1
"mapping_gfp_constraint(mapping, __GFP_DMA32) && (page_to_pfn(p) >= 0x00100000UL)",1,0,1
atomic_read(&imp->imp_inflight) == 0,1,0,1
req->rq_reqdata_len,1,0,1
ctrl->cmd_pending != 0,1,0,1
number > 0,1,0,1
!bits || (shift > KEYLENGTH),1,0,1
"OBD_MD_FLCTIME == (0x00000008ULL), ""found 0x%.16llxULL\n"", OBD_MD_FLCTIME",1,0,1
next_slot >= ASSOC_ARRAY_FAN_OUT,1,0,1
atomic_read(&page->_count) > 1,1,0,1
"(int)sizeof(((struct mdt_rec_setattr *)0)->sa_opcode) == 4, ""found %lld\n"", (long long)(int)sizeof(((struct mdt_rec_setattr *)0)->sa_opcode)",1,0,1
down_read_trylock(&vma->vm_mm->mmap_sem),1,0,1
"(sched->pid_to_task = calloc(pid_max, sizeof(struct task_desc *))) == NULL",1,0,1
ctx->outurb->status == -EINPROGRESS,1,0,1
refs_to_add != 1,1,0,1
"bad_range(zone, &page[size]), &page[size]",1,0,1
!pk->mpi[0],1,0,1
"desc->bd_last_xid == (req->rq_xid & PTLRPC_BULK_OPS_MASK), ""bd_last_xid = x%llu, rq_xid = x%llu\n"", desc->bd_last_xid, req->rq_xid",1,0,1
*inode || sb,1,0,1
"SIGCONT, WSTOPSIG(status)",1,0,1
"vl->valid, ==, 0",1,0,1
free >= BLK_RING_SIZE(info),1,0,1
tgt->ltd_obd != NULL,1,0,1
!(result & VM_FAULT_LOCKED),1,0,1
"(int)sizeof(((struct link_ea_header *)0)->leh_len) == 8, ""found %lld\n"", (long long)(int)sizeof(((struct link_ea_header *)0)->leh_len)",1,0,1
"OBD_MD_TSTATE == (0x0000000800000000ULL), ""found 0x%.16llxULL\n"", OBD_MD_TSTATE",1,0,1
"(int)offsetof(struct layout_intent, li_start) == 8, ""found %lld\n"", (long long)(int)offsetof(struct layout_intent, li_start)",1,0,1
cpt == msg->msg_tx_cpt,1,0,1
*vallen == sizeof(__u32),1,0,1
hexfreq <= 0x00000200,1,0,1
counter->mite_chan,1,0,1
bio_offset(bio) || bio_iovec(bio).bv_len != sdp->sector_size,1,0,1
lsm_is_released(lsm),1,0,1
"(int)offsetof(struct lmv_stripe_md, mea_pool_name[16]) == 32, ""found %lld\n"", (long long)(int)offsetof(struct lmv_stripe_md, mea_pool_name[16])",1,0,1
"(int)offsetof(struct obd_statfs, os_fprecreated) == 108, ""found %lld\n"", (long long)(int)offsetof(struct obd_statfs, os_fprecreated)",1,0,1
!priv->wsm_cmd.done,1,0,1
svc->srv_nthrs_cpt_init >= PTLRPC_NTHRS_INIT,1,0,1
"newpage->mapping != oldpage->mapping, newpage",1,0,1
"(int)offsetof(struct obdo, o_padding_6) == 200, ""found %lld\n"", (long long)(int)offsetof(struct obdo, o_padding_6)",1,0,1
"lock != NULL, ""lockh %p, req %p, aa %p - client evicted?\n"", aa->oa_lockh, req, aa",1,0,1
mp->m_flags & XFS_MOUNT_DISCARD,1,0,1
"(int)offsetof(struct ptlrpc_body_v3, pb_jobid) == 152, ""found %lld\n"", (long long)(int)offsetof(struct ptlrpc_body_v3, pb_jobid)",1,0,1
dl_bandwidth_enabled(),1,0,1
(type < 0) || (type >= SCSI_INDEX_TYPE_MAX),1,0,1
policy->sp_cops->destroy_sec,1,0,1
"(int)offsetof(struct mdt_body, valid) == 40, ""found %lld\n"", (long long)(int)offsetof(struct mdt_body, valid)",1,0,1
maclen != ETH_ALEN,1,0,1
PTLRPC_NUM_VERSIONS == 4,1,0,1
"(int)offsetof(struct changelog_rec, cr_prev) == 16, ""found %lld\n"", (long long)(int)offsetof(struct changelog_rec, cr_prev)",1,0,1
sizeof(struct nvme_nvm_erase_blk) != 64,1,0,1
atomic_read(&obd->u.cli.cl_mgc_refcount) > 0,1,0,1
calls != spufs_calls,1,0,1
cl_io_is_loopable(io),1,0,1
LDLM_EXTENT == 11,1,0,1
"state >= CLS_ENQUEUED && state <= CLS_CACHED, ""Malformed lock state %d.\n"", state",1,0,1
"0, dlm_print_lkb(lkb); printk(""sts=%d\n"", status);",1,0,1
gap_start + info->length > info->high_limit,1,0,1
nr == lck->lls_nr,1,0,1
!d_is_dir(child),1,0,1
off >= m->match_size,1,0,1
*level == 0,1,0,1
PAGE_SHIFT + BITS_PER_PTE + BITS_PER_PMD + BITS_PER_PGD > BITS_PER_LONG,1,0,1
page->index != start,1,0,1
"test_bit(VMXNET3_STATE_BIT_RESETTING, &adapter->state)",1,0,1
bulk_npg > 0 && bulk_npg <= LNET_MAX_IOV,1,0,1
descr->cld_obj == NULL,1,0,1
!list_empty(&info->task_head),1,0,1
"msg->msg_name, ==, NULL",1,0,1
"VIRTIO_PCI_CAP_CFG_TYPE != offsetof(struct virtio_pci_cap, cfg_type)",1,0,1
ext->oe_end >= ext->oe_start,1,0,1
"(int)offsetof(struct hsm_progress_kernel, hpk_data_version) == 48, ""found %lld\n"", (long long)(int)offsetof(struct hsm_progress_kernel, hpk_data_version)",1,0,1
clerq != NULL,1,0,1
"(int)offsetof(struct obdo, o_parent_oid) == 104, ""found %lld\n"", (long long)(int)offsetof(struct obdo, o_parent_oid)",1,0,1
"(int)offsetof(struct hsm_progress_kernel, hpk_padding2) == 56, ""found %lld\n"", (long long)(int)offsetof(struct hsm_progress_kernel, hpk_padding2)",1,0,1
(sr1 & allowed) != (spu_pdata(spu)->cache.sr1 & allowed),1,0,1
"fd2, F_SEAL_SEAL",1,0,1
"end < offset + len, ""Defrag check failed for "" ""bucket %llu\n"", (unsigned long long)blkno",1,0,1
!chunksize,1,0,1
!node->this,1,0,1
sizeof(_aab->__asp2d) > PAGE_SIZE,1,0,1
policy->pol_req_queued == 0 && policy->pol_req_started == 0,1,0,1
"offsetof(struct io_accel2_cmd, error_data) < offsetof(struct hpsa_tmf_struct, error_len) + sizeof(ac->error_len)",1,0,1
em->emrg_page_list.pl_nr == 0,1,0,1
"(int)offsetof(struct lu_dirent, lde_reclen) == 24, ""found %lld\n"", (long long)(int)offsetof(struct lu_dirent, lde_reclen)",1,0,1
"__v > v1 && __v <= v2, ""value: %d\n"", __v",1,0,1
"(int)offsetof(struct mgs_target_info, mti_svname) == 88, ""found %lld\n"", (long long)(int)offsetof(struct mgs_target_info, mti_svname)",1,0,1
!chan->ring_virt,1,0,1
failrec->in_validation,1,0,1
node->new_bytenr != reloc_root->node->start,1,0,1
!smmu_domain,1,0,1
(r->l_start + pages) > rrpc->nr_pages,1,0,1
"(int)offsetof(struct mdt_rec_link, lk_padding_5) == 116, ""found %lld\n"", (long long)(int)offsetof(struct mdt_rec_link, lk_padding_5)",1,0,1
"(int)sizeof(((struct mdt_rec_rename *)0)->rn_padding_4) == 8, ""found %lld\n"", (long long)(int)sizeof(((struct mdt_rec_rename *)0)->rn_padding_4)",1,0,1
snic->cq_count != 2 * snic->wq_count,1,0,1
"ergo(cl_lock_nesting(lock) == CNL_TOP, cl_lock_nr_mutexed(env) == 1)",1,0,1
ex->fe_start + ex->fe_len > (1 << (e4b->bd_blkbits + 3)),1,0,1
count <= atomic_read(&lo->lo_pending),1,0,1
size > i1480->buf_size,1,0,1
(addr & CM_GCR_BASE_GCRBASE_MSK) != addr,1,0,1
"(Adapter != NULL), (""Adapter should not be NULL\n"")",1,0,1
"keys_cmp(c, key, &zbr[*n + 1].key) < 0",1,0,1
"(int)sizeof(struct llog_catid) == 32, ""found %lld\n"", (long long)(int)sizeof(struct llog_catid)",1,0,1
"(int)offsetof(struct mdt_rec_rename, rn_bias) == 112, ""found %lld\n"", (long long)(int)offsetof(struct mdt_rec_rename, rn_bias)",1,0,1
!local,1,0,1
num != 0,1,0,1
&dev->vblank_time_lock,1,0,1
&lseg->pls_layout->plh_inode->i_lock,1,0,1
((m) >> DP_FBITS) == 0,1,0,1
atomic64_dec_if_positive(&v) != -one,1,0,1
!pll2_mult,1,0,1
lseq,1,0,1
!IS_MODULE(CONFIG_BLK_DEV_PMEM),1,0,1
(HTT_RX_BUF_SIZE & HTT_MAX_CACHE_LINE_SIZE_MASK) != 0,1,0,1
"be64_to_cpu(h.ino) != inode->i_ino, sb",1,0,1
list_empty(&ptable->pt_deathrow),1,0,1
attr_size != data_size,1,0,1
"__mlx5_bit_off(typ, fld) % 64",1,0,1
"(int)offsetof(struct obd_dqblk, dqb_bsoftlimit) == 8, ""found %lld\n"", (long long)(int)offsetof(struct obd_dqblk, dqb_bsoftlimit)",1,0,1
"bpf_lookup_elem(map_fd[0], &key, &tcp_cnt) == 0",1,0,1
!(PAGE_CACHE_SIZE >> rec_size_bits),1,0,1
"(int)sizeof(((struct mdt_body *)0)->mode) == 4, ""found %lld\n"", (long long)(int)sizeof(((struct mdt_body *)0)->mode)",1,0,1
index < LCK_MODE_NUM,1,0,1
addr >= TASK_SIZE,1,0,1
clock != ECHO_CLOCK_INTERNAL && clock != ECHO_CLOCK_ESYNC,1,0,1
SFD_NONBLOCK != O_NONBLOCK,1,0,1
!notif_event,1,0,1
system_state == SYSTEM_BOOTING,1,0,1
"node_isset(node, *cptab->ctb_parts[cpt].cpt_nodemask)",1,0,1
!((CMD_STATE(sc) == SNIC_IOREQ_COMPLETE) || (CMD_STATE(sc) == SNIC_IOREQ_ABTS_COMPLETE) || (CMD_FLAGS(sc) & SNIC_DEV_RST_NOTSUP) || (CMD_FLAGS(sc) & SNIC_IO_INTERNAL_TERM_ISSUED) || (CMD_FLAGS(sc) & SNIC_DEV_RST_TERM_ISSUED) || (CMD_FLAGS(sc) & SNIC_SCSI_CLEANUP) || (CMD_STATE(sc) == SNIC_IOREQ_LR_COMPLETE)),1,0,1
"device, !test_bit(BME_NO_WRITES, &bm_ext->flags)",1,0,1
"!within_module(addr, mod)",1,0,1
policy->pol_nrs->nrs_req_queued > 0,1,0,1
!rbd_dev->watch_event,1,0,1
(unsigned long)tbl & 0x7,1,0,1
&local->key_mtx,1,0,1
"(int)sizeof(((struct mdt_body *)0)->ctime) == 8, ""found %lld\n"", (long long)(int)sizeof(((struct mdt_body *)0)->ctime)",1,0,1
in->size == 0,1,0,1
"""failed to create dsos\n"", !dsos__create(3, TEST_FILE_SIZE)",1,0,1
alloc_change > 0,1,0,1
hc->tx_t_ipi == 0,1,0,1
!i->keys,1,0,1
next-addr != HPAGE_PMD_SIZE,1,0,1
"(int)offsetof(struct mdt_rec_setxattr, sx_fsuid) == 8, ""found %lld\n"", (long long)(int)offsetof(struct mdt_rec_setxattr, sx_fsuid)",1,0,1
"(int)sizeof(((struct mdt_rec_reint *)0)->rr_atime) == 8, ""found %lld\n"", (long long)(int)sizeof(((struct mdt_rec_reint *)0)->rr_atime)",1,0,1
"(int)offsetof(struct lquota_lvb, lvb_id_rel) == 16, ""found %lld\n"", (long long)(int)offsetof(struct lquota_lvb, lvb_id_rel)",1,0,1
"""failed to set file limit"", !set_fd_limit(limit)",1,0,1
"sbi, nat_get_blkaddr(e) == NEW_ADDR && new_blkaddr == NEW_ADDR",1,0,1
"(int)sizeof(((struct ldlm_reply *)0)->lock_handle) == 8, ""found %lld\n"", (long long)(int)sizeof(((struct ldlm_reply *)0)->lock_handle)",1,0,1
"(int)sizeof(((struct hsm_action_item *)0)->hai_extent) == 16, ""found %lld\n"", (long long)(int)sizeof(((struct hsm_action_item *)0)->hai_extent)",1,0,1
index >= le16_to_cpu(el->l_next_free_rec),1,0,1
"(int)sizeof(((struct hsm_user_request *)0)->hur_user_item) == 0, ""found %lld\n"", (long long)(int)sizeof(((struct hsm_user_request *)0)->hur_user_item)",1,0,1
isolate_start_pfn < block_end_pfn,1,0,1
path->slots[0] != extent_slot,1,0,1
nr_ports > ARRAY_SIZE(sh7786_pci_channels),1,0,1
"ergo(!cancel, head->coh_tree.rnode == NULL && head->coh_pages == 0)",1,0,1
start_blk != 0 || *last_blk != start_blk,1,0,1
"(int)offsetof(struct mdt_rec_link, lk_cap) == 4, ""found %lld\n"", (long long)(int)offsetof(struct mdt_rec_link, lk_cap)",1,0,1
"lustre_msg_buf(req->rq_reqbuf, PLAIN_PACK_MSG_OFF, 0) == req->rq_reqmsg",1,0,1
"(int)sizeof(((struct hsm_action_list *)0)->hal_count) == 4, ""found %lld\n"", (long long)(int)sizeof(((struct hsm_action_list *)0)->hal_count)",1,0,1
(x > y) || !phys_addr_valid(x),1,0,1
"offsetof(struct ieee80211_key, u.ccmp.rx_pn) != offsetof(struct ieee80211_key, u.gcmp.rx_pn)",1,0,1
atomic_inc_return(&sh->count) != 1,1,0,1
offset > dev_priv->gtt.stolen_size - size,1,0,1
"sbi, nat_get_blkaddr(e) != NEW_ADDR && nat_get_blkaddr(e) != NULL_ADDR && new_blkaddr == NEW_ADDR",1,0,1
pmd_ptfn(*pmd) != pmd_ptfn(*pmd_k),1,0,1
(xm >> (SP_FBITS + 1 + 3)) == 0,1,0,1
"call->rxcall, ==, NULL",1,0,1
"test_bit(chan, txch_free)",1,0,1
UBIFS_INO_NODE_SZ & 7,1,0,1
"!dissector_uses_key(flow_dissector, FLOW_DISSECTOR_KEY_BASIC)",1,0,1
!is_vmalloc_or_module_addr(vmalloc_addr),1,0,1
"OBD_MD_FLXATTRRM == (0x0000004000000000ULL), ""found 0x%.16llxULL\n"", OBD_MD_FLXATTRRM",1,0,1
success && (rc != 0),1,0,1
"(int)offsetof(struct ptlrpc_body_v3, pb_version) == 12, ""found %lld\n"", (long long)(int)offsetof(struct ptlrpc_body_v3, pb_version)",1,0,1
&pcpu_alloc_mutex,1,0,1
!mr->mem.arbel.mtts,1,0,1
pgd_phys & ~VTTBR_BADDR_MASK,1,0,1
"MDS_OPEN_HAS_EA == 010000000000UL, ""found 0%.11oUL\n"", MDS_OPEN_HAS_EA",1,0,1
"LU_SEQ_RANGE_MDT == 0, ""found %lld\n"", (long long)LU_SEQ_RANGE_MDT",1,0,1
UBIFS_CH_SZ & 7,1,0,1
len < chunk_size,1,0,1
"VIRTIO_PCI_CAP_LEN != offsetof(struct virtio_pci_cap, cap_len)",1,0,1
"(int)offsetof(struct lu_dirpage, ldp_hash_end) == 8, ""found %lld\n"", (long long)(int)offsetof(struct lu_dirpage, ldp_hash_end)",1,0,1
"test_bit(devnum, bus->devmap.devicemap)",1,0,1
"!lkb->lkb_wait_count, dlm_print_lkb(lkb); printk(""wait_count %d\n"", lkb->lkb_wait_count);",1,0,1
!list_empty(&rq->list),1,0,1
orphan->del,1,0,1
atomic_read(&pa->pa_count),1,0,1
*idx > buf_len + 1,1,0,1
"(int)sizeof(((struct lu_dirent *)0)->lde_hash) == 8, ""found %lld\n"", (long long)(int)sizeof(((struct lu_dirent *)0)->lde_hash)",1,0,1
"sbi, nm_i->nat_cnt",1,0,1
first <= last && last < BBTOB(bp->b_length),1,0,1
!ps3av,1,0,1
dev->cmd.free_head < 0,1,0,1
!fence_addr,1,0,1
nnode,1,0,1
"(int)offsetof(struct mdt_rec_rename, rn_padding_5) == 120, ""found %lld\n"", (long long)(int)offsetof(struct mdt_rec_rename, rn_padding_5)",1,0,1
logical + PAGE_SIZE <= rbio->bbio->raid_map[0] + rbio->stripe_len * rbio->nr_data,1,0,1
"F2FS_P_SB(dentry_page), d.max < 0",1,0,1
"(int)offsetof(struct mdt_rec_setxattr, sx_padding_3) == 68, ""found %lld\n"", (long long)(int)offsetof(struct mdt_rec_setxattr, sx_padding_3)",1,0,1
pgdat->first_deferred_pfn < pgdat->node_start_pfn,1,0,1
lnum != wbuf->lnum,1,0,1
offset < stripe_offset,1,0,1
"!node_isset(0, node_online_map)",1,0,1
"offsetof(struct sha512_state, state) != 0",1,0,1
new_min_nr <= 0,1,0,1
"(int)sizeof(((struct mgs_target_info *)0)->mti_flags) == 4, ""found %lld\n"", (long long)(int)sizeof(((struct mgs_target_info *)0)->mti_flags)",1,0,1
pg->cp_sync_io == anchor,1,0,1
start_lcn < -1,1,0,1
!PageAnon(page_tail),1,0,1
fd->fd_grouplock.cg_lock != NULL,1,0,1
current->journal_info != th,1,0,1
!GC_MARK(b) && GC_SECTORS_USED(b),1,0,1
get_Dest_X1(__single_step_addli_insn) != 0,1,0,1
count < 2,1,0,1
!lp->started_tags || !lp->started_no_tag,1,0,1
"(int)offsetof(struct llog_logid, lgl_ogen) == 16, ""found %lld\n"", (long long)(int)offsetof(struct llog_logid, lgl_ogen)",1,0,1
page_pools.epp_pools[p_idx][g_idx] == NULL,1,0,1
spufs_calls->owner != calls->owner,1,0,1
"(int)offsetof(struct mdt_rec_setxattr, sx_fsgid_h) == 20, ""found %lld\n"", (long long)(int)offsetof(struct mdt_rec_setxattr, sx_fsgid_h)",1,0,1
"(int)sizeof(((struct llog_changelog_user_rec *)0)->cur_tail) == 8, ""found %lld\n"", (long long)(int)sizeof(((struct llog_changelog_user_rec *)0)->cur_tail)",1,0,1
!dev_boot_phase,1,0,1
obj_request,1,0,1
"(int)sizeof(struct link_ea_entry) == 18, ""found %lld\n"", (long long)(int)sizeof(struct link_ea_entry)",1,0,1
"strcmp(obd->obd_type->typ_name, LUSTRE_MDC_NAME) == 0",1,0,1
cluster->start != cluster->boundary[0],1,0,1
"OBD_BRW_SYNC == 0x08, ""found 0x%.8x\n"", OBD_BRW_SYNC",1,0,1
dynamic_policy_zone == ZONE_MOVABLE,1,0,1
"!cpumask_equal(cpumask, &tmp)",1,0,1
"(int)sizeof(((struct mdt_rec_setxattr *)0)->sx_suppgid2_h) == 4, ""found %lld\n"", (long long)(int)sizeof(((struct mdt_rec_setxattr *)0)->sx_suppgid2_h)",1,0,1
cluster >= EXYNOS5420_NR_CLUSTERS,1,0,1
"(int)sizeof(((struct lu_idxpage *)0)->lip_magic) == 4, ""found %lld\n"", (long long)(int)sizeof(((struct lu_idxpage *)0)->lip_magic)",1,0,1
((upper & 0xffff) != 0xffff) || ((upper & ~0xffffull) & ~(MIPS_MAAR_ADDR << 4)),1,0,1
1 < nptcg,1,0,1
be32_to_cpu(stat) > NLM_FAILED,1,0,1
"kms <= old_kms, ""kms %llu old_kms %llu\n"", kms, old_kms",1,0,1
index_key->desc_len == 0,1,0,1
cpos < LPT_HEAP_SZ,1,0,1
!wq_update_unbound_numa_attrs_buf,1,0,1
flag != M_DELETE && flag != M_CUT,1,0,1
&perm->lock,1,0,1
txn->t_state == T_FINISHED,1,0,1
(fix_to_virt(0) + PAGE_SIZE) & ((1 << PMD_SHIFT) - 1),1,0,1
conflict,1,0,1
pgsz & 511,1,0,1
pool != NULL,1,0,1
rqi->req == rqi->abort_req,1,0,1
list_empty(&osc->oo_inflight[i]),1,0,1
"sizeof(TYPE) != offsetofend(TYPE, MEMBER)",1,0,1
svc < SPTLRPC_SVC_MAX,1,0,1
crypto_shash_descsize(journal->j_chksum_driver) > JBD_MAX_CHECKSUM_SIZE,1,0,1
"(int)offsetof(struct lov_mds_md_v3, lmm_stripe_count) == 28, ""found %lld\n"", (long long)(int)offsetof(struct lov_mds_md_v3, lmm_stripe_count)",1,0,1
unmapped && !is_power_of_2(unmapped),1,0,1
index * 60 > PAGE_SIZE,1,0,1
"(int)sizeof(((struct lquota_lvb *)0)->lvb_pad1) == 8, ""found %lld\n"", (long long)(int)sizeof(((struct lquota_lvb *)0)->lvb_pad1)",1,0,1
"ohri->rst_shift, 0, oh->prcm.omap2.module_offs, 0",1,0,1
"MDS_ATTR_FORCE == 0x0000000000000200ULL, ""found 0x%.16llxULL\n"", (long long)MDS_ATTR_FORCE",1,0,1
"LDLM_GL_CALLBACK == 106, ""found %lld\n"", (long long)LDLM_GL_CALLBACK",1,0,1
"(ext->oe_state == OES_CACHE || ext->oe_state == OES_LOCK_DONE), ext",1,0,1
!pk,1,0,1
"OST_PUNCH == 10, ""found %lld\n"", (long long)OST_PUNCH",1,0,1
ac->ac_which != OCFS2_AC_USE_META,1,0,1
"(int)sizeof(((struct mdt_rec_rename *)0)->rn_padding_1) == 8, ""found %lld\n"", (long long)(int)sizeof(((struct mdt_rec_rename *)0)->rn_padding_1)",1,0,1
"(int)sizeof(((struct lov_desc *)0)->ld_active_tgt_count) == 4, ""found %lld\n"", (long long)(int)sizeof(((struct lov_desc *)0)->ld_active_tgt_count)",1,0,1
!pmd,1,0,1
"MF_MDC_CANCEL_FID1 == 0x00000008UL, ""found 0x%.8xUL\n"", (unsigned)MF_MDC_CANCEL_FID1",1,0,1
"(int)sizeof(((struct obdo *)0)->o_blksize) == 4, ""found %lld\n"", (long long)(int)sizeof(((struct obdo *)0)->o_blksize)",1,0,1
"""failed to close dso_0"", dso_0->data.fd == -1",1,0,1
size <= DMA_CHUNK_SIZE,1,0,1
list_empty(&root->ordered_root),1,0,1
!buffer->pages || !buffer->pages[vmf->pgoff],1,0,1
buddy2,1,0,1
cnt - label1 != OFFSET1,1,0,1
SFD_CLOEXEC != O_CLOEXEC,1,0,1
zone_index == -1,1,0,1
"""can't get evlist"", session->evlist",1,0,1
array->nr_leaves_on_tree <= 0,1,0,1
"(int)offsetof(struct lu_dirpage, ldp_pad0) == 20, ""found %lld\n"", (long long)(int)offsetof(struct lu_dirpage, ldp_pad0)",1,0,1
"obj != NULL, return NULL;",1,0,1
sizeof(struct usb_req_rfwrite) + bits * sizeof(__le16) > sizeof(usb->req_buf),1,0,1
rdatasize < 16,1,0,1
md->body != NULL,1,0,1
znode->parent,1,0,1
ubifs_inode(new_dir)->data_len == 0,1,0,1
"offsetof(typeof(*o), o_padding_6) != 0",1,0,1
"atomic_read(&d->ld_ref) == 0, ""Refcount is %u\n"", atomic_read(&d->ld_ref)",1,0,1
"(int)offsetof(struct mdt_rec_setxattr, sx_padding_2) == 64, ""found %lld\n"", (long long)(int)offsetof(struct mdt_rec_setxattr, sx_padding_2)",1,0,1
l2 != &old_cset->cgrp_links,1,0,1
"!test_bit(minor, used_minors)",1,0,1
list_empty(&aa->aa_oaps),1,0,1
s2lsi((struct super_block *)sb)->lsi_lmd->lmd_magic == LMD_MAGIC,1,0,1
owner == BTRFS_TREE_RELOC_OBJECTID && !(flags & BTRFS_BLOCK_FLAG_FULL_BACKREF),1,0,1
sizeof(struct scsi_pointer) < sizeof(struct esp_cmd_priv),1,0,1
&regulator_list_mutex,1,0,1
cfs_cpt_table == NULL,1,0,1
list_empty(&osc->oo_hp_ready_item),1,0,1
pil > 15,1,0,1
"gl, gl->gl_state == target",1,0,1
nr_min > nr_max,1,0,1
cfg->report != CP2112_USB_CONFIG,1,0,1
"""failed to write header"", !perf_session__write_header(session, session->evlist, file.fd, true)",1,0,1
!validate_regs_sorted(ring),1,0,1
oti->oti_numcookies == 1,1,0,1
"OBD_CONNECT_VERSION == 0x20ULL, ""found 0x%.16llxULL\n"", OBD_CONNECT_VERSION",1,0,1
list_empty(&o->lo_linkage),1,0,1
len > sizeof(copy_buf->buf),1,0,1
!(card && chip),1,0,1
"MDS_OPEN_APPEND == 000000002000UL, ""found 0%.11oUL\n"", MDS_OPEN_APPEND",1,0,1
"wl->conf.recovery.bug_on_recovery && !test_bit(WL1271_FLAG_INTENDED_FW_RECOVERY, &wl->flags)",1,0,1
!(lock_mode & (XFS_MMAPLOCK_SHARED|XFS_MMAPLOCK_EXCL)),1,0,1
"OBD_MD_FLID == (0x00000001ULL), ""found 0x%.16llxULL\n"", OBD_MD_FLID",1,0,1
"(int)offsetof(struct lmv_desc, ld_default_stripe_count) == 8, ""found %lld\n"", (long long)(int)offsetof(struct lmv_desc, ld_default_stripe_count)",1,0,1
"self != NULL, return -EIO;",1,0,1
"MDS_HSM_STATE_GET == 54, ""found %lld\n"", (long long)MDS_HSM_STATE_GET",1,0,1
sizeof(ctx.nonce) != EXT4_KEY_DERIVATION_NONCE_SIZE,1,0,1
"page->flags & PAGE_FLAGS_CHECK_AT_PREP, page",1,0,1
"!(lockres->l_flags & OCFS2_LOCK_FREEING), ""lockres %s, flags 0x%lx\n"", lockres->l_name, lockres->l_flags",1,0,1
"(int)sizeof(((struct ptlrpc_body_v3 *)0)->pb_version) == 4, ""found %lld\n"", (long long)(int)sizeof(((struct ptlrpc_body_v3 *)0)->pb_version)",1,0,1
waitqueue_active(&ctx->fault_wqh),1,0,1
!(__mask) || !is_valid_mask(__mask),1,0,1
"i >= DIV_ROUND_UP(block_ctx->len, PAGE_CACHE_SIZE)",1,0,1
devpriv->cdo_mite_chan,1,0,1
tmp->pol_state == NRS_POL_STATE_STARTED,1,0,1
head->extent_op,1,0,1
(pc & 0x3) || (addr & 0x3),1,0,1
""""", 0, MFD_ALLOW_SEALING",1,0,1
n > rest,1,0,1
*irqlock_word != 1,1,0,1
IEEE80211_TX_MAX_RATES > IEEE80211_TX_RATE_TABLE_SIZE,1,0,1
irq >= LGUEST_IRQS,1,0,1
billionths >= BILLION,1,0,1
EPOLL_CLOEXEC != O_CLOEXEC,1,0,1
param1 > MASK_FIRST_FIELD,1,0,1
sizeof(struct shmid64_ds) != 104,1,0,1
!last_xdr,1,0,1
!thread_group_leader(tsk),1,0,1
!gate_exists(gate),1,0,1
"(int)sizeof(((struct llog_rec_hdr *)0)->lrh_type) == 4, ""found %lld\n"", (long long)(int)sizeof(((struct llog_rec_hdr *)0)->lrh_type)",1,0,1
c->big_lpt,1,0,1
VFS_I(wip)->i_nlink == 0 && wip->i_d.di_nlink == 0,1,0,1
sizeof(struct opregion_acpi) != 0x100,1,0,1
"inode->i_generation != le32_to_cpu(fe->i_generation), ""Invalid dinode %llu disk generation: %u "" ""inode->i_generation: %u\n"", (unsigned long long)oi->ip_blkno, le32_to_cpu(fe->i_generation), inode->i_generation",1,0,1
addr->mode != IEEE802154_ADDR_SHORT,1,0,1
"(int)sizeof(((struct mdt_rec_setattr *)0)->sa_cap) == 4, ""found %lld\n"", (long long)(int)sizeof(((struct mdt_rec_setattr *)0)->sa_cap)",1,0,1
!KEY_OFFSET(insert),1,0,1
indirect_grefs > BLKIF_MAX_INDIRECT_PAGES_PER_REQUEST,1,0,1
"(int)sizeof(((struct changelog_rec *)0)->cr_time) == 8, ""found %lld\n"", (long long)(int)sizeof(((struct changelog_rec *)0)->cr_time)",1,0,1
page < 0 || page >= emu->max_cache_pages,1,0,1
!d_unhashed(result),1,0,1
y >= smp_height,1,0,1
"(int)offsetof(struct link_ea_header, padding1) == 16, ""found %lld\n"", (long long)(int)offsetof(struct link_ea_header, padding1)",1,0,1
new_req->num_pages != 0,1,0,1
"!IS_ALIGNED(size, 512)",1,0,1
"(int)offsetof(struct mdt_rec_unlink, ul_bias) == 112, ""found %lld\n"", (long long)(int)offsetof(struct mdt_rec_unlink, ul_bias)",1,0,1
"LUSTRE_OBD_VERSION == 0x00010000, ""found 0x%.8x\n"", LUSTRE_OBD_VERSION",1,0,1
get_unaligned_be16(&buf[0]) != payload_len - 2,1,0,1
"(int)offsetof(struct mdt_rec_rename, rn_fsgid_h) == 20, ""found %lld\n"", (long long)(int)offsetof(struct mdt_rec_rename, rn_fsgid_h)",1,0,1
"offsetof(typeof(*os), os_spare8) != 0",1,0,1
"(int)sizeof(((struct ldlm_request *)0)->lock_count) == 4, ""found %lld\n"", (long long)(int)sizeof(((struct ldlm_request *)0)->lock_count)",1,0,1
delayed_work_pending(&scmd->abort_work),1,0,1
"(int)offsetof(struct mdt_rec_reint, rr_suppgid1) == 24, ""found %lld\n"", (long long)(int)offsetof(struct mdt_rec_reint, rr_suppgid1)",1,0,1
"(int)sizeof(((struct mdt_body *)0)->capability) == 4, ""found %lld\n"", (long long)(int)sizeof(((struct mdt_body *)0)->capability)",1,0,1
"(int)sizeof(((struct llog_rec_hdr *)0)->lrh_len) == 4, ""found %lld\n"", (long long)(int)sizeof(((struct llog_rec_hdr *)0)->lrh_len)",1,0,1
obj_request->result == (s32) -ENOENT,1,0,1
RB_EMPTY_ROOT(&dd->sort_list[WRITE]),1,0,1
obj_request->img_request == img_request,1,0,1
"(int)sizeof(((struct mdt_rec_rename *)0)->rn_bias) == 4, ""found %lld\n"", (long long)(int)sizeof(((struct mdt_rec_rename *)0)->rn_bias)",1,0,1
"(int)sizeof(struct obd_connect_data) == 192, ""found %lld\n"", (long long)(int)sizeof(struct obd_connect_data)",1,0,1
"LIP_HDR_SIZE == 16, ""found %lld\n"", (long long)LIP_HDR_SIZE",1,0,1
index >= oir->num_comps,1,0,1
"device, test_bit(BME_LOCKED, &bm_ext->flags) == 0",1,0,1
"offsetof(struct inet_timewait_sock, tw_dport) != offsetof(struct inet_sock, inet_dport)",1,0,1
"(int)sizeof(struct lustre_msg_v2) == 32, ""found %lld\n"", (long long)(int)sizeof(struct lustre_msg_v2)",1,0,1
cfqg_stats_idling(stats),1,0,1
e->refcnt == 0,1,0,1
sizeof(struct batadv_frag_packet) != 20,1,0,1
"GC_MARK(g) && (GC_MARK(g) == GC_MARK_METADATA) != (level != 0), c, ""inconsistent ptrs: mark = %llu, level = %i"", GC_MARK(g), level",1,0,1
"MDS_ATTR_CTIME == 0x0000000000000040ULL, ""found 0x%.16llxULL\n"", (long long)MDS_ATTR_CTIME",1,0,1
"(int)offsetof(struct llog_setattr64_rec, lsr_hdr) == 0, ""found %lld\n"", (long long)(int)offsetof(struct llog_setattr64_rec, lsr_hdr)",1,0,1
"i_size_read(inode) > 0, sb",1,0,1
"__set_blocks(n1, n1->keys + keys, block_bytes(b->c)) > btree_blocks(new_nodes[i])",1,0,1
"!page->mapping, page",1,0,1
!fsize,1,0,1
sizeof(struct hpsa_tmf_struct) > sizeof(struct io_accel2_cmd),1,0,1
atomic_read(&pool->pool_refcount) > 1,1,0,1
lock->l_exp_refs_nr >= 0,1,0,1
collapse->slot >= ASSOC_ARRAY_FAN_OUT,1,0,1
patt_count > 0,1,0,1
"(int)sizeof(((struct mdt_rec_rename *)0)->rn_padding_5) == 4, ""found %lld\n"", (long long)(int)sizeof(((struct mdt_rec_rename *)0)->rn_padding_5)",1,0,1
!iolink,1,0,1
(oap->oap_async_flags & ASYNC_READY) != 0,1,0,1
rq_set != NULL,1,0,1
"(int)sizeof(((struct obdo *)0)->o_size) == 8, ""found %lld\n"", (long long)(int)sizeof(((struct obdo *)0)->o_size)",1,0,1
"irlap != NULL, return;",1,0,1
"(int)sizeof(((struct obd_connect_data *)0)->paddingA) == 8, ""found %lld\n"", (long long)(int)sizeof(((struct obd_connect_data *)0)->paddingA)",1,0,1
spin_is_locked(&ctx->fault_pending_wqh.lock),1,0,1
"UPDATE_LAST_OPC == 1001, ""found %lld\n"", (long long)UPDATE_LAST_OPC",1,0,1
addr < mapping->base || bitmap_index > mapping->extensions,1,0,1
PCI_EXT_CAP_ID_MAX >= PCI_CAP_ID_INVALID,1,0,1
lock->ml.highest_blocked <= LKM_IVMODE,1,0,1
"copied, ==, len",1,0,1
scsi_prot_sg_count(SCpnt) == 0,1,0,1
"(int)offsetof(struct lustre_msg_v2, lm_padding_3) == 28, ""found %lld\n"", (long long)(int)offsetof(struct lustre_msg_v2, lm_padding_3)",1,0,1
mod != LP_POISON,1,0,1
"list_empty(&r->res_recover_list), dlm_dump_rsb(r);",1,0,1
"(int)sizeof(((struct obd_dqinfo *)0)->dqi_bgrace) == 8, ""found %lld\n"", (long long)(int)sizeof(((struct obd_dqinfo *)0)->dqi_bgrace)",1,0,1
!pgtbl,1,0,1
!hlist_empty(&mp->m_list),1,0,1
"(int)offsetof(struct idx_info, ii_count) == 8, ""found %lld\n"", (long long)(int)offsetof(struct idx_info, ii_count)",1,0,1
ins->asynch_rx_scb,1,0,1
"!test_bit(COW_CNODE, &cnode->flags)",1,0,1
((unsigned long) ptr) & (size-1),1,0,1
host->state == HST_DEV_SCAN_START || host->state == HST_DEV_SCAN,1,0,1
"vnode->server, ==, NULL",1,0,1
IN_EXCL_UNLINK != FS_EXCL_UNLINK,1,0,1
"MDS_OPEN_DIRECTORY == 000000200000UL, ""found 0%.11oUL\n"", MDS_OPEN_DIRECTORY",1,0,1
code >= CP_CODES,1,0,1
"ergo((conf->nc_flags & PTLRPC_NRS_FL_REG_EXTERN) != 0, conf->nc_owner != NULL)",1,0,1
ring->next_to_clean == 0,1,0,1
"device, (req->rq_state & RQ_LOCAL_MASK) == 0",1,0,1
"xfs_inode_dquot(ip, type) == NULL",1,0,1
mapping != page_mapping(page),1,0,1
ofs != (ofs >> super->s_writeshift) << super->s_writeshift,1,0,1
MC_CMD_GET_BOARD_CFG_OUT_MAC_ADDR_BASE_PORT0_OFST & 1,1,0,1
LQUOTA_TYPE_GRP == 1,1,0,1
"(int)offsetof(struct mdt_rec_rename, rn_suppgid1) == 24, ""found %lld\n"", (long long)(int)offsetof(struct mdt_rec_rename, rn_suppgid1)",1,0,1
state <= LUSTRE_IMP_EVICTED,1,0,1
"gpio_request(P2_NAND_RB_GPIO_PIN, ""NAND ready"") < 0",1,0,1
"(int)offsetof(struct hsm_action_item, hai_dfid) == 24, ""found %lld\n"", (long long)(int)offsetof(struct hsm_action_item, hai_dfid)",1,0,1
"VIRTIO_PCI_CAP_BAR != offsetof(struct virtio_pci_cap, bar)",1,0,1
pic_data == NULL,1,0,1
!e->inode,1,0,1
(subdevice_id & 0xfff0) != INDIGO_DJ,1,0,1
len <= sizeof(struct xfs_trans_header),1,0,1
ARRAY_SIZE(pm_qos_array) != PM_QOS_NUM_CLASSES,1,0,1
new_size <= sizeof (ji->i_inline_ea),1,0,1
!(md->options & (LNET_MD_IOVEC | LNET_MD_KIOV | LNET_MD_PHYS)),1,0,1
PTE_ENTRY_SIZE != sizeof(pte_t),1,0,1
"(int)sizeof(struct mdt_rec_link) == 136, ""found %lld\n"", (long long)(int)sizeof(struct mdt_rec_link)",1,0,1
"(int)sizeof(((struct hsm_action_item *)0)->hai_len) == 4, ""found %lld\n"", (long long)(int)sizeof(((struct hsm_action_item *)0)->hai_len)",1,0,1
!do_recv || msg->msg_rx_delayed,1,0,1
lcfg.cfg_instance,1,0,1
sizeof(*di) > sizeof((mi->data)),1,0,1
td->dm_dev.bdev,1,0,1
sptlrpc_debugfs_dir == NULL,1,0,1
sizeof(ar->channels) != sizeof(ar5523_channels),1,0,1
page->active >= cachep->num,1,0,1
LLOG_ORIGIN_CONNECT == 506,1,0,1
key.offset > 0,1,0,1
mask & MAY_NOT_BLOCK,1,0,1
"(int)offsetof(struct changelog_rec, cr_type) == 4, ""found %lld\n"", (long long)(int)offsetof(struct changelog_rec, cr_type)",1,0,1
!list_empty(&blkif->free_pages),1,0,1
req != last_req,1,0,1
(serial->parent->port_spec & HSO_PORT_MASK) != HSO_PORT_MODEM,1,0,1
hdr_len != 4,1,0,1
"(int)sizeof(((struct ost_lvb *)0)->lvb_mtime) == 8, ""found %lld\n"", (long long)(int)sizeof(((struct ost_lvb *)0)->lvb_mtime)",1,0,1
CAPA_HMAC_KEY_MAX_LEN == 56,1,0,1
"OBD_CONNECT_FID == 0x40000000ULL, ""found 0x%.16llxULL\n"", OBD_CONNECT_FID",1,0,1
MAX77836_CHARGER_CURRENT_LIMIT_HIGH_START + MAX77836_CHARGER_CURRENT_LIMIT_HIGH_STEP * 0xf != MAX77836_CHARGER_CURRENT_LIMIT_MAX,1,0,1
page_index >= original_sblock->page_count,1,0,1
"(int)offsetof(struct hsm_progress_kernel, hpk_fid) == 0, ""found %lld\n"", (long long)(int)offsetof(struct hsm_progress_kernel, hpk_fid)",1,0,1
"PageActive(page) && PageUnevictable(page), page",1,0,1
list_num < 0,1,0,1
"(int)offsetof(struct obdo, o_flags) == 96, ""found %lld\n"", (long long)(int)offsetof(struct obdo, o_flags)",1,0,1
hwif->present,1,0,1
"newpte != pte_offset_kernel(pmd, 0)",1,0,1
env_start > env_end,1,0,1
list_empty(&lp->lp_hashlist),1,0,1
count16 * sizeof(struct zd_ioreq16) > sizeof(ioreqs16),1,0,1
list_empty(&upper->upper),1,0,1
!cp->cm_modified,1,0,1
ctxt->loc_exp == disk_obd->obd_self_export,1,0,1
"(int)offsetof(struct obd_statfs, os_fsid) == 48, ""found %lld\n"", (long long)(int)offsetof(struct obd_statfs, os_fsid)",1,0,1
!osc_lock_is_lockless(olck),1,0,1
nr_devices,1,0,1
atomic_read(&ecryptfs_num_miscdev_opens) != 0,1,0,1
!divider_exists(div),1,0,1
info->ksi_nthreads <= info->ksi_nthreads_max,1,0,1
"(int)sizeof(((struct obdo *)0)->o_misc) == 4, ""found %lld\n"", (long long)(int)sizeof(((struct obdo *)0)->o_misc)",1,0,1
!the_lnet.ln_init,1,0,1
"vma->vm_file || !vma->anon_vma, vma",1,0,1
dev_get_drvdata(cdev),1,0,1
dlm,1,0,1
plist_node_empty(node),1,0,1
"(int)offsetof(struct mdt_ioepoch, flags) == 16, ""found %lld\n"", (long long)(int)offsetof(struct mdt_ioepoch, flags)",1,0,1
msg->con != con,1,0,1
obddev->u.cli.cl_import == NULL,1,0,1
sizeof(atomic_long_t) != sizeof(unsigned long),1,0,1
sizeof(struct fsf_status_read_buffer) > PAGE_SIZE,1,0,1
route->ksnr_retry_interval != 0,1,0,1
policy->sp_sops->free_rs,1,0,1
!zone_is_initialized(zone),1,0,1
!(laddr + i >= 0 && laddr + i < rrpc->nr_pages),1,0,1
RTAX_FEATURE_MASK & DST_FEATURE_MASK,1,0,1
rxkad_ci != NULL,1,0,1
info->scsi.irq,1,0,1
(shift < 1) || (shift > MAX_PGTABLE_INDEX_SIZE),1,0,1
shift != ZONES_PGSHIFT,1,0,1
"offset_in_entry(test, offset)",1,0,1
j >= ASSOC_ARRAY_FAN_OUT + 1,1,0,1
el->l_tree_depth != 0,1,0,1
i >= child_length(tn),1,0,1
SKB_GSO_GRE_CSUM != (NETIF_F_GSO_GRE_CSUM >> NETIF_F_GSO_SHIFT),1,0,1
ip->i_afp->if_bytes / sizeof(xfs_bmbt_rec_t) == ip->i_d.di_anextents,1,0,1
!sonic || !sonic->card,1,0,1
ctx->ring_pages[idx] != old,1,0,1
g->p.mb_proc_locked < 0,1,0,1
!HAS_PCH_SPLIT(dev_priv->dev),1,0,1
"ll_rpc_opcode_table[offset].opcode == opcode, ""ll_rpc_opcode_table[%u].opcode %u != opcode %u\n"", offset, ll_rpc_opcode_table[offset].opcode, opcode",1,0,1
"(int)sizeof(struct hsm_action_item) == 72, ""found %lld\n"", (long long)(int)sizeof(struct hsm_action_item)",1,0,1
"map_vm_area(area->vm, PAGE_KERNEL, pages)",1,0,1
!num,1,0,1
ctl->total_bitmaps <= max_bitmaps,1,0,1
"PageAnon(page) && !PageKsm(page) && !anon_vma, page",1,0,1
"!IS_ALIGNED(KASAN_SHADOW_START, PGDIR_SIZE)",1,0,1
ioc->pdir_size > 8 * 1024 * 1024,1,0,1
cred->security && (unsigned long) cred->security < PAGE_SIZE,1,0,1
!ext4_ext_is_unwritten(ex) && split_flag & (EXT4_EXT_MAY_ZEROOUT | EXT4_EXT_MARK_UNWRIT1 | EXT4_EXT_MARK_UNWRIT2),1,0,1
"(int)offsetof(struct llogd_conn_body, lgdc_ctxt_idx) == 36, ""found %lld\n"", (long long)(int)offsetof(struct llogd_conn_body, lgdc_ctxt_idx)",1,0,1
have == 0 && old_pages != NULL,1,0,1
"(int)sizeof(((struct mdt_rec_create *)0)->cr_fid2) == 16, ""found %lld\n"", (long long)(int)sizeof(((struct mdt_rec_create *)0)->cr_fid2)",1,0,1
flag != COMMIT_PMAP,1,0,1
rbd_obj_request_cache,1,0,1
req->rq_reqbuf_len >= alloc_len,1,0,1
sizeof(virt_to_page(pgd)->index) < sizeof(mm),1,0,1
(s64)li->li_used_bytes < 0,1,0,1
(mode & S_IFMT) != S_IFREG,1,0,1
PageHighMem(map->pages[i]),1,0,1
"(int)sizeof(((struct ptlrpc_body_v3 *)0)->pb_op_flags) == (int)sizeof(((struct ptlrpc_body_v2 *)0)->pb_op_flags), ""%d != %d\n"", (int)sizeof(((struct ptlrpc_body_v3 *)0)->pb_op_flags), (int)sizeof(((struct ptlrpc_body_v2 *)0)->pb_op_flags)",1,0,1
"LMAI_RELEASED == 0x00000001UL, ""found 0x%.8xUL\n"", (unsigned)LMAI_RELEASED",1,0,1
"(int)offsetof(struct mdt_rec_setxattr, sx_padding_8) == 120, ""found %lld\n"", (long long)(int)offsetof(struct mdt_rec_setxattr, sx_padding_8)",1,0,1
cachep->allocflags & GFP_DMA,1,0,1
!(gdesc->rcd.tcp || gdesc->rcd.udp),1,0,1
"(int)offsetof(struct llog_logid_rec, lid_padding2) == 40, ""found %lld\n"", (long long)(int)offsetof(struct llog_logid_rec, lid_padding2)",1,0,1
opcode != CEPH_OSD_OP_READ && opcode != CEPH_OSD_OP_WRITE && opcode != CEPH_OSD_OP_ZERO && opcode != CEPH_OSD_OP_TRUNCATE && opcode != CEPH_OSD_OP_CREATE && opcode != CEPH_OSD_OP_DELETE,1,0,1
cfg->cfg_sb == cfg->cfg_instance,1,0,1
"(int)sizeof(((struct llog_catid *)0)->lci_padding3) == 4, ""found %lld\n"", (long long)(int)sizeof(((struct llog_catid *)0)->lci_padding3)",1,0,1
"(int)sizeof(((struct mdt_rec_create *)0)->cr_suppgid1_h) == 4, ""found %lld\n"", (long long)(int)sizeof(((struct mdt_rec_create *)0)->cr_suppgid1_h)",1,0,1
!msp->sz,1,0,1
delta > ISL38XX_CB_TX_QSIZE,1,0,1
!RB_EMPTY_NODE(&dl_se->rb_node),1,0,1
dbg_is_tst_rcvry(c),1,0,1
"(int)offsetof(posix_acl_xattr_entry, e_id) == 4, ""found %lld\n"", (long long)(int)offsetof(posix_acl_xattr_entry, e_id)",1,0,1
type < OCFS2_FIRST_LOCAL_SYSTEM_INODE || type > OCFS2_LAST_LOCAL_SYSTEM_INODE,1,0,1
"(int)offsetof(struct llog_changelog_rec, cr_tail) == 80, ""found %lld\n"", (long long)(int)offsetof(struct llog_changelog_rec, cr_tail)",1,0,1
sizeof(struct compat_semid64_ds) != 80,1,0,1
MINOR(dev) == 0,1,0,1
x <= 0,1,0,1
blip->bli_buf->b_map_count == nmaps,1,0,1
"1, write(fd, ""A"", 1)",1,0,1
flags & ~(KM_SLEEP|KM_NOSLEEP|KM_NOFS|KM_MAYFAIL|KM_ZERO),1,0,1
dev->ml_priv,1,0,1
"MDS_ATTR_FROM_OPEN == 0x0000000000004000ULL, ""found 0x%.16llxULL\n"", (long long)MDS_ATTR_FROM_OPEN",1,0,1
"(int)offsetof(struct mdt_body, ctime) == 72, ""found %lld\n"", (long long)(int)offsetof(struct mdt_body, ctime)",1,0,1
CCN_SBAS_PMU_EVENT_SEL__ID__SHIFT(1) != CCN_RNI_PMU_EVENT_SEL__ID__SHIFT(1),1,0,1
imp->imp_last_replay_transno,1,0,1
"self != NULL, return -RSP_PROTOCOL_ERROR;",1,0,1
n < 4,1,0,1
usr_buf_size < send_len,1,0,1
PAGE_CACHE_SIZE >= sizeof (*value),1,0,1
system_controller_base == NULL,1,0,1
err == 28,1,0,1
dlmexp != NULL,1,0,1
"(int)offsetof(struct lov_mds_md_v3, lmm_objects[0]) == 48, ""found %lld\n"", (long long)(int)offsetof(struct lov_mds_md_v3, lmm_objects[0])",1,0,1
io->ci_lockreq == CILR_MANDATORY || io->ci_lockreq == CILR_MAYBE || io->ci_lockreq == CILR_NEVER,1,0,1
tcp_skb_pcount(skb) < pcount,1,0,1
atomic_read(&osc->oo_nr_writes) == 0,1,0,1
!mr->mem.arbel.mpt,1,0,1
"VIRTIO_PCI_COMMON_Q_AVAILHI != offsetof(struct virtio_pci_common_cfg, queue_avail_hi)",1,0,1
MC_CMD_SET_MAC_OUT_LEN != 0,1,0,1
desc->bd_cbid.cbid_fn == client_bulk_callback,1,0,1
"(int)offsetof(struct mgs_target_info, mti_instance) == 20, ""found %lld\n"", (long long)(int)offsetof(struct mgs_target_info, mti_instance)",1,0,1
UBIFS_XENT_NODE_SZ & 7,1,0,1
e >= (struct got_entry *) (mod->arch.got->sh_addr + mod->arch.got->sh_size),1,0,1
"txq->descs != PTR_ALIGN(txq->descs, MVNETA_CPU_D_CACHE_LINE_SIZE)",1,0,1
ctx->shm.ofs & ((1 << MFC_BANK1_ALIGN_ORDER) - 1),1,0,1
"0, sigaction(SIGUSR1, &action, NULL)",1,0,1
"(int)sizeof(((struct llog_log_hdr *)0)->llh_cat_idx) == 4, ""found %lld\n"", (long long)(int)sizeof(((struct llog_log_hdr *)0)->llh_cat_idx)",1,0,1
i != opts->num_mnt_opts,1,0,1
index <= last_index + 1,1,0,1
!entry->lsm[i].rule,1,0,1
ieee754dp_issnan(r),1,0,1
!md->internal_suspend_count,1,0,1
queue != &res->converting,1,0,1
"!IS_ALIGNED(DNAME_INLINE_LEN, sizeof(long))",1,0,1
"(int)sizeof(((struct cfg_marker *)0)->cm_canceltime) == 8, ""found %lld\n"", (long long)(int)sizeof(((struct cfg_marker *)0)->cm_canceltime)",1,0,1
stripe_index >= map->num_stripes,1,0,1
"ergo(io->ci_ignore_layout || !io->ci_verify_layout, !io->ci_need_restart)",1,0,1
sizeof(rec->ir_holemask) <= sizeof(holemask[0]),1,0,1
addr_to_vb_idx(addr) != addr_to_vb_idx(va_start),1,0,1
sizeof(*rx) > DLN2_I2C_BUF_SIZE,1,0,1
parms == NULL,1,0,1
"(int)sizeof(((struct update *)0)->u_bufs) == 0, ""found %lld\n"", (long long)(int)sizeof(((struct update *)0)->u_bufs)",1,0,1
sample != NULL,1,0,1
SCU_MAX_COMPLETION_QUEUE_ENTRIES,1,0,1
blfp->blf_flags & XFS_BLF_CANCEL,1,0,1
"!zone_spans_pfn(zone, pfn), page",1,0,1
ops->hs_hash,1,0,1
atomic_read(&bio->__bi_remaining) <= 0,1,0,1
"SEC_CTX_FINI == 803, ""found %lld\n"", (long long)SEC_CTX_FINI",1,0,1
"(int)sizeof(((struct obd_statfs *)0)->os_spare9) == 4, ""found %lld\n"", (long long)(int)sizeof(((struct obd_statfs *)0)->os_spare9)",1,0,1
"(int)sizeof(struct ost_body) == 208, ""found %lld\n"", (long long)(int)sizeof(struct ost_body)",1,0,1
dlm->joining_node != assert->node_idx,1,0,1
riov.iov != host_riov,1,0,1
"mmio, IMX_P0PHYCR_CR_READ, false",1,0,1
!(NULL == ds || BTRFSIC_DEV2STATE_MAGIC_NUMBER == ds->magic_num),1,0,1
"(int)sizeof(((struct llog_cookie *)0)->lgc_subsys) == 4, ""found %lld\n"", (long long)(int)sizeof(((struct llog_cookie *)0)->lgc_subsys)",1,0,1
state->buf_kern_len <= pad,1,0,1
split_hblks > 0,1,0,1
remaining && !se_cmd->t_data_sg,1,0,1
page->index != idx,1,0,1
"!PageLocked(page) || PageLRU(page), page",1,0,1
!is_power_of_2(__alignof__(struct zpci_fmb)) || __alignof__(struct zpci_fmb) < sizeof(struct zpci_fmb),1,0,1
"OBD_CONNECT_MAXBYTES == 0x8000000000ULL, ""found 0x%.16llxULL\n"", OBD_CONNECT_MAXBYTES",1,0,1
&amp->list == &amp_list,1,0,1
l4proto->l3proto >= PF_MAX,1,0,1
leader->exit_state != EXIT_ZOMBIE,1,0,1
"atomic_read(&cell->usage), >, 0",1,0,1
pfn >= num_l2_ptes[node],1,0,1
chan->dma.ib_free < 1,1,0,1
"!down_write_trylock(&oi->ip_alloc_sem), ""Clear inode of %llu, alloc_sem is locked\n"", (unsigned long long)oi->ip_blkno",1,0,1
pfn % VIRTIO_BALLOON_PAGES_PER_PAGE,1,0,1
"sizeof(((struct hsm_user_import *)0)->hui_uid) == 4, ""found %lld\n"", (long long)sizeof(((struct hsm_user_import *)0)->hui_uid)",1,0,1
"PTLRPC_MSG_VERSION == 0x00000003, ""found 0x%.8x\n"", PTLRPC_MSG_VERSION",1,0,1
index >= nr_entries,1,0,1
sizeof(*p) > SW842_MEM_COMPRESS,1,0,1
ac->ac_lg != NULL,1,0,1
"(int)offsetof(struct ldlm_gl_lquota_desc, gl_ver) == 24, ""found %lld\n"", (long long)(int)offsetof(struct ldlm_gl_lquota_desc, gl_ver)",1,0,1
"(int)sizeof(((struct ptlrpc_body_v3 *)0)->pb_limit) == 4, ""found %lld\n"", (long long)(int)sizeof(((struct ptlrpc_body_v3 *)0)->pb_limit)",1,0,1
shortcut->next_node != cursor,1,0,1
"offsetof(typeof(mgmt->u.probe_resp), variable) != offsetof(typeof(mgmt->u.beacon), variable)",1,0,1
(1 << get_order(ioc->pdir_size)) != (ioc->pdir_size >> PAGE_SHIFT),1,0,1
"keylen, <, 512",1,0,1
desc->bd_iov_count < desc->bd_max_iov,1,0,1
client != handle->client,1,0,1
in_f->ilf_fields & XFS_ILOG_DBROOT,1,0,1
nr_merged > ps->current_committed,1,0,1
"""Invalid hist entry"", CPU(he) == 0 && PID(he) == 100 && he->stat.period == 100",1,0,1
"OBD_BRW_NOQUOTA == 0x100, ""found 0x%.8x\n"", OBD_BRW_NOQUOTA",1,0,1
TC_BITMASK != TC_QOPT_BITMASK,1,0,1
diff == INT_MAX,1,0,1
(MMU_PAGE_COUNT - 1) > 0xf,1,0,1
ml->type != LKM_EXMODE && ml->type != LKM_PRMODE,1,0,1
"(int)sizeof(((struct update_buf *)0)->ub_count) == 4, ""found %lld\n"", (long long)(int)sizeof(((struct update_buf *)0)->ub_count)",1,0,1
!smmu_group,1,0,1
"LMAC_FID_ON_OST == 0x00000008UL, ""found 0x%.8xUL\n"", (unsigned)LMAC_FID_ON_OST",1,0,1
"device, bm_ext->lce.refcnt == 1",1,0,1
!(iip->ili_fields & XFS_ILOG_DBROOT),1,0,1
"OBD_MD_FLUSRQUOTA == (0x20000000ULL), ""found 0x%.16llxULL\n"", OBD_MD_FLUSRQUOTA",1,0,1
ret >= ARRAY_SIZE(dm_bufio_caches),1,0,1
i >= cmp->num_pages,1,0,1
"(int)sizeof(((struct mdt_rec_rename *)0)->rn_fsuid) == 4, ""found %lld\n"", (long long)(int)sizeof(((struct mdt_rec_rename *)0)->rn_fsuid)",1,0,1
__rds_ib_ring_used(ring),1,0,1
sw_context->error_resource != NULL,1,0,1
"offsetof(typeof(*ocd), padding8) != 0",1,0,1
olck->ols_agl,1,0,1
!raid6_call.xor_syndrome,1,0,1
"spin_is_locked(&oi->ip_lock), ""Clear inode of %llu, inode is locked\n"", (unsigned long long)oi->ip_blkno",1,0,1
"drbd_test_flag(mdev, DEVICE_DYING)",1,0,1
curr->mm,1,0,1
cursor->data->type != CEPH_MSG_DATA_BIO,1,0,1
info->channel >= hdspm->max_channels_out,1,0,1
"(int)sizeof(struct llog_setattr64_rec) == 64, ""found %lld\n"", (long long)(int)sizeof(struct llog_setattr64_rec)",1,0,1
"(int)offsetof(struct mdt_body, gid_h) == 168, ""found %lld\n"", (long long)(int)offsetof(struct mdt_body, gid_h)",1,0,1
"""Can't open events dir"", events_dir",1,0,1
__cpu_architecture == CPU_ARCH_UNKNOWN,1,0,1
"(int)sizeof(((struct lmv_desc *)0)->ld_uuid) == 40, ""found %lld\n"", (long long)(int)sizeof(((struct lmv_desc *)0)->ld_uuid)",1,0,1
"page_idx > ria->ria_stoff, ""Invalid page_idx %lu rs %lu re %lu ro %lu rl %lu rp %lu\n"", page_idx, ria->ria_start, ria->ria_end, ria->ria_stoff, ria->ria_length, ria->ria_pages",1,0,1
"(int)offsetof(struct lmv_desc, ld_padding_2) == 32, ""found %lld\n"", (long long)(int)offsetof(struct lmv_desc, ld_padding_2)",1,0,1
ARRAY_SIZE(controls) != ARRAY_SIZE(bq_mode_name),1,0,1
mutex_is_locked(&ubifs_inode(new_dir)->ui_mutex),1,0,1
start_lnum >= c->main_first && start_lnum < c->leb_cnt,1,0,1
!sctx->is_dev_replace,1,0,1
"OST_CREATE == 5, ""found %lld\n"", (long long)OST_CREATE",1,0,1
SKB_GSO_TCP_ECN != (NETIF_F_TSO_ECN >> NETIF_F_GSO_SHIFT),1,0,1
bu->buf_len > 0,1,0,1
page_block == 0,1,0,1
"(int)sizeof(((struct lov_desc *)0)->ld_tgt_count) == 4, ""found %lld\n"", (long long)(int)sizeof(((struct lov_desc *)0)->ld_tgt_count)",1,0,1
new_nr < le32_to_cpu(ab->nr_entries),1,0,1
"(int)sizeof(((struct llog_changelog_rec *)0)->cr_hdr) == 16, ""found %lld\n"", (long long)(int)sizeof(((struct llog_changelog_rec *)0)->cr_hdr)",1,0,1
pct_bcr.c > ARC_PERF_MAX_COUNTERS,1,0,1
hdr->flags & RXRPC_CLIENT_INITIATED,1,0,1
!(vq->used_flags & VRING_USED_F_NO_NOTIFY),1,0,1
"PTR_BUCKET(b->c, &b->key, i)->prio != BTREE_PRIO",1,0,1
state->flags & NEIGH_SEQ_NEIGH_ONLY,1,0,1
"OBD_CONNECT_GRANT_SHRINK == 0x200000000ULL, ""found 0x%.16llxULL\n"", OBD_CONNECT_GRANT_SHRINK",1,0,1
phb != 0,1,0,1
"!test_bit(R5_Wantcompute, &tgt2->flags)",1,0,1
"(int)offsetof(struct mdt_rec_setattr, sa_padding_1_h) == 36, ""found %lld\n"", (long long)(int)offsetof(struct mdt_rec_setattr, sa_padding_1_h)",1,0,1
"OST_MIN_PRECREATE == 32, ""found %lld\n"", (long long)OST_MIN_PRECREATE",1,0,1
skb_headlen(list_skb),1,0,1
cnt == atomic_long_read(&c->dirty_zn_cnt),1,0,1
num_regions > DM_IO_MAX_REGIONS,1,0,1
percpu_init_rwsem(&pcpu_rwsem),1,0,1
&mp->m_ail->xa_lock,1,0,1
"offsetof(struct efx_filter_spec, outer_vid) & 3",1,0,1
"(int)sizeof(((struct mdt_rec_unlink *)0)->ul_padding_8) == 4, ""found %lld\n"", (long long)(int)sizeof(((struct mdt_rec_unlink *)0)->ul_padding_8)",1,0,1
"(int)sizeof(((struct mdt_rec_reint *)0)->rr_umask) == 4, ""found %lld\n"", (long long)(int)sizeof(((struct mdt_rec_reint *)0)->rr_umask)",1,0,1
immr & ~mask,1,0,1
*next_fsb != NULLFSBLOCK || direction == SHIFT_RIGHT,1,0,1
csio_is_rnode_uninit(rn) != 0,1,0,1
ioend->io_size > 0,1,0,1
sizeof(*data) > sizeof(*digest),1,0,1
req->rq_phase == RQ_PHASE_INTERPRET,1,0,1
root->root_key.objectid != btrfs_header_owner(path->nodes[level + 1]),1,0,1
!(*cpu_in_lp2 & BIT(phy_cpu_id)),1,0,1
"(int)sizeof(((struct mdt_rec_rename *)0)->rn_fsuid_h) == 4, ""found %lld\n"", (long long)(int)sizeof(((struct mdt_rec_rename *)0)->rn_fsuid_h)",1,0,1
_1ps->pages[c],1,0,1
"__v > v1 && __v < v2, ""value: %d\n"", __v",1,0,1
"""failed to destroy threads"", !threads_destroy()",1,0,1
!cgroup_destroy_wq,1,0,1
ARRAY_SIZE(fw_mapping) == 0,1,0,1
"(int)offsetof(struct lov_mds_md_v1, lmm_layout_gen) == 30, ""found %lld\n"", (long long)(int)offsetof(struct lov_mds_md_v1, lmm_layout_gen)",1,0,1
"(int)offsetof(struct ptlrpc_body_v3, pb_version) == (int)offsetof(struct ptlrpc_body_v2, pb_version), ""%d != %d\n"", (int)offsetof(struct ptlrpc_body_v3, pb_version), (int)offsetof(struct ptlrpc_body_v2, pb_version)",1,0,1
!(list_empty(&tun->disabled)),1,0,1
rpc->crpc_service <= SRPC_FRAMEWORK_SERVICE_MAX_ID,1,0,1
"MDS_IS_SUBDIR == 52, ""found %lld\n"", (long long)MDS_IS_SUBDIR",1,0,1
last_byte < 1,1,0,1
!(flags & XBF_WRITE),1,0,1
mdclen == (strlen(mdc) + 1),1,0,1
nblocks < 0,1,0,1
otable->page_table != NULL,1,0,1
"dma_has_cap(DMA_INTERRUPT, device->cap_mask) && !device->device_prep_dma_interrupt",1,0,1
_NSIG_WORDS != 1,1,0,1
rm->rm_used >= osb->max_slots,1,0,1
bfdf,1,0,1
!sysctls_root_table,1,0,1
c->gc_task,1,0,1
"(int)sizeof(((struct obd_statfs *)0)->os_fprecreated) == 4, ""found %lld\n"", (long long)(int)sizeof(((struct obd_statfs *)0)->os_fprecreated)",1,0,1
xpc_arch_ops.partition_engaged(XPC_PARTID(part)),1,0,1
sizeof(hwkey) != IEEE802154_ADDR_LEN,1,0,1
write & ~1,1,0,1
desc->bd_cbid.cbid_arg == desc,1,0,1
ARRAY_SIZE(forcewake_domain_names) != FW_DOMAIN_ID_COUNT,1,0,1
"ergo(data != NULL, (data->ocd_connect_flags & ocf) == data->ocd_connect_flags)",1,0,1
wiov.used == 2,1,0,1
atomic_read(&obj->oo_nr_writes) >= 0,1,0,1
"fp, opcode",1,0,1
err == NAME_LESS,1,0,1
"(int)offsetof(struct llog_setattr64_rec, lsr_tail) == 56, ""found %lld\n"", (long long)(int)offsetof(struct llog_setattr64_rec, lsr_tail)",1,0,1
cio == ccc_env_io(env),1,0,1
call->server && call->count && call->request,1,0,1
block_nr > 1,1,0,1
!ring->desc && !ring->desc_cb && !ring->desc_dma_addr,1,0,1
scratch_len < 0,1,0,1
conf->psc_buf.bc_buf_size >= conf->psc_buf.bc_req_max_size + SPTLRPC_MAX_PAYLOAD,1,0,1
"(int)offsetof(struct lov_ost_data_v1, l_ost_gen) == 16, ""found %lld\n"", (long long)(int)offsetof(struct lov_ost_data_v1, l_ost_gen)",1,0,1
sizeof(struct ath10k_skb_cb) > IEEE80211_TX_INFO_DRIVER_DATA_SIZE,1,0,1
!g_chip->avail_substreams,1,0,1
"slabs_node(s, offline_node)",1,0,1
cfio->ft_vmpage != NULL,1,0,1
"(int)sizeof(struct luda_type) == 2, ""found %lld\n"", (long long)(int)sizeof(struct luda_type)",1,0,1
reply->status == 0 || !rpc->srpc_bulk,1,0,1
!from_cblock(p->nr_cblocks_allocated),1,0,1
"F2FS_I_SB(inode), page->index",1,0,1
lnum < be32_to_cpu(vid_hdr->used_ebs),1,0,1
crypt_stat->iv_bytes <= 0,1,0,1
pidx >= maxpools,1,0,1
memLevel < 1 || memLevel > MAX_MEM_LEVEL || windowBits < 9 || windowBits > 15,1,0,1
"pao, phm, phr",1,0,1
(tag & MVIOP_MU_QUEUE_REQUEST_RETURN_CONTEXT) == 0,1,0,1
sizeof(((struct iovec *)NULL)->iov_len) != sizeof(((struct kvec *)NULL)->iov_len),1,0,1
sizeof(struct hbm_add_client_request) != sizeof(struct hbm_props_response),1,0,1
DWC3_TRB_NUM,1,0,1
"(int)sizeof(((struct mdt_rec_setxattr *)0)->sx_opcode) == 4, ""found %lld\n"", (long long)(int)sizeof(((struct mdt_rec_setxattr *)0)->sx_opcode)",1,0,1
"1, ""NACK interrupt for ISOC transfer\n""",1,0,1
rqi != (struct snic_req_info *)ctx,1,0,1
"(int)offsetof(struct ldlm_res_id, name[4]) == 32, ""found %lld\n"", (long long)(int)offsetof(struct ldlm_res_id, name[4])",1,0,1
me->expect_policy == NULL,1,0,1
pfn != pte_pfn(pte),1,0,1
"FIELD_SIZEOF(struct sk_buff, __pkt_type_offset[0]) != 1",1,0,1
lnet_ptl_is_lazy(ptl),1,0,1
"OBD_CONNECT_CANCELSET == 0x400000ULL, ""found 0x%.16llxULL\n"", OBD_CONNECT_CANCELSET",1,0,1
!len && !use_filler,1,0,1
EFX_MAX_EVQ_SIZE > (1 << 2 * ERF_DD_EVQ_IND_RPTR_WIDTH),1,0,1
"(int)offsetof(struct ptlrpc_body_v3, pb_type) == 8, ""found %lld\n"", (long long)(int)offsetof(struct ptlrpc_body_v3, pb_type)",1,0,1
!spare || !scribble,1,0,1
card->number < 0 || card->number >= SNDRV_CARDS,1,0,1
subobj != NULL,1,0,1
region->vm_top < region->vm_end,1,0,1
"(int)sizeof(((struct hsm_user_state *)0)->hus_archive_id) == 4, ""found %lld\n"", (long long)(int)sizeof(((struct hsm_user_state *)0)->hus_archive_id)",1,0,1
"(int)offsetof(struct mdt_rec_reint, rr_fsgid) == 16, ""found %lld\n"", (long long)(int)offsetof(struct mdt_rec_reint, rr_fsgid)",1,0,1
buffer->state != LCS_BUF_STATE_READY,1,0,1
!hlist_empty(&mm->mmu_notifier_mm->list),1,0,1
ctx->count > mdsc->caps_reserve_count,1,0,1
kc->nr_free_pages != kc->nr_reserved_pages,1,0,1
list_empty(&opg->ops_lru),1,0,1
XT_RECENT_MAX_NSTAMPS,1,0,1
gap_start + info->length > gap_end,1,0,1
!(pga->flag & OBD_BRW_FROM_GRANT),1,0,1
blk_no >= log->l_logBBsize,1,0,1
"""Invalid hist entry"", !strcmp(COMM(he), ""perf"") && !strcmp(DSO(he), ""libc"") && he->stat.period == 200",1,0,1
current->thread.int_depth > HARDIRQ_BITS,1,0,1
sz != PMD_SIZE && sz != (PMD_SIZE << huge_shift[HUGE_SHIFT_PMD]),1,0,1
mode != ATA_LITER_EDGE && mode != ATA_LITER_PMP_FIRST && mode != ATA_LITER_HOST_FIRST,1,0,1
!new_e,1,0,1
bufsize < KSYM_NAME_LEN,1,0,1
"i == 0 || pg->off > pg_prev->off, ""i %d p_c %u pg %p [pri %lu ind %lu] off %llu prev_pg %p [pri %lu ind %lu] off %llu\n"", i, page_count, pg->pg, page_private(pg->pg), pg->pg->index, pg->off, pg_prev->pg, page_private(pg_prev->pg), pg_prev->pg->index, pg_prev->off",1,0,1
"(int)sizeof(((struct ll_fiemap_extent *)0)->fe_logical) == 8, ""found %lld\n"", (long long)(int)sizeof(((struct ll_fiemap_extent *)0)->fe_logical)",1,0,1
scd->scd_buf_nposted > 0,1,0,1
"inode->i_rdev == MKDEV(TTYAUX_MAJOR, PTMX_MINOR)",1,0,1
list_empty(&msg->data),1,0,1
pmi_msg.type != PMI_TYPE_POWER_BUTTON,1,0,1
!rbd_dev->spec->image_name,1,0,1
mcpm_cpu_use_count[cluster][cpu] != 1 && mcpm_cpu_use_count[cluster][cpu] != 2,1,0,1
!pte_none(*(kmap_coherent_pte - idx)),1,0,1
pool->order != compound_order(page),1,0,1
"test_bit(B_DIRTY, &b->state)",1,0,1
"(int)offsetof(struct llog_changelog_user_rec, cur_endrec) == 24, ""found %lld\n"", (long long)(int)offsetof(struct llog_changelog_user_rec, cur_endrec)",1,0,1
__whch >= __oreq->r_num_ops,1,0,1
offset_in_page(base_addr),1,0,1
dfmt->header_width <= 0,1,0,1
MODULES_LEN + KERNEL_IMAGE_SIZE > 2*PUD_SIZE,1,0,1
!!(valid & OBD_MD_FLXATTR) ^ !!(valid & OBD_MD_FLXATTRLS),1,0,1
"ring, ring->next_to_use",1,0,1
"offsetof(struct pvclock_vcpu_time_info, version) != 0",1,0,1
count > FC_STARGET_NUM_ATTRS,1,0,1
"(int)sizeof(((struct getinfo_fid2path *)0)->gf_path[0]) == 1, ""found %lld\n"", (long long)(int)sizeof(((struct getinfo_fid2path *)0)->gf_path[0])",1,0,1
"__same_type(tcp_rcv_established, jtcp_rcv_established) == 0",1,0,1
(retain & CEPH_CAP_PIN) == 0,1,0,1
priv->tx_skb,1,0,1
assoc_array_ptr_is_meta(p),1,0,1
znode->level == 0,1,0,1
order_base_2(nr_pages) < KVM_CMA_CHUNK_ORDER - PAGE_SHIFT,1,0,1
VF_MAX_RX_QUEUES > MC_CMD_FLUSH_RX_QUEUES_IN_QID_OFST_MAXNUM,1,0,1
xd->flags & JFFS2_XFLAGS_DEAD,1,0,1
(char *)de >= (size + data_start),1,0,1
"OBD_MD_FLFLAGS == (0x00000800ULL), ""found 0x%.16llxULL\n"", OBD_MD_FLFLAGS",1,0,1
ARRAY_SIZE(pipe_crc_sources) != INTEL_PIPE_CRC_SOURCE_MAX,1,0,1
!ppc_md.hpte_insert,1,0,1
"(int)offsetof(struct mgs_target_info, mti_flags) == 12, ""found %lld\n"", (long long)(int)offsetof(struct mgs_target_info, mti_flags)",1,0,1
vol->upd_marker && vtbl_rec.upd_marker,1,0,1
"dev_priv, pipe, PCH_HDMIC",1,0,1
lpar_rc != H_NOT_FOUND && lpar_rc != H_RESOURCE,1,0,1
filp->private_data,1,0,1
!list_empty(ext_list),1,0,1
(event & (PPS_CAPTUREASSERT | PPS_CAPTURECLEAR)) == 0,1,0,1
sizeof(struct db_index) != 1,1,0,1
sizeof(struct io_accel1_cmd) % IOACCEL1_COMMANDLIST_ALIGNMENT,1,0,1
"(int)offsetof(struct obdo, o_misc) == 108, ""found %lld\n"", (long long)(int)offsetof(struct obdo, o_misc)",1,0,1
g->p.nr_proc <= 0,1,0,1
"ohri->rst_shift, ohri->rst_shift, oh->clkdm->pwrdm.ptr->prcm_partition, oh->clkdm->pwrdm.ptr->prcm_offs, oh->prcm.omap4.rstctrl_offs, oh->prcm.omap4.rstctrl_offs + OMAP4_RST_CTRL_ST_OFFSET",1,0,1
"test_bit(fun, fun_free)",1,0,1
wi->wi_running,1,0,1
"test_bit(FSCACHE_OP_EXCLUSIVE, &op->flags), object->n_exclusive, >, 0",1,0,1
!req->end,1,0,1
conflict == NULL,1,0,1
skmsg->outstanding > 0,1,0,1
"FLD_LAST_OPC == 901, ""found %lld\n"", (long long)FLD_LAST_OPC",1,0,1
"offsetof(struct ieee80211_tx_info, status.rates) != offsetof(struct ieee80211_tx_info, driver_rates)",1,0,1
req->rq_bulk_read && !req->rq_bulk_write,1,0,1
!pte_present(pteval) && !pte_migrating(pteval),1,0,1
D_SIZE * sizeof(lzo_dict_t) > LZO1X_1_MEM_COMPRESS,1,0,1
d->ld_site != NULL && next->ld_type != NULL,1,0,1
ARRAY_SIZE(model_names) != MAXIM_DEVICE_TYPE_NUM,1,0,1
"(int)sizeof(((struct mdt_rec_unlink *)0)->ul_time) == 8, ""found %lld\n"", (long long)(int)sizeof(((struct mdt_rec_unlink *)0)->ul_time)",1,0,1
new_length < rl->vcn,1,0,1
"offsetof(struct io_accel1_cmd, member) != offset",1,0,1
atomic_read(&eb->blocking_writers) != 1,1,0,1
"OBD_MD_FLRMTRGETFACL == (0x0008000000000000ULL), ""found 0x%.16llxULL\n"", OBD_MD_FLRMTRGETFACL",1,0,1
"(int)sizeof(((struct ost_lvb_v1 *)0)->lvb_mtime) == 8, ""found %lld\n"", (long long)(int)sizeof(((struct ost_lvb_v1 *)0)->lvb_mtime)",1,0,1
"!overlapped(ext, cur), ext, EXTSTR, EXTPARA(cur)",1,0,1
ngpio < 8,1,0,1
!msg->data_length,1,0,1
"!atomic_read(&VFS_I(ip)->i_count) || xfs_isilocked(ip, XFS_IOLOCK_EXCL)",1,0,1
"LAYOUT_INTENT_GLIMPSE == 3, ""found %lld\n"", (long long)LAYOUT_INTENT_GLIMPSE",1,0,1
"!test_bit(R5_UPTODATE, &sh->dev[sh->pd_idx].flags) && !test_bit(R5_Discard, &sh->dev[sh->pd_idx].flags)",1,0,1
"(int)offsetof(struct lquota_lvb, lvb_flags) == 0, ""found %lld\n"", (long long)(int)offsetof(struct lquota_lvb, lvb_flags)",1,0,1
conf->nc_ops != NULL,1,0,1
is_arm && (cpsr & COMPAT_PSR_IT_MASK),1,0,1
"!request->rq_receiving_reply, ""req %p\n"", request",1,0,1
nr_pages % PAGES_PER_SECTION,1,0,1
xfs_buf_islocked(*bpp),1,0,1
base_ni->nr_extents <= 0,1,0,1
(linkage->prev == NULL && linkage->next == NULL) || list_empty(linkage),1,0,1
tbl->it_userspace,1,0,1
buf > &__copy_page_end,1,0,1
"server->cb_break_head, ==, server->cb_break_tail",1,0,1
"(int)offsetof(struct mdt_body, uid) == 120, ""found %lld\n"", (long long)(int)offsetof(struct mdt_body, uid)",1,0,1
sizeof(*hao) != 18,1,0,1
dest->send_in_progress == 0,1,0,1
rt6i_nsiblings != rt->rt6i_nsiblings,1,0,1
right < 0 || right > 100,1,0,1
"sbi, blk_addr == NEW_ADDR",1,0,1
uart_circ_empty(xmit),1,0,1
(cmd == F_SETLKW) || (cmd == F_SETLK),1,0,1
"cw1200_queue_put(&priv->tx_queue[t.queue], t.skb, &t.txpriv)",1,0,1
"(int)offsetof(struct hsm_action_item, hai_data) == 72, ""found %lld\n"", (long long)(int)offsetof(struct hsm_action_item, hai_data)",1,0,1
sizeof(lumv3.lmm_objects[0]) == sizeof(lumv3p->lmm_objects[0]),1,0,1
!(ah->ah_version == AR5K_AR5212) || (channel->hw_value == AR5K_MODE_11B),1,0,1
"(int)offsetof(struct hsm_copy, hc_data_version) == 0, ""found %lld\n"", (long long)(int)offsetof(struct hsm_copy, hc_data_version)",1,0,1
"offsetof(struct vringh_kiov, iov) != offsetof(struct vringh_iov, iov)",1,0,1
nblocks <= 0,1,0,1
"is_data && refs_to_drop != extent_data_ref_count(path, iref)",1,0,1
!b,1,0,1
"!alloc_cpumask_var(&cpu_offline_mask, GFP_KERNEL)",1,0,1
"(int)offsetof(struct mgs_target_info, mti_uuid) == 152, ""found %lld\n"", (long long)(int)offsetof(struct mgs_target_info, mti_uuid)",1,0,1
offset % ubi->hdrs_min_io_size == 0,1,0,1
cl_io_is_trunc(io),1,0,1
"sizeof(struct garp_skb_cb) > FIELD_SIZEOF(struct sk_buff, cb)",1,0,1
o == NULL || IS_ERR(o) || lu_device_is_cl(o->co_lu.lo_dev),1,0,1
disks < 4,1,0,1
"FALSE, (""IndicateRxReorderList(): Buffer overflow!! \n"")",1,0,1
ostid_id(&lsm->lsm_oi) == ostid_id(&oa->o_oi),1,0,1
sizeof(sf_full_timeout_def) != sizeof(__le32) * SF_NUM_SCENARIO * SF_NUM_TIMEOUT_TYPES,1,0,1
"env, pg, result == -EBUSY || result == -ENODATA",1,0,1
__drm_mm_hole_node_start(node) != __drm_mm_hole_node_end(node),1,0,1
"""kern_memfd_basic"", MFD_DEF_SIZE, MFD_CLOEXEC | MFD_ALLOW_SEALING",1,0,1
"op->state != FSCACHE_OP_ST_INITIALISED && op->state != FSCACHE_OP_ST_COMPLETE, op->state, ==, FSCACHE_OP_ST_CANCELLED",1,0,1
list_empty(&club->cob_pending_list),1,0,1
ctx->mm != mm,1,0,1
!queue,1,0,1
tp->token == Opt_onerror_panic,1,0,1
"(int)offsetof(struct ldlm_gl_lquota_desc, gl_id) == 0, ""found %lld\n"", (long long)(int)offsetof(struct ldlm_gl_lquota_desc, gl_id)",1,0,1
inode == ccc_object_inode(obj),1,0,1
"dev_priv, pch_transcoder",1,0,1
"mmio, IMX_P0PHYCR_CR_CAP_ADDR, false",1,0,1
sizeof(cdev->keycode) < sizeof(keycode_ak1),1,0,1
!ubifs_zn_cow(znode),1,0,1
!devices.pci[devices.device_num+1],1,0,1
cleaned == page_pools.epp_total_pages,1,0,1
"0, kill(child_pid, SIGSTOP)",1,0,1
"(int)sizeof(struct layout_intent) == 24, ""found %lld\n"", (long long)(int)sizeof(struct layout_intent)",1,0,1
!pool->low_count,1,0,1
!(tp->t_flags & XFS_TRANS_PERM_LOG_RES),1,0,1
img_request->obj_request_count == 0,1,0,1
!pv_eoi_enabled(vcpu),1,0,1
sizeof(cid) != sizeof(*non_socket_contexts),1,0,1
"(int)offsetof(struct mdt_body, padding_10) == 208, ""found %lld\n"", (long long)(int)offsetof(struct mdt_body, padding_10)",1,0,1
!pm || !buffer || !qpd,1,0,1
list_empty(&exp->exp_outstanding_replies),1,0,1
!olddir,1,0,1
"!inode, ""No inode in find actor!\n""",1,0,1
bp->b_flags & XBF_ASYNC,1,0,1
"(int)sizeof(((struct llog_rec_hdr *)0)->lrh_index) == 4, ""found %lld\n"", (long long)(int)sizeof(((struct llog_rec_hdr *)0)->lrh_index)",1,0,1
"compound_order(page) && !PageTransHuge(page), page",1,0,1
ticks > MAX_TICK,1,0,1
"iriap != NULL, return;",1,0,1
cmnd_size > BLK_MAX_CDB,1,0,1
val >= mc13xxx_regulators[id].desc.n_voltages,1,0,1
BGMAC_PC_MTE != BCMA_GMAC_CMN_PC_MTE,1,0,1
"&get_node(cachep, numa_mem_id())->list_lock",1,0,1
pages,1,0,1
ntfs_compression_buffer,1,0,1
romfs_size < 0,1,0,1
"(int)offsetof(struct mdt_rec_reint, rr_suppgid2_h) == 36, ""found %lld\n"", (long long)(int)offsetof(struct mdt_rec_reint, rr_suppgid2_h)",1,0,1
it->d.lustre.it_status != 0,1,0,1
OBD_FL_NOSPC_BLK == 0x00100000,1,0,1
!rhs_cell->holder,1,0,1
sizeof(struct cxl_event_afu_interrupt) != 8,1,0,1
"link->magic == LMP_LAP_MAGIC, return;",1,0,1
(asids->mt_ctxbitmap & ctxbitmap) != ctxbitmap,1,0,1
ocfs2_is_cluster_bitmap(inode),1,0,1
aniState == NULL,1,0,1
!master_irqhost,1,0,1
!list_empty(&ascb->list),1,0,1
mod->state == MODULE_STATE_UNFORMED,1,0,1
sizeof(struct ar5523_tx_data) > IEEE80211_TX_INFO_DRIVER_DATA_SIZE,1,0,1
!vcpu->mmio_needed,1,0,1
"ergo(ext->oe_state == OES_CACHE, ext->oe_hp || ext->oe_urgent), ext",1,0,1
dst_len < 1,1,0,1
xen_feature(XENFEAT_auto_translated_physmap),1,0,1
"(int)sizeof(((struct hsm_progress_kernel *)0)->hpk_data_version) == 8, ""found %lld\n"", (long long)(int)sizeof(((struct hsm_progress_kernel *)0)->hpk_data_version)",1,0,1
item_size < sizeof(*ei) + sizeof(*bi),1,0,1
"""wrong refcnt"", atomic_read(&mg->refcnt), 3",1,0,1
lli->lli_remote_perms == NULL,1,0,1
"(int)offsetof(struct lu_dirpage, ldp_hash_start) == 0, ""found %lld\n"", (long long)(int)offsetof(struct lu_dirpage, ldp_hash_start)",1,0,1
!ath79_ddr_pci_win_base,1,0,1
"(int)offsetof(struct mdt_rec_link, lk_fsuid) == 8, ""found %lld\n"", (long long)(int)offsetof(struct mdt_rec_link, lk_fsuid)",1,0,1
instance->poll_state == CXPOLL_SHUTDOWN,1,0,1
"mb_test_bit(k + i, buddy)",1,0,1
off >= t->target_size,1,0,1
ino == LOGFS_INO_MASTER,1,0,1
copy_buf->used,1,0,1
!(lock_mode & (XFS_MMAPLOCK_EXCL | XFS_ILOCK_EXCL)),1,0,1
len <= UBIFS_BLOCK_SIZE,1,0,1
req->rq_next_phase != req->rq_phase,1,0,1
"dma_has_cap(DMA_PQ_VAL, device->cap_mask) && !device->device_prep_dma_pq_val",1,0,1
intx_q,1,0,1
sizeof(struct mmal_port) != 64,1,0,1
"(int)sizeof(((struct mdt_body *)0)->padding_9) == 8, ""found %lld\n"", (long long)(int)sizeof(((struct mdt_body *)0)->padding_9)",1,0,1
fd->fd_och != NULL,1,0,1
*disk_tgt,1,0,1
"(int)offsetof(struct mdt_body, uid_h) == 164, ""found %lld\n"", (long long)(int)offsetof(struct mdt_body, uid_h)",1,0,1
request != LP_POISON,1,0,1
bmval1 & ~nfsd_suppattrs1(minorversion),1,0,1
"VIRTIO_PCI_COMMON_GFSELECT != offsetof(struct virtio_pci_common_cfg, guest_feature_select)",1,0,1
!list_empty(&atchan->active_list),1,0,1
pageix != NULL,1,0,1
np->features & FE_U3EN,1,0,1
mp->mp_bh[i] != NULL,1,0,1
"(int)offsetof(struct changelog_rec, cr_time) == 24, ""found %lld\n"", (long long)(int)offsetof(struct changelog_rec, cr_time)",1,0,1
skdev->skcomp_ix < SKD_N_COMPLETION_ENTRY,1,0,1
!pqm || !dev || !properties || !qid,1,0,1
"(int)sizeof(struct lmv_desc) == 88, ""found %lld\n"", (long long)(int)sizeof(struct lmv_desc)",1,0,1
sizeof(struct _ar9170_tx_hwdesc) != AR9170_TX_HWDESC_LEN,1,0,1
IS_ERR(dn_fib_rules_ops),1,0,1
"(int)sizeof(((struct link_ea_entry *)0)->lee_name) == 0, ""found %lld\n"", (long long)(int)sizeof(((struct link_ea_entry *)0)->lee_name)",1,0,1
"do_mod(ioffset, inodes_per_cluster) == 0",1,0,1
wf_client_count != 0,1,0,1
(p - buf) > max_instrs,1,0,1
slice->cpl_obj == obj,1,0,1
!elem_info,1,0,1
ubifs_inode(old_dir)->data_len == 0,1,0,1
!PageChecked(page),1,0,1
queue->dealloc_task,1,0,1
bio_sectors <= sectors,1,0,1
"(int)offsetof(struct mdt_body, mode) == 116, ""found %lld\n"", (long long)(int)offsetof(struct mdt_body, mode)",1,0,1
drbg_blocklen(drbg) != crypto_shash_digestsize(tfm),1,0,1
&inst->alg == alg,1,0,1
!a,1,0,1
retval == -EIOCBQUEUED,1,0,1
"(int)offsetof(struct obd_connect_data, ocd_grant_extent) == 34, ""found %lld\n"", (long long)(int)offsetof(struct obd_connect_data, ocd_grant_extent)",1,0,1
del_slot + del_nr != path->slots[0],1,0,1
"OBD_MD_FLMDSCAPA == (0x0000020000000000ULL), ""found 0x%.16llxULL\n"", OBD_MD_FLMDSCAPA",1,0,1
global_ehv_pic == NULL,1,0,1
!list_empty(&res->converting),1,0,1
"(int)sizeof(((struct hsm_action_item *)0)->hai_data) == 0, ""found %lld\n"", (long long)(int)sizeof(((struct hsm_action_item *)0)->hai_data)",1,0,1
end_lnum >= c->main_first && end_lnum < c->leb_cnt,1,0,1
ldd != NULL,1,0,1
policy->sp_sops->accept,1,0,1
"(int)sizeof(((struct obd_quotactl *)0)->qc_cmd) == 4, ""found %lld\n"", (long long)(int)sizeof(((struct obd_quotactl *)0)->qc_cmd)",1,0,1
cfg->cfg_instance != NULL,1,0,1
"LDF_EMPTY == 1, ""found %lld\n"", (long long)LDF_EMPTY",1,0,1
le16_to_cpu(end_dirent->lde_reclen) == 0,1,0,1
"(int)offsetof(struct mdt_rec_reint, rr_flags_h) == 124, ""found %lld\n"", (long long)(int)offsetof(struct mdt_rec_reint, rr_flags_h)",1,0,1
i >= AR5523_MAX_NRATES,1,0,1
modeset->fb,1,0,1
nr < 0 || nr >= ARRAY_SIZE(debug_fault_info),1,0,1
MC_CMD_ENTITY_RESET_OUT_LEN != 0,1,0,1
atomic_read(&jl->j_commit_left) != 1,1,0,1
shift != NODES_PGSHIFT,1,0,1
"(int)sizeof(((struct ptlrpc_body_v3 *)0)->pb_pre_versions) == 32, ""found %lld\n"", (long long)(int)sizeof(((struct ptlrpc_body_v3 *)0)->pb_pre_versions)",1,0,1
bds[0].bd_bucket == bd->bd_bucket || bds[1].bd_bucket == bd->bd_bucket,1,0,1
idx >= KM_TYPE_NR,1,0,1
"(int)sizeof(((struct mgs_target_info *)0)->mti_lustre_ver) == 4, ""found %lld\n"", (long long)(int)sizeof(((struct mgs_target_info *)0)->mti_lustre_ver)",1,0,1
"MDS_HSM_CT_UNREGISTER == 60, ""found %lld\n"", (long long)MDS_HSM_CT_UNREGISTER",1,0,1
evt,1,0,1
"env, page, rc != 0",1,0,1
((u64 *)swapper_pg_dir)[pgd_index(MEM_USER_INTRPT)] != 0,1,0,1
"vfio_group_nb_verify(group, dev)",1,0,1
i > 0 && result != 0,1,0,1
"(int)offsetof(struct mdt_rec_link, lk_padding_9) == 132, ""found %lld\n"", (long long)(int)offsetof(struct mdt_rec_link, lk_padding_9)",1,0,1
"(int)sizeof(((struct mdt_rec_rename *)0)->rn_mode) == 4, ""found %lld\n"", (long long)(int)sizeof(((struct mdt_rec_rename *)0)->rn_mode)",1,0,1
!q->pi_state,1,0,1
"VIRTIO_PCI_COMMON_Q_NOFF != offsetof(struct virtio_pci_common_cfg, queue_notify_off)",1,0,1
"vringh_iov_pull_user(&riov, buf, 5) == 0",1,0,1
tq->buf_info[eop_idx].sop_idx != tq->tx_ring.next2comp,1,0,1
el->l_next_free_rec == el->l_count && !has_empty,1,0,1
"""Incorrect number of hist entry"", i < nr_expected",1,0,1
"(int)offsetof(struct obd_statfs, os_bavail) == 24, ""found %lld\n"", (long long)(int)offsetof(struct obd_statfs, os_bavail)",1,0,1
obj->last_read_req[ring] == NULL,1,0,1
" (ARRAY_SIZE(sampleclock_sources) == MAX_CLOCKSOURCES), assert_sampleclock_sources_size",1,0,1
sizeof(struct cxl_event_data_storage) != 32,1,0,1
"(int)offsetof(struct mdt_rec_unlink, ul_cap) == 4, ""found %lld\n"", (long long)(int)offsetof(struct mdt_rec_unlink, ul_cap)",1,0,1
location.type != BTRFS_ROOT_ITEM_KEY,1,0,1
SCI_MAX_IO_REQUESTS,1,0,1
sizeof(body->mcb_name) > strlen(cld->cld_logname),1,0,1
lineno < 0 || lineno > PVC_NLINES,1,0,1
!lli->lli_open_fd_write_count,1,0,1
!kprobe_optready(ap),1,0,1
"(int)sizeof(((struct obd_connect_data *)0)->ocd_ibits_known) == 8, ""found %lld\n"", (long long)(int)sizeof(((struct obd_connect_data *)0)->ocd_ibits_known)",1,0,1
"(int)offsetof(struct lu_dirent, lde_fid) == 0, ""found %lld\n"", (long long)(int)offsetof(struct lu_dirent, lde_fid)",1,0,1
ext_flags != rec->e_flags,1,0,1
"(int)offsetof(struct update, u_lens) == 24, ""found %lld\n"", (long long)(int)offsetof(struct update, u_lens)",1,0,1
fore200e,1,0,1
!r->page_size,1,0,1
vp != 0,1,0,1
slot->mrq != NULL,1,0,1
"test_bit(BNAD_TXQ_TX_STARTED, &tcb->flags)",1,0,1
!pmdp,1,0,1
range_is_sane(range),1,0,1
req->header.type != cpu_to_le32(IOP_REQUEST_TYPE_SCSI_COMMAND),1,0,1
i > disks - 3,1,0,1
msg->size % 4,1,0,1
le16_to_cpu(entry_list->de_num_used) <= 0,1,0,1
ENTRY_SIZE > PERF_MAX_TRACE_SIZE,1,0,1
!atomic_read(&eb->blocking_writers) && current->pid == eb->lock_owner,1,0,1
((size) > sizeof(struct __kernel_sockaddr_storage)),1,0,1
entry >= 4,1,0,1
cpu_has_dc_aliases && PageHighMem(page),1,0,1
i >= ARRAY_SIZE(i2c_data) - 1,1,0,1
uip || gip || pip,1,0,1
list_empty(&rq->list),1,0,1
ptr >= gd->disk_name + DISK_NAME_LEN,1,0,1
tag >= bqt->real_max_depth,1,0,1
page->index != 0,1,0,1
"(int)offsetof(struct obd_statfs, os_bfree) == 16, ""found %lld\n"", (long long)(int)offsetof(struct obd_statfs, os_bfree)",1,0,1
ti->rsr_saved & MODE_MASK,1,0,1
rbi->buf_type != VMXNET3_RX_BUF_PAGE || rbi->len != PAGE_SIZE,1,0,1
node->count,1,0,1
INDEX_32_COUNT & 0x7,1,0,1
x86_vector_domain == NULL,1,0,1
prio_pos->prio_list.next != &first->prio_list,1,0,1
"(int)offsetof(struct mdt_rec_setxattr, sx_suppgid2_h) == 36, ""found %lld\n"", (long long)(int)offsetof(struct mdt_rec_setxattr, sx_suppgid2_h)",1,0,1
!device->ops->open,1,0,1
*ni->ni_refs[cpt] > 0,1,0,1
"(int)offsetof(struct obd_connect_data, paddingB) == 152, ""found %lld\n"", (long long)(int)offsetof(struct obd_connect_data, paddingB)",1,0,1
pool_nr > tbl->nr_pools,1,0,1
!(rw & WRITE),1,0,1
"comp_keys(&disk_key, new_key) <= 0",1,0,1
rfkill->registered,1,0,1
retval != -EIOCBQUEUED,1,0,1
"(int)sizeof(struct hsm_current_action) == 24, ""found %lld\n"", (long long)(int)sizeof(struct hsm_current_action)",1,0,1
IS_ERR(ck_ref),1,0,1
"0, ""magic mismatch, expected %d/%d, actual %d.\n"", LOV_MAGIC_V1, LOV_MAGIC_V3, lsm->lsm_magic",1,0,1
count % 2,1,0,1
max >= (1 << 16),1,0,1
(ARRAY_SIZE(ath10k_2ghz_channels) + ARRAY_SIZE(ath10k_5ghz_channels)) != ATH10K_NUM_CHANS,1,0,1
ocfs2_sparse_alloc(OCFS2_SB(inode->i_sb)),1,0,1
"atomic_read(&peer->usage), >, 0",1,0,1
!mrq || !mrq->cmd || !mrq->data || !mrq->stop,1,0,1
(((unsigned long)ioc->pdir_base) & PAGE_MASK) != (unsigned long)ioc->pdir_base,1,0,1
!spool->count,1,0,1
"(int)sizeof(((struct llog_unlink_rec *)0)->lur_oid) == 8, ""found %lld\n"", (long long)(int)sizeof(((struct llog_unlink_rec *)0)->lur_oid)",1,0,1
"(int)offsetof(struct hsm_state_set, hss_valid) == 0, ""found %lld\n"", (long long)(int)offsetof(struct hsm_state_set, hss_valid)",1,0,1
"(int)sizeof(((struct mdt_body *)0)->gid) == 4, ""found %lld\n"", (long long)(int)sizeof(((struct mdt_body *)0)->gid)",1,0,1
"ext->oe_nr_pages > 0, ext",1,0,1
lock->cll_depth == 1,1,0,1
"(int)offsetof(struct ost_lvb_v1, lvb_mtime) == 8, ""found %lld\n"", (long long)(int)offsetof(struct ost_lvb_v1, lvb_mtime)",1,0,1
tgt,1,0,1
(u_long)p != (u_long)&scr->data_in + sizeof (scr->data_in),1,0,1
bh->b_blocknr < OCFS2_SUPER_BLOCK_BLKNO,1,0,1
cpu_id >= NR_GIC_CPU_IF,1,0,1
buf[0] == 'a',1,0,1
pmd_huge(*pmd),1,0,1
sb->s_type->fs_flags & FS_BINARY_MOUNTDATA,1,0,1
d == NULL || IS_ERR(d) || lu_device_is_cl(d),1,0,1
"OBD_BRW_WRITE == 0x02, ""found 0x%.8x\n"", OBD_BRW_WRITE",1,0,1
!fscache_object_is_active(object),1,0,1
(subdevice_id & 0xfff0) != ECHO3G,1,0,1
info->curr,1,0,1
"offsetof(struct ieee80211_vendor_ie, len) != 1",1,0,1
"""Incorrect number of callchain entry"", c <= expected_callchain[i].nr",1,0,1
"OST_LVB_ERR_INIT == 0xffbadbad80000000ULL, ""found 0x%.16llxULL\n"", OST_LVB_ERR_INIT",1,0,1
"(int)sizeof(((struct quota_body *)0)->qb_id) == 16, ""found %lld\n"", (long long)(int)sizeof(((struct quota_body *)0)->qb_id)",1,0,1
"(int)offsetof(struct ll_fiemap_extent, fe_length) == 16, ""found %lld\n"", (long long)(int)offsetof(struct ll_fiemap_extent, fe_length)",1,0,1
migratetype == -1,1,0,1
!chip && !(chip->avail_substreams & AVAIL_SUBSTREAMS_MASK),1,0,1
sizeof(struct opregion_asle) != 0x100,1,0,1
"!alloc_cpumask_var(&wq_unbound_cpumask, GFP_KERNEL)",1,0,1
shost->work_q != NULL,1,0,1
info->mode != mode,1,0,1
"MDS_ATTR_BLOCKS == 0x0000000000008000ULL, ""found 0x%.16llxULL\n"", (long long)MDS_ATTR_BLOCKS",1,0,1
maxlen < 6,1,0,1
znode == c->zroot.znode,1,0,1
od == pll_info->od_max,1,0,1
q_req->sbal_number > ZFCP_QDIO_MAX_SBALS_PER_REQ,1,0,1
"(int)offsetof(struct lov_mds_md_v1, lmm_objects[0]) == 32, ""found %lld\n"", (long long)(int)offsetof(struct lov_mds_md_v1, lmm_objects[0])",1,0,1
ARRAY_SIZE(snic->msix_entry) < (n + m + 1),1,0,1
WL12XX_MAX_LINKS > WLCORE_MAX_LINKS,1,0,1
"sdp, !atomic_read(&sdp->sd_quota_count)",1,0,1
(ti = current->journal_info) && ti->ti_magic == NILFS_TI_MAGIC,1,0,1
(unsigned long)atomic_locks % PAGE_SIZE != 0,1,0,1
pages_mapped == 0,1,0,1
ubifs_zn_dirty(zp),1,0,1
index >= 4096,1,0,1
or_mask != add_mask,1,0,1
scsi_bufflen(scp) != payload_len,1,0,1
"page_idx & ((1 << order) - 1), page",1,0,1
"(int)sizeof(((struct obdo *)0)->o_uid_h) == 4, ""found %lld\n"", (long long)(int)sizeof(((struct obdo *)0)->o_uid_h)",1,0,1
(pa & (HV_PAGE_TABLE_ALIGN-1)) != 0,1,0,1
"!sock_flag(sk, SOCK_MEMALLOC)",1,0,1
upper_32_bits(address) != 0L,1,0,1
"MDS_ATTR_SIZE == 0x0000000000000008ULL, ""found 0x%.16llxULL\n"", (long long)MDS_ATTR_SIZE",1,0,1
PTRACE_O_MASK_TILE & PTRACE_O_MASK,1,0,1
"device, list_empty(&first_peer_device(device)->connection->sender_work.q)",1,0,1
pcl->pcl_locks != NULL,1,0,1
mbytes % VMAC_NHBYTES,1,0,1
(i < oc->first_dev) || (oc->first_dev + oc->numdevs <= i),1,0,1
"check_pos(sb, shadow->bix, be64_to_cpu(h.bix), shrink_level(shadow->gc_level)), sb",1,0,1
sizeof(struct flowi4) % sizeof(flow_compare_t),1,0,1
list_empty(&entry->trans_list),1,0,1
current_cpu_type() != c->cputype,1,0,1
"!test_bit(PG_dcache_clean, &page->flags)",1,0,1
!ptep,1,0,1
"(int)offsetof(struct lov_mds_md_v3, lmm_layout_gen) == 30, ""found %lld\n"", (long long)(int)offsetof(struct lov_mds_md_v3, lmm_layout_gen)",1,0,1
codec_addr > HDA_MAX_CODEC_ADDRESS,1,0,1
lockres->l_ex_holders || lockres->l_ro_holders,1,0,1
!list_empty(grace_list),1,0,1
!vol->changing_leb,1,0,1
&rrpc->rev_lock,1,0,1
"(int)sizeof(((struct obd_connect_data *)0)->padding8) == 8, ""found %lld\n"", (long long)(int)sizeof(((struct obd_connect_data *)0)->padding8)",1,0,1
"sbi, sit_i->dirty_sentries",1,0,1
sizeof(struct xen_page_foreign) > BITS_PER_LONG,1,0,1
request_is_queued(&req),1,0,1
"!alloc_profile_is_valid(type, 0)",1,0,1
sizeof(struct batadv_icmp_header) != 20,1,0,1
conn->ibc_scheduled,1,0,1
desc->bd_type == BULK_PUT_SINK || desc->bd_type == BULK_GET_SOURCE,1,0,1
"(int)offsetof(struct mdt_rec_setxattr, sx_padding_5) == 88, ""found %lld\n"", (long long)(int)offsetof(struct mdt_rec_setxattr, sx_padding_5)",1,0,1
ser->dev == NULL,1,0,1
target == O2NM_MAX_NODES,1,0,1
!trylock,1,0,1
"(int)sizeof(((struct hsm_action_item *)0)->hai_fid) == 16, ""found %lld\n"", (long long)(int)sizeof(((struct hsm_action_item *)0)->hai_fid)",1,0,1
"FLD_FIRST_OPC == 900, ""found %lld\n"", (long long)FLD_FIRST_OPC",1,0,1
"""Invalid hist entry"", CPU(he) == 3 && PID(he) == 300 && !strcmp(COMM(he), ""bash"") && !strcmp(DSO(he), ""bash"") && !strcmp(SYM(he), ""main"") && he->stat.period == 100",1,0,1
"p_hwfn, p_hwfn->p_main_ptt, QM_REG_USG_CNT_PF_TX, 0",1,0,1
mres->num_locks != 1,1,0,1
list_empty(&rcd->rcd_list),1,0,1
!va,1,0,1
mode != 0,1,0,1
"(int)offsetof(struct obdo, o_stripe_idx) == 120, ""found %lld\n"", (long long)(int)offsetof(struct obdo, o_stripe_idx)",1,0,1
idx != FM10K_REGS_LEN_Q,1,0,1
"op->state, ==, FSCACHE_OP_ST_DEAD",1,0,1
!zevio_irq_io,1,0,1
PAGE_SIZE % DDE_BUFFER_ALIGN,1,0,1
"compound_dtor >= NR_COMPOUND_DTORS, page",1,0,1
(unsigned)ISP1362_INTL_BUFFERS > 32,1,0,1
"!right_el->l_next_free_rec, ""Inode %llu: Rotate fails "" ""because rightmost leaf block %llu is empty\n"", (unsigned long long)ocfs2_metadata_cache_owner(et->et_ci), (unsigned long long)right_leaf_bh->b_blocknr",1,0,1
"(int)offsetof(struct mdt_rec_link, lk_suppgid2_h) == 36, ""found %lld\n"", (long long)(int)offsetof(struct mdt_rec_link, lk_suppgid2_h)",1,0,1
epq->ptd_count > epq->buf_count,1,0,1
cg->cg_env == env,1,0,1
list_empty(&edge->list[UPPER]),1,0,1
SPTLRPC_FLVR_POLICY(req->rq_flvr.sf_rpc) == SPTLRPC_POLICY_PLAIN,1,0,1
level <= DLM_LOCK_NL,1,0,1
list_empty (&sched->td_list),1,0,1
ioc->ibase & ~iovp_mask,1,0,1
count_sg > WD719X_SG,1,0,1
cache->bstop_percent >= 0 && cache->bstop_percent < cache->bcull_percent && cache->bcull_percent < cache->brun_percent && cache->brun_percent < 100,1,0,1
thread_is_starting(thread),1,0,1
POWER_DOMAIN_NUM > 31,1,0,1
status == -EAGAIN,1,0,1
!bucket->bu_bhs[block_offset],1,0,1
"F2FS_I_SB(inode), inode->i_blocks != 0 && inode->i_blocks != 1",1,0,1
!zynq_scu_base,1,0,1
"cw1200_queue_remove(queue, wsm->packet_id)",1,0,1
"!test_bit(B_WRITING, &b->state)",1,0,1
good_srcs > 1,1,0,1
wq->sq.in_use <= 0 && wq->sq.in_use >= wq->sq.size,1,0,1
!d_unhashed(entry),1,0,1
ubi->good_peb_count == found_pebs,1,0,1
"comp_keys(&disk_key, new_key) >= 0",1,0,1
"bpf_lookup_elem(map_fd, &key, &icmp_cnt) == 0",1,0,1
"""wrong events count"", count_tracepoints() == evlist->nr_entries",1,0,1
"LMAC_NOT_IN_OI == 0x00000004UL, ""found 0x%.8xUL\n"", (unsigned)LMAC_NOT_IN_OI",1,0,1
FORMAT_TYPE_ULONG + SIGN != FORMAT_TYPE_LONG,1,0,1
!rbd_img_request_cache,1,0,1
sizeof(ar->rates) != sizeof(ar5523_rates),1,0,1
!list_empty(&sched->ws_list),1,0,1
"II_FL_NONUNQ == 8, ""found %lld\n"", (long long)II_FL_NONUNQ",1,0,1
rec->rec_type == 0,1,0,1
"dma_has_cap(DMA_MEMCPY, device->cap_mask) && !device->device_prep_dma_memcpy",1,0,1
"(int)offsetof(struct obd_dqinfo, dqi_valid) == 20, ""found %lld\n"", (long long)(int)offsetof(struct obd_dqinfo, dqi_valid)",1,0,1
msg->msg_type == LNET_MSG_REPLY,1,0,1
head > bh->b_size,1,0,1
"(int)offsetof(struct mdt_rec_unlink, ul_time) == 72, ""found %lld\n"", (long long)(int)offsetof(struct mdt_rec_unlink, ul_time)",1,0,1
!(priv->key_map & BIT(idx)),1,0,1
JOBSTATS_JOBID_SIZE == 32,1,0,1
tx->tx_msg.ksm_type == KSOCK_MSG_LNET,1,0,1
"(int)sizeof(((struct lustre_capa *)0)->lc_keyid) == 4, ""found %lld\n"", (long long)(int)sizeof(((struct lustre_capa *)0)->lc_keyid)",1,0,1
nrq->nr_initialized,1,0,1
!tbl->it_ops,1,0,1
"(int)sizeof(((struct llog_unlink64_rec *)0)->lur_count) == 4, ""found %lld\n"", (long long)(int)sizeof(((struct llog_unlink64_rec *)0)->lur_count)",1,0,1
reclaimable < 0,1,0,1
page_has_private(page),1,0,1
"it == lck->rpcl_it, ""%p != %p\n"", it, lck->rpcl_it",1,0,1
lustre_msg_get_opc(req->rq_reqmsg) == LDLM_GL_CALLBACK,1,0,1
"ergo(grants > 0, grants >= tmp)",1,0,1
"(int)sizeof(((struct mdt_rec_setxattr *)0)->sx_padding_10) == 4, ""found %lld\n"", (long long)(int)sizeof(((struct mdt_rec_setxattr *)0)->sx_padding_10)",1,0,1
rdma->state != P9_RDMA_ADDR_RESOLVED,1,0,1
agl_list_empty(sai),1,0,1
sdev->id != sdev->host->this_id,1,0,1
codec >= 3,1,0,1
sw_context->last_query_ctx == NULL,1,0,1
avail > 0,1,0,1
"(int)sizeof(((struct lu_dirpage *)0)->ldp_hash_end) == 8, ""found %lld\n"", (long long)(int)sizeof(((struct lu_dirpage *)0)->ldp_hash_end)",1,0,1
!IS_MODULE(CONFIG_ND_BLK),1,0,1
atomic_read(&anon_vma->refcount),1,0,1
hs != NULL && cfs_hash_with_rehash(hs),1,0,1
"""wrong comm"", thread_map__comm(map, 0) && !strcmp(thread_map__comm(map, 0), ""perf"")",1,0,1
"info->discovery != NULL, return -1;",1,0,1
(char *)&atomic_sub32 - (char *)&fixed_code_start != ATOMIC_SUB32 - FIXED_CODE_START,1,0,1
"(int)offsetof(struct lustre_capa_key, lk_seq) == 0, ""found %lld\n"", (long long)(int)offsetof(struct lustre_capa_key, lk_seq)",1,0,1
sizeof((array)->data[0]) < sizeof(void *),1,0,1
parent->dentry,1,0,1
node->start < adj_start,1,0,1
newheight & ~RADIX_TREE_HEIGHT_MASK,1,0,1
"OBD_CONNECT_TRUNCLOCK == 0x400ULL, ""found 0x%.16llxULL\n"", OBD_CONNECT_TRUNCLOCK",1,0,1
" hashbin->hb_current != NULL, return NULL;",1,0,1
"OBD_BRW_FROM_GRANT == 0x20, ""found 0x%.8x\n"", OBD_BRW_FROM_GRANT",1,0,1
"(int)offsetof(struct llog_setattr64_rec, lsr_gid_h) == 44, ""found %lld\n"", (long long)(int)offsetof(struct llog_setattr64_rec, lsr_gid_h)",1,0,1
chba != iscsi_host_priv(shost),1,0,1
"(int)offsetof(struct llog_unlink64_rec, lur_hdr) == 0, ""found %lld\n"", (long long)(int)offsetof(struct llog_unlink64_rec, lur_hdr)",1,0,1
!(spc & 7),1,0,1
source_pad >= source->num_pads,1,0,1
orphan->cmt,1,0,1
credits != 1,1,0,1
ret != area,1,0,1
!queued,1,0,1
OVS_KEY_ATTR_TUNNEL_INFO != 26,1,0,1
end < orig_end,1,0,1
!con->in_msg,1,0,1
"device, !test_bit(BITMAP_IO_QUEUED, &device->flags)",1,0,1
sublock->cll_conflict == NULL,1,0,1
"sizeof(struct netlink_skb_parms) > FIELD_SIZEOF(struct sk_buff, cb)",1,0,1
ptlrpcd_check_work(req),1,0,1
"(int)sizeof(((struct ldlm_reply *)0)->lock_policy_res2) == 8, ""found %lld\n"", (long long)(int)sizeof(((struct ldlm_reply *)0)->lock_policy_res2)",1,0,1
i != DLM_BLOCKED_LIST,1,0,1
va->va_start & (align-1),1,0,1
dev->reg_state != NETREG_UNREGISTERED,1,0,1
"self->magic == LMP_LSAP_MAGIC, return -EBADR;",1,0,1
ni->ni_lnd->lnd_query != NULL,1,0,1
!msg->msg_rx_ready_delay,1,0,1
!list_empty(&inode->i_data.private_list),1,0,1
parent_length == img_request->xferred,1,0,1
!domain->ops->pgsize_bitmap,1,0,1
"FID_SEQ_LLOG == 1, ""found %lld\n"", (long long)FID_SEQ_LLOG",1,0,1
list_empty(&lp->lp_routes),1,0,1
len <= KUC_CHANGELOG_MSG_MAXSIZE,1,0,1
ep == sender,1,0,1
!list_empty(&sh_key->key_list),1,0,1
"offsetof(typeof(*fl4), daddr) != offsetof(typeof(*fl4), saddr) + sizeof(fl4->saddr)",1,0,1
"LUSTRE_IMMUTABLE_FL == 0x00000010, ""found 0x%.8x\n"", LUSTRE_IMMUTABLE_FL",1,0,1
EFX_MAX_CHANNELS > MC_CMD_FLUSH_RX_QUEUES_IN_QID_OFST_MAXNUM,1,0,1
num_refs < refs_to_drop,1,0,1
"(int)offsetof(struct mdt_rec_setattr, sa_uid) == 64, ""found %lld\n"", (long long)(int)offsetof(struct mdt_rec_setattr, sa_uid)",1,0,1
number < SPTLRPC_POLICY_MAX,1,0,1
mtd->usecount < 0,1,0,1
current == lcc->lcc_cookie,1,0,1
!list_empty(&clerq->crq_pages),1,0,1
offset_in_page(align) || !is_power_of_2(align),1,0,1
commit_transaction->t_state == T_COMMIT_JFLUSH,1,0,1
page_mapcount(page_tail) < 0,1,0,1
!es1,1,0,1
node_lowmem_end_pfn[i] > end,1,0,1
cfs_hash_is_rehashing(hs),1,0,1
mp->m_sb.sb_pquotino > 0,1,0,1
"offsetof(struct cbe_mic_tm_regs, mic_mnt_cfg) != 0x210",1,0,1
"(int)sizeof(((struct mdt_rec_reint *)0)->rr_suppgid1_h) == 4, ""found %lld\n"", (long long)(int)sizeof(((struct mdt_rec_reint *)0)->rr_suppgid1_h)",1,0,1
"(offsetof(struct sigframe, sf_extcontext) - offsetof(struct sigframe, sf_sc)) != (offsetof(struct rt_sigframe, rs_uc.uc_extcontext) - offsetof(struct rt_sigframe, rs_uc.uc_mcontext))",1,0,1
r == sizeof v,1,0,1
S_ISREG(cl_inode_mode(inode)),1,0,1
hba->max_request_size == 0,1,0,1
unlikely(count > ivecs),1,0,1
lock->l_flags & LDLM_FL_AST_SENT,1,0,1
lck->rpcl_it == NULL,1,0,1
"(int)offsetof(struct cfg_marker, cm_step) == 0, ""found %lld\n"", (long long)(int)offsetof(struct cfg_marker, cm_step)",1,0,1
"offsetof(typeof(*ocd), paddingB) != 0",1,0,1
(busa & ~PAGE_MASK) != 0,1,0,1
"oap->oap_magic == OAP_MAGIC, ""Bad oap magic: oap %p, magic 0x%x\n"", oap, oap->oap_magic",1,0,1
list_empty(&dqp->q_lru),1,0,1
lock->l_blocking_lock == NULL,1,0,1
del_nr == 0,1,0,1
"(int)sizeof(((struct mdt_rec_reint *)0)->rr_fsuid) == 4, ""found %lld\n"", (long long)(int)sizeof(((struct mdt_rec_reint *)0)->rr_fsuid)",1,0,1
ac->ac_o_ex.fe_len > ac->ac_b_ex.fe_len,1,0,1
nr_cluster > (MAX_BUF_PER_PAGE / 2),1,0,1
scb->sg_count < 0,1,0,1
(rxpeer->lp_rtrcredits < 0) == !list_empty(&rxpeer->lp_rtrq),1,0,1
s / PAGE_SIZE != (s + list_len * sizeof(u64) - 1) / PAGE_SIZE,1,0,1
p->iptype < 0x01 || p->iptype > 0x09,1,0,1
inode->i_nlink == 1,1,0,1
!__cpu_name[cpu],1,0,1
"skb_headroom(tx_skb) >= LMP_CONTROL_HEADER, return -1;",1,0,1
vcpu->arch.irq_type != KVMPPC_IRQ_MPIC,1,0,1
!m,1,0,1
found->cld_stopping == 0 || cld_is_sptlrpc(found) == 0,1,0,1
((r) & REG_WIDTH_MASK) != (w),1,0,1
"(int)offsetof(struct ost_id, oi) == 0, ""found %lld\n"", (long long)(int)offsetof(struct ost_id, oi)",1,0,1
"!test_bit(NIC_STATE_SERVICE_SCHED, &priv->state)",1,0,1
!buffer_mapped(tbh),1,0,1
riov.iov[0].iov_base == __user_addr_max - 1,1,0,1
"(int)offsetof(struct obd_connect_data, ocd_maxbytes) == 64, ""found %lld\n"", (long long)(int)offsetof(struct obd_connect_data, ocd_maxbytes)",1,0,1
oinfo->oi_osfs != NULL,1,0,1
*exp != NULL && (*exp)->exp_connection,1,0,1
zr,1,0,1
i > 0,1,0,1
"offsetof(struct hsm_user_import, hui_mtime_ns) == 28, ""found %lld\n"", (long long)offsetof(struct hsm_user_import, hui_mtime_ns)",1,0,1
ops->type <= KOBJ_NS_TYPE_NONE,1,0,1
!session,1,0,1
"(int)sizeof(((struct mdt_rec_rename *)0)->rn_fid2) == 16, ""found %lld\n"", (long long)(int)sizeof(((struct mdt_rec_rename *)0)->rn_fid2)",1,0,1
"tn != get_child(tp, cindex)",1,0,1
!table_args,1,0,1
virq > MAX_IRQ,1,0,1
!list_empty(&root->ordered_root),1,0,1
priv->hw_bufs_used > priv->wsm_caps.input_buffers,1,0,1
"cmp_reg(&table->table[i-1], &table->table[i]) >= 0",1,0,1
this_cpu >= MAX_CPUS || this_cpu < 0,1,0,1
obj_request->img_request != NULL,1,0,1
req->rq_repdata->lm_bufcount == PLAIN_PACK_SEGMENTS,1,0,1
ce->e_block_hash_p == block_hash_p,1,0,1
IPOIB_CM_COPYBREAK > IPOIB_CM_HEAD_SIZE,1,0,1
wc->shared_level < level,1,0,1
IF_SPI_CMD_BUF_SIZE < LBS_UPLD_SIZE,1,0,1
dlmexp->exp_connection == imp_conn->oic_conn,1,0,1
! primary_uic,1,0,1
"(int)offsetof(struct lu_dirent, lde_namelen) == 26, ""found %lld\n"", (long long)(int)offsetof(struct lu_dirent, lde_namelen)",1,0,1
PVSCSI_MSG_LAST != 2,1,0,1
hdr->nops > NFS4_MAX_BACK_CHANNEL_OPS,1,0,1
pos + len > EXT4_I(inode)->i_inline_size,1,0,1
sb == NULL,1,0,1
"key_type(c, &sa->key) == UBIFS_DENT_KEY || key_type(c, &sa->key) == UBIFS_XENT_KEY",1,0,1
g->p.mb_proc_locked > g->p.mb_proc,1,0,1
"env, page, slice != NULL",1,0,1
rmi.msglen != sizeof(int),1,0,1
"(int)offsetof(struct llog_setattr64_rec, lsr_gid) == 40, ""found %lld\n"", (long long)(int)offsetof(struct llog_setattr64_rec, lsr_gid)",1,0,1
"(int)offsetof(struct mdt_rec_unlink, ul_fsuid_h) == 12, ""found %lld\n"", (long long)(int)offsetof(struct mdt_rec_unlink, ul_fsuid_h)",1,0,1
!__TYPE_IS_LL(t) && sizeof(t) > sizeof(long),1,0,1
index >= CFS_PERCPT_LOCK_EX && index < ncpt,1,0,1
sb_i->lock_owner != current,1,0,1
"(int)offsetof(struct obd_dqblk, dqb_ihardlimit) == 24, ""found %lld\n"", (long long)(int)offsetof(struct obd_dqblk, dqb_ihardlimit)",1,0,1
blk > UFS_TIND_BLOCK,1,0,1
pipe1 == pipe2,1,0,1
"env, page, atomic_read(&page->cp_ref) > !!page->cp_parent",1,0,1
!atomic_read(&bio->__bi_cnt),1,0,1
"(int)offsetof(struct idx_info, ii_pad0) == 10, ""found %lld\n"", (long long)(int)offsetof(struct idx_info, ii_pad0)",1,0,1
"(physaddr & 0x3ff) == 0, printk (KERN_ERR DRIVER_NAME ""ring not correctly aligned\n""); return;",1,0,1
sizeof(struct sockaddr_l2) > sizeof(struct sockaddr),1,0,1
"(int)sizeof(((struct mdt_body *)0)->eadatasize) == 4, ""found %lld\n"", (long long)(int)sizeof(((struct mdt_body *)0)->eadatasize)",1,0,1
msg->msg_wanted == mlen,1,0,1
lock->l_flags & LDLM_FL_CP_REQD,1,0,1
"!test_bit(OBD_ZOMBIE_STOP, &obd_zombie_flags)",1,0,1
old->xref,1,0,1
whence != SEEK_DATA && whence != SEEK_HOLE,1,0,1
!hi,1,0,1
hdr_off || sg || off,1,0,1
count > num_queued - dql->num_completed,1,0,1
"(int)sizeof(((struct mdt_rec_setattr *)0)->sa_fsuid) == 4, ""found %lld\n"", (long long)(int)sizeof(((struct mdt_rec_setattr *)0)->sa_fsuid)",1,0,1
atomic_read(&eb->blocking_readers) == 0,1,0,1
"(int)offsetof(struct ptlrpc_body_v3, pb_type) == (int)offsetof(struct ptlrpc_body_v2, pb_type), ""%d != %d\n"", (int)offsetof(struct ptlrpc_body_v3, pb_type), (int)offsetof(struct ptlrpc_body_v2, pb_type)",1,0,1
lpages == npages,1,0,1
flushing < 0,1,0,1
sc->tx.txq[qnum].axq_qnum != qnum,1,0,1
list_empty(&the_lnet.ln_test_peers),1,0,1
skreq->state == SKD_REQ_STATE_BUSY,1,0,1
"(int)sizeof(((struct lustre_capa *)0)->lc_timeout) == 4, ""found %lld\n"", (long long)(int)sizeof(((struct lustre_capa *)0)->lc_timeout)",1,0,1
"(int)offsetof(struct mdt_rec_setxattr, sx_fid) == 40, ""found %lld\n"", (long long)(int)offsetof(struct mdt_rec_setxattr, sx_fid)",1,0,1
(phys_addr >> PAGE_SHIFT) > max_low_pfn,1,0,1
"bpf_get_next_key(map_fd, &key, &next_key) == 0 && next_key == 0",1,0,1
conf->nc_compat != NULL,1,0,1
"(int)offsetof(struct ptlrpc_body_v3, pb_padding) == 120, ""found %lld\n"", (long long)(int)offsetof(struct ptlrpc_body_v3, pb_padding)",1,0,1
UBIFS_MAX_NODE_SZ & 7,1,0,1
"value_len > 0, return 0;",1,0,1
action != SECCOMP_RET_TRACE,1,0,1
"nlupgs == 0, ""left = %d"", nlupgs",1,0,1
!cprc_base,1,0,1
offset || length < PAGE_CACHE_SIZE,1,0,1
"""Invalid hist entry"", !strcmp(COMM(he), ""perf"") && !strcmp(DSO(he), ""[kernel]"") && !strcmp(SYM(he), ""page_fault"") && he->stat.period == 100",1,0,1
"(int)offsetof(struct ldlm_lock_desc, l_granted_mode) == 44, ""found %lld\n"", (long long)(int)offsetof(struct ldlm_lock_desc, l_granted_mode)",1,0,1
zn,1,0,1
"parent->n_ops, >, 0",1,0,1
curr_idx != idx,1,0,1
"atomic_read(&conn->c_refcount) == 0, ""Busy connection with %d refs\n"", atomic_read(&conn->c_refcount)",1,0,1
' ' + ZEROPAD != '0',1,0,1
"atomic_read(&trans->usage), ==, 0",1,0,1
"(int)sizeof(((struct mdt_rec_unlink *)0)->ul_fid1) == 16, ""found %lld\n"", (long long)(int)sizeof(((struct mdt_rec_unlink *)0)->ul_fid1)",1,0,1
pgdat->first_deferred_pfn > pgdat_end_pfn(pgdat),1,0,1
s->failed != 2,1,0,1
"(int)offsetof(struct ptlrpc_body_v3, pb_conn_cnt) == 64, ""found %lld\n"", (long long)(int)offsetof(struct ptlrpc_body_v3, pb_conn_cnt)",1,0,1
cluuid != NULL,1,0,1
swap_storage == NULL,1,0,1
"attrib->magic == IAS_ATTRIB_MAGIC, goto outloop; ",1,0,1
"NULL, self->_x.filter",1,0,1
"OST_READ == 3, ""found %lld\n"", (long long)OST_READ",1,0,1
(value_len > OCFS2_XATTR_INLINE_SIZE) && ocfs2_xattr_is_local(xe),1,0,1
"gpio_request(H3_NAND_RB_GPIO_PIN, ""NAND ready"") < 0",1,0,1
iocb->context1 != lpfc_cmd,1,0,1
"offsetof(typeof(*os), os_spare9) != 0",1,0,1
atomic_read(&dc->count),1,0,1
"(int)offsetof(struct mdt_rec_setattr, sa_suppgid) == 24, ""found %lld\n"", (long long)(int)offsetof(struct mdt_rec_setattr, sa_suppgid)",1,0,1
"QUOTA_LAST_OPC == 603, ""found %lld\n"", (long long)QUOTA_LAST_OPC",1,0,1
!zfcp_reqlist_isempty(adapter->req_list),1,0,1
obj_request->xferred <= (u64) SIZE_MAX,1,0,1
!OCFS2_IS_VALID_GROUP_DESC(prev_bg),1,0,1
!sgl,1,0,1
"(int)sizeof(((struct mdt_rec_link *)0)->lk_fid1) == 16, ""found %lld\n"", (long long)(int)sizeof(((struct mdt_rec_link *)0)->lk_fid1)",1,0,1
queue->rx_skbs[id],1,0,1
"!alloc_cpumask_var(&searched_cpumask, GFP_KERNEL)",1,0,1
"dma_has_cap(DMA_CYCLIC, device->cap_mask) && !device->device_prep_dma_cyclic",1,0,1
ARRAY_SIZE(b43_httab_0x1a_0xc0_late) != B43_HTTAB_1A_C0_LATE_SIZE,1,0,1
ni->ni_lnd->lnd_eager_recv != NULL,1,0,1
"!test_bit(XFS_EFI_RECOVERED, &efip->efi_flags)",1,0,1
pipe(pipe_1),1,0,1
IWL_MAX_CMD_TBS_PER_TFD > IWL_NUM_OF_TBS - 1,1,0,1
"dl->dl_count == 0, ""dentry: %pd, count: %u\n"", dentry, dl->dl_count",1,0,1
!parent_pci,1,0,1
"osc_extent_is_overlapped(obj, ext) == 0, ext, ""overlapped after expanding for %lu.\n"", index",1,0,1
list_empty(&mbm->req_q),1,0,1
"sbi, ni->blk_addr == NEW_ADDR",1,0,1
(req->rq_req_swab_mask & (1 << index)) == 0,1,0,1
"request == oap->oap_request, ""request %p != oap_request %p\n"", request, oap->oap_request",1,0,1
sizeof(struct bcm_tsb) != 8,1,0,1
ARRAY_SIZE(btrfs_unknown_feature_names) != ARRAY_SIZE(btrfs_feature_attrs),1,0,1
req->rq_replen,1,0,1
"DLM_LOCKREPLY_OFF == 1, ""found %lld\n"", (long long)DLM_LOCKREPLY_OFF",1,0,1
num_recs == 0,1,0,1
desc->pd_ops->op_res_get != NULL,1,0,1
cr != COLLATION_BINARY && cr != COLLATION_NTOFS_ULONG,1,0,1
sort__mode >= ARRAY_SIZE(default_sort_orders),1,0,1
"(int)offsetof(struct mdt_rec_setxattr, sx_valid) == 72, ""found %lld\n"", (long long)(int)offsetof(struct mdt_rec_setxattr, sx_valid)",1,0,1
"(int)sizeof(((struct obd_connect_data *)0)->ocd_grant_extent) == 2, ""found %lld\n"", (long long)(int)sizeof(((struct obd_connect_data *)0)->ocd_grant_extent)",1,0,1
start > EXT2_BLOCKS_PER_GROUP(sb),1,0,1
rc >= 0,1,0,1
!card || device < 0 || device >= SNDRV_RAWMIDI_DEVICES,1,0,1
!data->status_reg_buf,1,0,1
!runtime->buffer,1,0,1
dest->bu_inode != src->bu_inode,1,0,1
len > ext4_get_max_inline_size(inode),1,0,1
"!heap_add(iter, ((struct btree_iter_set) { k, end }), btree_iter_cmp)",1,0,1
nextbit < (sizeof(rec->ir_holemask) * NBBY),1,0,1
!cpus_per_node,1,0,1
"!IS_ALIGNED(phys_addr, page_size)",1,0,1
devpriv->counter_dev->counters[gpct_index].mite_chan,1,0,1
is_arm && (cpsr & PSR_IT_MASK),1,0,1
"skb->mark, ==, RXRPC_SKB_MARK_REMOTE_ABORT",1,0,1
"page_head != compound_head(page), page",1,0,1
port->c_src.count != 0,1,0,1
"device, !(remote && send_oos)",1,0,1
sb->type == UBIFS_DENT_NODE || sb->type == UBIFS_XENT_NODE,1,0,1
!sg_page(t),1,0,1
"(int)sizeof(((struct lov_mds_md_v1 *)0)->lmm_stripe_count) == 2, ""found %lld\n"", (long long)(int)sizeof(((struct lov_mds_md_v1 *)0)->lmm_stripe_count)",1,0,1
!notify || !notify->n_register || !notify->n_unregister || !notify->n_disconnect,1,0,1
"""wrong ext"", !m.ext",1,0,1
"dlm, res, mle->vote_map, 0",1,0,1
mdc != NULL,1,0,1
!list_empty(&res->purge),1,0,1
&c->erase_completion_lock,1,0,1
dd->total < DES_BLOCK_SIZE,1,0,1
good_srcs == 0,1,0,1
es == NULL,1,0,1
!list_empty(&res->granted),1,0,1
fifo_state->reserved_size != 0,1,0,1
*debugfs_root_ret == NULL,1,0,1
open_count_before > 0,1,0,1
req->nr_phys_segments > segs,1,0,1
"(int)offsetof(struct ptlrpc_body_v3, pb_opc) == 16, ""found %lld\n"", (long long)(int)offsetof(struct ptlrpc_body_v3, pb_opc)",1,0,1
!device->ops->trigger,1,0,1
"OBD_CONNECT_EINPROGRESS == 0x80000000000ULL, ""found 0x%.16llxULL\n"", OBD_CONNECT_EINPROGRESS",1,0,1
end > nr_minors,1,0,1
MAX77836_CHARGER_CURRENT_LIMIT_HIGH_STEP == 0,1,0,1
"call->rx_data_expect, >=, call->rx_data_post",1,0,1
"(int)sizeof(((struct lmv_desc *)0)->ld_qos_maxage) == 4, ""found %lld\n"", (long long)(int)sizeof(((struct lmv_desc *)0)->ld_qos_maxage)",1,0,1
c->freeable_cnt > 0,1,0,1
obkt->hsb_count > 0,1,0,1
bmval0 & ~nfsd_suppattrs0(minorversion),1,0,1
"(int)sizeof(((struct mdt_rec_setattr *)0)->sa_mtime) == 8, ""found %lld\n"", (long long)(int)sizeof(((struct mdt_rec_setattr *)0)->sa_mtime)",1,0,1
!list_empty(&pd_chan->queue),1,0,1
ch_sn2->local_GP->put < initial_put,1,0,1
sched->ibs_nthreads > 0,1,0,1
msg->lm_magic == LUSTRE_MSG_MAGIC_V2,1,0,1
sizeof(*netdev_stats) / sizeof(unsigned long) != sizeof(*stats64) / sizeof(u64),1,0,1
"rcu_is_watching(), ""notify_die called but RCU thinks we're quiescent""",1,0,1
"""failed to alloc dsos array"", dsos",1,0,1
"(int)sizeof(((struct mdt_rec_setxattr *)0)->sx_padding_11) == 4, ""found %lld\n"", (long long)(int)sizeof(((struct mdt_rec_setxattr *)0)->sx_padding_11)",1,0,1
"(int)offsetof(struct changelog_rec, cr_namelen) == 0, ""found %lld\n"", (long long)(int)offsetof(struct changelog_rec, cr_namelen)",1,0,1
"REPLY_REC_OFF == 1, ""found %lld\n"", (long long)REPLY_REC_OFF",1,0,1
"bpf_update_elem(map_fd, &key, &value, BPF_EXIST) == -1 && errno == ENOENT",1,0,1
B43_TAB_FINEFREQA_SIZE != ARRAY_SIZE(b43_tab_finefreqa),1,0,1
MC_CMD_UNLINK_PIOBUF_OUT_LEN != 0,1,0,1
cg->cg_env,1,0,1
index == le16_to_cpu(el->l_next_free_rec) - 1,1,0,1
"fsdef->backer, ==, NULL",1,0,1
ac->ac_status != AC_STATUS_CONTINUE,1,0,1
HTT_RX_RING_FILL_LEVEL >= HTT_RX_RING_SIZE / 2,1,0,1
"(int)offsetof(struct ll_fiemap_extent, fe_physical) == 8, ""found %lld\n"", (long long)(int)offsetof(struct ll_fiemap_extent, fe_physical)",1,0,1
"MSG_VERSION_REPLAY == 0x00000020UL, ""found 0x%.8xUL\n"", (unsigned)MSG_VERSION_REPLAY",1,0,1
le16_to_cpu(bucket_xh(first)->xh_num_buckets) < num_buckets,1,0,1
"(int)sizeof(struct mgs_send_param) == 1024, ""found %lld\n"", (long long)(int)sizeof(struct mgs_send_param)",1,0,1
"(int)offsetof(struct mdt_rec_create, cr_suppgid2) == 32, ""found %lld\n"", (long long)(int)offsetof(struct mdt_rec_create, cr_suppgid2)",1,0,1
!pool->ref_count,1,0,1
from_head < to_head,1,0,1
!atomic_read(&priv->tx_lock),1,0,1
"device, p->csums_alg[SHARED_SECRET_MAX-1] == 0",1,0,1
tw->tw_state != TCP_TIME_WAIT,1,0,1
osc->oo_root.rb_node == NULL,1,0,1
"(unsigned long)imp->imp_client > 0x1000, ""%p"", imp->imp_client",1,0,1
"(int)sizeof(((struct mdt_rec_rename *)0)->rn_cap) == 4, ""found %lld\n"", (long long)(int)sizeof(((struct mdt_rec_rename *)0)->rn_cap)",1,0,1
len == -1,1,0,1
"(int)sizeof(((struct ost_lvb *)0)->lvb_blocks) == 8, ""found %lld\n"", (long long)(int)sizeof(((struct ost_lvb *)0)->lvb_blocks)",1,0,1
"atomic64_xchg(&v, v1) != v0",1,0,1
rates[0].idx < 0,1,0,1
!ifsdef,1,0,1
request->msg_version == SRPC_MSG_VERSION,1,0,1
SNIC_WQ_MAX > 1,1,0,1
clp->cp_type == CPT_TRANSIENT,1,0,1
"MDS_STATFS == 41, ""found %lld\n"", (long long)MDS_STATFS",1,0,1
LLOG_ORIGIN_HANDLE_PREV_BLOCK == 508,1,0,1
bud->lnum != b->lnum,1,0,1
node != NULL,1,0,1
"(int)offsetof(struct obd_statfs, os_spare7) == 132, ""found %lld\n"", (long long)(int)offsetof(struct obd_statfs, os_spare7)",1,0,1
sizeof(*mpf) != 16,1,0,1
event != LDC_EVENT_DATA_READY,1,0,1
sctx->cur_ino <= BTRFS_FIRST_FREE_OBJECTID,1,0,1
sizeof(ctx.nonce) != F2FS_KEY_DERIVATION_NONCE_SIZE,1,0,1
"lsap == self, return;",1,0,1
DESCS_AREAS != 1,1,0,1
"(int)offsetof(struct ptlrpc_body_v3, pb_status) == 20, ""found %lld\n"", (long long)(int)offsetof(struct ptlrpc_body_v3, pb_status)",1,0,1
!ceph_osd_request_cache,1,0,1
"OBD_CONNECT_MDS == 0x4ULL, ""found 0x%.16llxULL\n"", OBD_CONNECT_MDS",1,0,1
!(id & CFS_FAIL_ONCE),1,0,1
!(lock->l_flags & LDLM_FL_BL_AST),1,0,1
len % c->min_io_size == 0,1,0,1
"OST_QUOTA_ADJUST_QUNIT == 20, ""found %lld\n"", (long long)OST_QUOTA_ADJUST_QUNIT",1,0,1
"(int)offsetof(struct lustre_capa, lc_gid) == 32, ""found %lld\n"", (long long)(int)offsetof(struct lustre_capa, lc_gid)",1,0,1
dirty == LPROPS_NC || dirty >= 0,1,0,1
!RB_EMPTY_NODE(&thread->rb_node),1,0,1
cpt >= 0 && cpt < cptab->ctb_nparts,1,0,1
"MDS_UNPIN == 43, ""found %lld\n"", (long long)MDS_UNPIN",1,0,1
output >= num_busses_out(chip) || input >= num_busses_in(chip),1,0,1
"traverse_pages_block(m.num, sizeof(xen_pfn_t), &pagelist, mmap_batch_fn, &state)",1,0,1
!skb || skb->len < mss_now,1,0,1
"!of_match_node(compositor_of_match, np)->data",1,0,1
current_req != NULL,1,0,1
"(int)sizeof(struct lquota_acct_rec) == 16, ""found %lld\n"", (long long)(int)sizeof(struct lquota_acct_rec)",1,0,1
VALUES_16_COUNT > INDEX_16_COUNT,1,0,1
PAGE_CACHE_SIZE != BTRFS_SUPER_INFO_SIZE,1,0,1
sched->ws_starting == 1,1,0,1
!buffer_mapped(bh),1,0,1
sd->s_dependent_count < 1,1,0,1
!flipper_irq_host,1,0,1
spin_is_locked(&ctx->fd_wqh.lock),1,0,1
REGION_ID(ea) != USER_REGION_ID,1,0,1
type != EV_SW && type != EV_KEY,1,0,1
atomic_read(&conn->c_refcount) > 1,1,0,1
!list_empty(&inst->alg.cra_users),1,0,1
"atomic64_cmpxchg(&v, v0, v1) != v0",1,0,1
"device, bm_ext->lce.refcnt > 0",1,0,1
"CFS_SETGID_PERM == 0x00000002UL, ""found 0x%.8xUL\n"", (unsigned)CFS_SETGID_PERM",1,0,1
&sess->sess_cmd_lock,1,0,1
skdev->state != SKD_DRVR_STATE_ONLINE,1,0,1
oldctx,1,0,1
eq->eq_size == LOWEST_BIT_SET(eq->eq_size),1,0,1
"(int)sizeof(((struct hsm_user_item *)0)->hui_fid) == 16, ""found %lld\n"", (long long)(int)sizeof(((struct hsm_user_item *)0)->hui_fid)",1,0,1
"offsetof(typeof(*o), o_padding_5) != 0",1,0,1
"MDS_DIR_END_OFF == 0xfffffffffffffffeULL, ""found 0x%.16llxULL\n"", MDS_DIR_END_OFF",1,0,1
"(int)sizeof(((struct lmv_desc *)0)->ld_default_hash_size) == 8, ""found %lld\n"", (long long)(int)sizeof(((struct lmv_desc *)0)->ld_default_hash_size)",1,0,1
cluster_count(&cluster_info[idx]) >= SWAPFILE_CLUSTER,1,0,1
"PageCompound(page) && page != compound_head(page), page",1,0,1
"object->dentry, ==, NULL",1,0,1
"lck->rpcl_fakes > 0, ""%d\n"", lck->rpcl_fakes",1,0,1
chunk_size == 0,1,0,1
pad >= sd->entity.num_pads,1,0,1
img_request_discard_test(img_request),1,0,1
!(clp->cl_flags & NFSD4_CLIENT_CB_FLAG_MASK),1,0,1
CONFIG_PS3_HTAB_SIZE > HTAB_SIZE_MAX,1,0,1
pci->common.cap_next % 2 == 0,1,0,1
"of_address_to_resource(node, 1, &per_cpu_int_res)",1,0,1
i >= ASSOC_ARRAY_FAN_OUT,1,0,1
atomic_read(&d->ld_ref) > 0,1,0,1
ops->hs_keycmp,1,0,1
lli->lli_opendir_pid == current_pid(),1,0,1
port->claimed < 0,1,0,1
last->last != TENTS_PER_PAGE - 1,1,0,1
ext->oe_state == OES_LOCK_DONE,1,0,1
s->compute > 2,1,0,1
"(int)sizeof(((struct hsm_state_set *)0)->hss_clearmask) == 8, ""found %lld\n"", (long long)(int)sizeof(((struct hsm_state_set *)0)->hss_clearmask)",1,0,1
"!alloc_cpumask_var(&vector_cpumask, GFP_KERNEL)",1,0,1
!list_empty(&fi->queued_writes),1,0,1
adj_end > hole_end,1,0,1
IWL_NUM_OF_TBS + CMD_TB_BITMAP_POS > sizeof(out_meta->flags) * BITS_PER_BYTE,1,0,1
"F2FS_I_SB(inode), IS_ERR(ipage)",1,0,1
"(int)sizeof(((struct lustre_msg_v2 *)0)->lm_padding_2) == 4, ""found %lld\n"", (long long)(int)sizeof(((struct lustre_msg_v2 *)0)->lm_padding_2)",1,0,1
acl == ACL_NOT_CACHED,1,0,1
buffer->flags & EFX_TX_BUF_OPTION,1,0,1
ac->ac_2order <= 0,1,0,1
pol_idx < num_pols,1,0,1
gap_end >= gap_start,1,0,1
p < c->zroot.znode->level,1,0,1
buffer->handle_count < 0,1,0,1
vring.desc[2].addr == (unsigned long)data + 6,1,0,1
numerrs < 0,1,0,1
"((mask) & 0xffff0000), ""Incorrect mask""",1,0,1
(unsigned long)ptr & (PAGE_SIZE - 1),1,0,1
!name || !handle,1,0,1
bp->l_flag & lbmRELEASE,1,0,1
_PAGE_HPTEFLAGS & (0x1f << _PAGE_BIT_SWAP_TYPE),1,0,1
!kprobe_unused(ap),1,0,1
"(int)sizeof(((struct lquota_glb_rec *)0)->qbr_softlimit) == 8, ""found %lld\n"", (long long)(int)sizeof(((struct lquota_glb_rec *)0)->qbr_softlimit)",1,0,1
"(int)offsetof(struct ptlrpc_body_v3, pb_last_seen) == 32, ""found %lld\n"", (long long)(int)offsetof(struct ptlrpc_body_v3, pb_last_seen)",1,0,1
"(int)offsetof(struct obd_statfs, os_spare6) == 128, ""found %lld\n"", (long long)(int)offsetof(struct obd_statfs, os_spare6)",1,0,1
mp->m_rsumip != NULL,1,0,1
"OBD_MD_FLXATTRLS == (0x0000002000000000ULL), ""found 0x%.16llxULL\n"", OBD_MD_FLXATTRLS",1,0,1
!delayed_node->root,1,0,1
!rbd_segment_name_cache,1,0,1
"(int)sizeof(struct update_reply) == 8, ""found %lld\n"", (long long)(int)sizeof(struct update_reply)",1,0,1
cf_sk,1,0,1
DDE_BUFFER_ALIGN % DDE_BUFFER_SIZE_MULT,1,0,1
"(int)sizeof(((struct mdt_rec_unlink *)0)->ul_padding_3) == 8, ""found %lld\n"", (long long)(int)sizeof(((struct mdt_rec_unlink *)0)->ul_padding_3)",1,0,1
"(int)sizeof(((struct llog_log_hdr *)0)->llh_size) == 4, ""found %lld\n"", (long long)(int)sizeof(((struct llog_log_hdr *)0)->llh_size)",1,0,1
"found_key.offset > start || found_key.offset + btrfs_dev_extent_length(leaf, extent) < start",1,0,1
"SEC_CTX_INIT_CONT == 802, ""found %lld\n"", (long long)SEC_CTX_INIT_CONT",1,0,1
!sbd,1,0,1
dentry->d_name.name != dentry->d_iname || !hlist_unhashed(&dentry->d_u.d_alias) || !d_unlinked(dentry),1,0,1
"(int)offsetof(struct mdt_rec_setxattr, sx_fsgid) == 16, ""found %lld\n"", (long long)(int)offsetof(struct mdt_rec_setxattr, sx_fsgid)",1,0,1
"MSG_CONNECT_ASYNC == 0x00000040UL, ""found 0x%.8xUL\n"", (unsigned)MSG_CONNECT_ASYNC",1,0,1
"file != NULL, ""called on a null filename\n""",1,0,1
key->offset > USHRT_MAX,1,0,1
!IS_CHERRYVIEW(dev_priv->dev),1,0,1
CCP_XTS_AES_CTX_KSB_COUNT != 1,1,0,1
offset > adv_dvc->max_host_qng,1,0,1
!(msg->flags & XPC_M_SN2_DONE),1,0,1
ex->fe_start >= EXT4_CLUSTERS_PER_GROUP(ac->ac_sb),1,0,1
sizeof(struct iwl_tx_cmd) < IWL_HCMD_SCRATCHBUF_SIZE,1,0,1
priv->sram_desc.last_cb_index > 0,1,0,1
cluster >= 2,1,0,1
get_Opcode_X1(__single_step_addli_insn) != ADDLI_OPCODE_X1,1,0,1
start < pa->pa_pstart,1,0,1
"offsetof(struct raid_map_data, member) != offset",1,0,1
boot_func > (phys_addr_t)U32_MAX,1,0,1
"MDS_FMODE_EPOCH == 000001000000UL, ""found 0%.11oUL\n"", MDS_FMODE_EPOCH",1,0,1
!wc->w_target_page,1,0,1
"(int)offsetof(struct changelog_rec, cr_index) == 8, ""found %lld\n"", (long long)(int)offsetof(struct changelog_rec, cr_index)",1,0,1
cnt == c->tot_orphans - c->new_orphans,1,0,1
"op->op.state != FSCACHE_OP_ST_INITIALISED, atomic_read(&op->n_pages), ==, 0",1,0,1
"(int)offsetof(struct mdt_rec_link, lk_fid2) == 56, ""found %lld\n"", (long long)(int)offsetof(struct mdt_rec_link, lk_fid2)",1,0,1
!exclude_index || !(lprops->flags & LPROPS_INDEX),1,0,1
page_tail->mapping,1,0,1
ic->rds_iwdev,1,0,1
*pos < 0,1,0,1
"(int)offsetof(struct update, u_bufs) == 56, ""found %lld\n"", (long long)(int)offsetof(struct update, u_bufs)",1,0,1
npins > ARRAY_SIZE(pmic_mpp_groups),1,0,1
"offsetof(struct hsm_user_import, hui_mtime) == 16, ""found %lld\n"", (long long)offsetof(struct hsm_user_import, hui_mtime)",1,0,1
align > SRMMU_NOCACHE_ALIGN_MAX,1,0,1
sector != blk_rq_pos(__rq),1,0,1
!list_empty(&mchan->completed),1,0,1
size > 1024,1,0,1
!list_empty(&lib80211_crypto_algs),1,0,1
cpos >= b,1,0,1
"nbuffer > 0, ""nbuffer must be positive: %d\n"", nbuffer",1,0,1
"(int)offsetof(struct mgs_target_info, mti_nids) == 192, ""found %lld\n"", (long long)(int)offsetof(struct mgs_target_info, mti_nids)",1,0,1
(*cqe_flushed == 0) && !SW_CQE(*hw_cqe),1,0,1
SOCK_NONBLOCK & SOCK_TYPE_MASK,1,0,1
chip->nr_ac97_codecs != 1 && chip->nr_ac97_codecs != 2,1,0,1
!domain->parent,1,0,1
"(int)sizeof(((struct hsm_action_list *)0)->hal_fsname) == 0, ""found %lld\n"", (long long)(int)sizeof(((struct hsm_action_list *)0)->hal_fsname)",1,0,1
!down_write_trylock(&mm->mmap_sem),1,0,1
extent_op && !extent_op->is_data,1,0,1
"shift, 0, inst, rstctrl_offs",1,0,1
rq->flush.seq & seq,1,0,1
user_addr_offset,1,0,1
"list_empty(&r->res_root_list), dlm_print_rsb(r);",1,0,1
"LCK_MAXMODE == 129, ""found %lld\n"", (long long)LCK_MAXMODE",1,0,1
lio->lis_subs != NULL,1,0,1
"II_FL_NOHASH == 1, ""found %lld\n"", (long long)II_FL_NOHASH",1,0,1
"(int)sizeof(((struct obd_connect_data *)0)->padding3) == 8, ""found %lld\n"", (long long)(int)sizeof(((struct obd_connect_data *)0)->padding3)",1,0,1
"(int)sizeof(((struct llog_size_change_rec *)0)->lsc_padding2) == 8, ""found %lld\n"", (long long)(int)sizeof(((struct llog_size_change_rec *)0)->lsc_padding2)",1,0,1
"offsetof(typeof(*os), os_spare2) != 0",1,0,1
"gl, test_bit(GLF_DEMOTE_IN_PROGRESS, &gl->gl_flags)",1,0,1
"device, !(req->rq_state & RQ_NET_MASK)",1,0,1
znode->iip == 0,1,0,1
list_empty(&pool->pool_list),1,0,1
res->inflight_assert_workers == 0,1,0,1
(uintptr_t)(dest_buf) & (FNCPY_ALIGN - 1) || (__funcp_address & ~(uintptr_t)1 & (FNCPY_ALIGN - 1)),1,0,1
wiov.iov[0].iov_len == 1,1,0,1
level < lowest_level,1,0,1
crpc != NULL && rpc == crpc->crp_rpc,1,0,1
sched->ws_nscheduled == 0,1,0,1
!rwsem_is_locked(&EXT4_I(inode)->i_data_sem),1,0,1
!(c->lst.total_used & 7),1,0,1
"(int)offsetof(struct obd_ioobj, ioo_oid) == 0, ""found %lld\n"", (long long)(int)offsetof(struct obd_ioobj, ioo_oid)",1,0,1
ceph_ino(dir) != le64_to_cpu(rinfo->diri.in->ino),1,0,1
wi == &rpc->srpc_wi,1,0,1
"(int)sizeof(((struct llog_logid_rec *)0)->lid_padding3) == 8, ""found %lld\n"", (long long)(int)sizeof(((struct llog_logid_rec *)0)->lid_padding3)",1,0,1
"device, atomic_read(&device->md_io.in_use) == 1",1,0,1
"(int)sizeof(struct llog_log_hdr) == 8192, ""found %lld\n"", (long long)(int)sizeof(struct llog_log_hdr)",1,0,1
tx->tx_msg.ksm_zc_cookies[1] == 0,1,0,1
"(MaxBcnPageNum <= pHalData->FwRsvdPageStartOffset), (""CheckFwRsvdPageContent(): The reserved page content has been"" ""destroyed by beacon!!! MaxBcnPageNum(%d) FwRsvdPageStartOffset(%d)\n!"", MaxBcnPageNum, pHalData->FwRsvdPageStartOffset)",1,0,1
"OBD_MD_FLRMTLSETFACL == (0x0001000000000000ULL), ""found 0x%.16llxULL\n"", OBD_MD_FLRMTLSETFACL",1,0,1
pmd_trans_huge(*old_pmd),1,0,1
atomic_read(&ext->oe_refc) > 0,1,0,1
c->cmt_state == COMMIT_BROKEN,1,0,1
stream != SNDRV_PCM_STREAM_PLAYBACK && stream != SNDRV_PCM_STREAM_CAPTURE,1,0,1
"(int)offsetof(struct lustre_capa, lc_expiry) == 52, ""found %lld\n"", (long long)(int)offsetof(struct lustre_capa, lc_expiry)",1,0,1
!list_empty(&rbio->plug_list),1,0,1
ICP_QAT_UCLO_MAX_AE >= (sizeof(handle->hal_handle->ae_mask) * 8),1,0,1
iclog->ic_state == XLOG_STATE_SYNCING || iclog->ic_state == XLOG_STATE_IOERROR,1,0,1
num_regs > 32,1,0,1
"type >= LDLM_MIN_TYPE && type < LDLM_MAX_TYPE, ""type: %d\n"", type",1,0,1
"check_sysreg_table(cp14_64_regs, ARRAY_SIZE(cp14_64_regs))",1,0,1
P54_QUEUE_NUM > ARRAY_SIZE(priv->tx_stats),1,0,1
list_empty(&iw_nodev_conns),1,0,1
"(int)offsetof(struct mdt_rec_create, cr_umask) == 128, ""found %lld\n"", (long long)(int)offsetof(struct mdt_rec_create, cr_umask)",1,0,1
md->lsm_lock_owner == 0,1,0,1
rc == 0 || rc == 1,1,0,1
vc_map->vcc == vcc,1,0,1
!eie,1,0,1
type != BTRFS_FILE_EXTENT_INLINE,1,0,1
idx >= 2,1,0,1
"(int)sizeof(((struct ost_lvb *)0)->lvb_ctime) == 8, ""found %lld\n"", (long long)(int)sizeof(((struct ost_lvb *)0)->lvb_ctime)",1,0,1
"(int)sizeof(((struct mdt_rec_link *)0)->lk_cap) == 4, ""found %lld\n"", (long long)(int)sizeof(((struct mdt_rec_link *)0)->lk_cap)",1,0,1
!vcpu->arch.pio.count,1,0,1
sizeof(loff_t) >= 4,1,0,1
mxc_gpio_hwtype != hwtype,1,0,1
chan->client_count > 1,1,0,1
"(int)sizeof(((struct idx_info *)0)->ii_version) == 8, ""found %lld\n"", (long long)(int)sizeof(((struct idx_info *)0)->ii_version)",1,0,1
cpu < 0 || cpu >= g->p.nr_cpus,1,0,1
!source,1,0,1
"(int)sizeof(((struct hsm_request *)0)->hr_archive_id) == 4, ""found %lld\n"", (long long)(int)sizeof(((struct hsm_request *)0)->hr_archive_id)",1,0,1
ols->ols_hold,1,0,1
"check_hotplug_memory_range(start, size)",1,0,1
rc->stage == UPDATE_DATA_PTRS && root->root_key.objectid == BTRFS_DATA_RELOC_TREE_OBJECTID,1,0,1
&rs->rs_svcpt->scp_rep_lock,1,0,1
list_empty(&h->h_link),1,0,1
bip->bli_item.li_type == XFS_LI_BUF,1,0,1
MC_CMD_INIT_TXQ_OUT_LEN != 0,1,0,1
value == 0,1,0,1
sizeof(__tmp) != sizeof(val),1,0,1
"offsetof(typeof(*flow), addrs) != sizeof(*flow) - sizeof(flow->addrs)",1,0,1
__i915_warn_cond,1,0,1
"!test_bit(FSCACHE_COOKIE_LOOKING_UP, &cookie->flags)",1,0,1
slow_virt_to_phys((void *)x) != phys_addr,1,0,1
21 - 1 != HWEIGHT32( O_RDONLY | O_WRONLY | O_RDWR | O_CREAT | O_EXCL | O_NOCTTY | O_TRUNC | O_APPEND | __O_SYNC | O_DSYNC | FASYNC | O_DIRECT | O_LARGEFILE | O_DIRECTORY | O_NOFOLLOW | O_NOATIME | O_CLOEXEC | __FMODE_EXEC | O_PATH | __O_TMPFILE | __FMODE_NONOTIFY ),1,0,1
++i > 1000,1,0,1
proto_tab[proto] != cp,1,0,1
"VCHIQ_MSG_TYPE(VCHIQ_MAKE_MSG(0, VCHIQ_PORT_MAX, 0)) == 0",1,0,1
"(int)sizeof(((struct lustre_msg_v2 *)0)->lm_padding_3) == 4, ""found %lld\n"", (long long)(int)sizeof(((struct lustre_msg_v2 *)0)->lm_padding_3)",1,0,1
"self->irlap != NULL, return -1;",1,0,1
"OBD_MD_FLBLOCKS == (0x00000020ULL), ""found 0x%.16llxULL\n"", OBD_MD_FLBLOCKS",1,0,1
fid_is_sane(&sbi->ll_root_fid),1,0,1
"request_irq(MACE_PCI_BRIDGE_IRQ, macepci_error, 0, ""MACE PCI error"", NULL)",1,0,1
"(int)sizeof(struct lov_mds_md_v1) == 32, ""found %lld\n"", (long long)(int)sizeof(struct lov_mds_md_v1)",1,0,1
!fio->ft_mkwrite || fio->ft_index <= last,1,0,1
"(int)offsetof(struct mdt_rec_setattr, sa_valid) == 56, ""found %lld\n"", (long long)(int)offsetof(struct mdt_rec_setattr, sa_valid)",1,0,1
!iommu_group_kset,1,0,1
"offsetof(struct inet_timewait_sock, tw_rcv_saddr) != offsetof(struct inet_sock, inet_rcv_saddr)",1,0,1
PERF_MAX_BRANCH_DEPTH > 255,1,0,1
hdr == NULL,1,0,1
(xm & (SP_HIDDEN_BIT << 3)) == 0,1,0,1
ZERO_OR_NULL_PTR(cachep->freelist_cache),1,0,1
!list_empty(&xd->xindex),1,0,1
calls != cxl_calls,1,0,1
super->s_dirty_used_bytes || super->s_dirty_free_bytes,1,0,1
!(se_cmd->t_bidi_data_sg && se_cmd->t_bidi_data_nents),1,0,1
handle_hash == NULL,1,0,1
nf_nat_sip_hooks != NULL,1,0,1
!cxt,1,0,1
ch->release_done,1,0,1
"MDS_GETATTR == 33, ""found %lld\n"", (long long)MDS_GETATTR",1,0,1
"le16_to_cpu(tl->tl_used) > le16_to_cpu(tl->tl_count), ""slot %d, invalid truncate log parameters: used = "" ""%u, count = %u\n"", osb->slot_num, le16_to_cpu(tl->tl_used), le16_to_cpu(tl->tl_count)",1,0,1
hdmi->reset,1,0,1
i == SIRFSOC_GPIO_NO_OF_BANKS,1,0,1
!pdn || !pdn->phb,1,0,1
fl != NULL,1,0,1
event < SNDRV_TIMER_EVENT_MSTART || event > SNDRV_TIMER_EVENT_MRESUME,1,0,1
"(int)sizeof(((struct ll_fiemap_info_key *)0)->name[8]) == 1, ""found %lld\n"", (long long)(int)sizeof(((struct ll_fiemap_info_key *)0)->name[8])",1,0,1
count > PVSCSI_MAX_NUM_SG_ENTRIES_PER_SEGMENT,1,0,1
index >= dev->num_rx_queues,1,0,1
sub->sub_env == NULL,1,0,1
!list_empty(&nbd->waiting_queue),1,0,1
"(int)sizeof(struct llog_changelog_rec) == 88, ""found %lld\n"", (long long)(int)sizeof(struct llog_changelog_rec)",1,0,1
!name || !ah,1,0,1
skb->dev != dev,1,0,1
"OBD_CONNECT_VBR == 0x80000000ULL, ""found 0x%.16llxULL\n"", OBD_CONNECT_VBR",1,0,1
size > MAX_INLINE_CMD_SIZE,1,0,1
"(int)sizeof(((struct llog_unlink_rec *)0)->lur_oseq) == 4, ""found %lld\n"", (long long)(int)sizeof(((struct llog_unlink_rec *)0)->lur_oseq)",1,0,1
msg->msg_rx_delayed || head == &ptl->ptl_msg_stealing,1,0,1
"self->magic == IRCOMM_MAGIC, return -EIO;",1,0,1
sdio->block_in_file >= sdio->final_block_in_request,1,0,1
port->utl_base == NULL,1,0,1
SELF_ID_BUF_SIZE > PAGE_SIZE/2,1,0,1
wa->dti_urb != urb,1,0,1
cpus == NULL,1,0,1
page_anon_vma(page)->root != vma->anon_vma->root,1,0,1
fi->readdir_cache_idx < 0,1,0,1
info->mi_portal < the_lnet.ln_nportals,1,0,1
!hlist_bl_empty(index_hash_p),1,0,1
reserve && node->processed,1,0,1
"rxq->descs != PTR_ALIGN(rxq->descs, MVNETA_CPU_D_CACHE_LINE_SIZE)",1,0,1
"(int)offsetof(struct mdt_body, mtime) == 56, ""found %lld\n"", (long long)(int)offsetof(struct mdt_body, mtime)",1,0,1
"peer_device, peer_req->pages == NULL",1,0,1
zbr->len >= UBIFS_DENT_NODE_SZ,1,0,1
list_empty(&page->cp_batch),1,0,1
"(int)sizeof(((struct lu_dirpage *)0)->ldp_pad0) == 4, ""found %lld\n"", (long long)(int)sizeof(((struct lu_dirpage *)0)->ldp_pad0)",1,0,1
!kprobe_disarmed(ap),1,0,1
d_inode(dn),1,0,1
"(u64)(u_long)ino != ino, sb",1,0,1
!list_empty(&tr->devs),1,0,1
!list_empty(&fl->fl_block),1,0,1
"test_and_set_bit(slot, sdp->sd_quota_bitmap)",1,0,1
"(int)sizeof(((struct lustre_mdt_attrs *)0)->lma_compat) == 4, ""found %lld\n"", (long long)(int)sizeof(((struct lustre_mdt_attrs *)0)->lma_compat)",1,0,1
ATOMIC_HASH_SIZE < nr_cpu_ids,1,0,1
i915_gem_obj_bound_any(obj),1,0,1
sizeof(*tx) > DLN2_SPI_BUF_SIZE,1,0,1
bd.bd_bucket->hsb_count == 0,1,0,1
prime->dma_buf != NULL,1,0,1
"OBD_CONNECT_FULL20 == 0x1000000000ULL, ""found 0x%.16llxULL\n"", OBD_CONNECT_FULL20",1,0,1
src_format->format != SNDRV_PCM_FORMAT_S16,1,0,1
part->act_state != XPC_P_AS_ACTIVATION_REQ,1,0,1
"p_hwfn, p_hwfn->p_main_ptt, QM_REG_USG_CNT_PF_OTHER, 0",1,0,1
"LAYOUT_INTENT_READ == 1, ""found %lld\n"", (long long)LAYOUT_INTENT_READ",1,0,1
!list_empty(&bd->bd_list),1,0,1
netdev_refcnt_read(dev),1,0,1
*em_cached,1,0,1
ip->i_nlink,1,0,1
"OBD_CONNECT_FLOCK_DEAD == 0x8000000000000ULL, ""found 0x%.16llxULL\n"", OBD_CONNECT_FLOCK_DEAD",1,0,1
sp < stack_page || sp > (THREAD_SIZE + stack_page),1,0,1
event >= HA_NUM_EVENTS,1,0,1
"DLM_REPLY_REC_OFF == 2, ""found %lld\n"", (long long)DLM_REPLY_REC_OFF",1,0,1
B43_TAB_RSSIAGC2_SIZE != ARRAY_SIZE(b43_tab_rssiagc2),1,0,1
key->key == INVALID_KEY,1,0,1
sizeof(struct xen_pmu_data) > PAGE_SIZE,1,0,1
oldsize >= 0 && bch_count_data(b) != oldsize,1,0,1
r5or6_blocks_per_row == 0,1,0,1
count > ATA_LINK_ATTRS,1,0,1
!(fifo)->size,1,0,1
"MDS_HSM_ACTION == 56, ""found %lld\n"", (long long)MDS_HSM_ACTION",1,0,1
agi->agi_unlinked[bucket_index] != cpu_to_be32(NULLAGINO),1,0,1
"(int)sizeof(((struct obd_quotactl *)0)->qc_dqinfo) == 24, ""found %lld\n"", (long long)(int)sizeof(((struct obd_quotactl *)0)->qc_dqinfo)",1,0,1
req->rq_export->exp_obd != NULL,1,0,1
lp->lp_rtr_refcount >= 0,1,0,1
em->em_num_items == 0,1,0,1
count >= 65530,1,0,1
dlmlock->l_lvb_data != NULL,1,0,1
"OBD_CONNECT_NODEVOH == 0x8000ULL, ""found 0x%.16llxULL\n"", OBD_CONNECT_NODEVOH",1,0,1
"(int)offsetof(struct llogd_body, lgd_ctxt_idx) == 20, ""found %lld\n"", (long long)(int)offsetof(struct llogd_body, lgd_ctxt_idx)",1,0,1
"sdp, blks",1,0,1
!lksb,1,0,1
"(int)sizeof(((struct obd_dqblk *)0)->dqb_ihardlimit) == 8, ""found %lld\n"", (long long)(int)sizeof(((struct obd_dqblk *)0)->dqb_ihardlimit)",1,0,1
osd_data->type != CEPH_OSD_DATA_TYPE_PAGELIST,1,0,1
(struct cl_page *)vmpage->private != slice->cpl_page,1,0,1
r0->lo_sub[idx] == los,1,0,1
"OBD_CONNECT_LIGHTWEIGHT == 0x1000000000000ULL, ""found 0x%.16llxULL\n"", OBD_CONNECT_LIGHTWEIGHT",1,0,1
range_is_sane(c_range),1,0,1
!jinode->i_next_transaction,1,0,1
"atomic_read(&server->usage), >, 0",1,0,1
list_empty(&cur_trans->io_bgs),1,0,1
!sig->digest,1,0,1
&ocfs2_stack_lock,1,0,1
this_cpu != smp_processor_id(),1,0,1
"!net_eq(net, &init_net)",1,0,1
ep->num_ptds != 0,1,0,1
written == -EIOCBQUEUED && !(iocb->ki_flags & IOCB_DIRECT),1,0,1
osclen == (strlen(osc) + 1),1,0,1
RB_EMPTY_NODE(&va->rb_node),1,0,1
!data->sg,1,0,1
wiov.iov[1].iov_base == __user_addr_max - 2,1,0,1
timer_pending(&ctx->timer),1,0,1
scb->parent_scb_ptr->sub_list_ptr != ins->the_null_scb,1,0,1
mirror == raid_disks * 2,1,0,1
dev->config.cfg_access.cap.cap_next % 4 == 0,1,0,1
send_len < PS3AV_HDR_SIZE,1,0,1
iovix <= (nooutpages + 6),1,0,1
!(is_mft || S_ISDIR(vi->i_mode) || (NInoAttr(ni) && ni->type == AT_INDEX_ALLOCATION)),1,0,1
tot_len % 4,1,0,1
SVGA3D_MAX_SIMULTANEOUS_RENDER_TARGETS > SVGA3D_RT_MAX,1,0,1
rsp->gp_count,1,0,1
skspcl == &skdev->internal_skspcl,1,0,1
LLOG_ORIGIN_HANDLE_READ_HEADER == 503,1,0,1
PENDING_LIST_LOCK(adapter),1,0,1
IF_SPI_CMD_BUF_SIZE % 4 != 0,1,0,1
trunc_chunk > 0,1,0,1
npages <= page_pools.epp_free_pages,1,0,1
i >= lc_->nr_elements,1,0,1
"(int)sizeof(((struct lov_mds_md_v3 *)0)->lmm_oi) == 16, ""found %lld\n"", (long long)(int)sizeof(((struct lov_mds_md_v3 *)0)->lmm_oi)",1,0,1
list_empty(&rqbd->rqbd_reqs),1,0,1
(int)start < 0,1,0,1
devpriv->ao_mite_chan,1,0,1
"!IS_ALIGNED(adapter->cmpRingPA, PAGE_SIZE)",1,0,1
"(int)offsetof(struct lmv_stripe_md, mea_ids[0]) == 32, ""found %lld\n"", (long long)(int)offsetof(struct lmv_stripe_md, mea_ids[0])",1,0,1
"(int)sizeof(struct llog_cookie) == 32, ""found %lld\n"", (long long)(int)sizeof(struct llog_cookie)",1,0,1
"(int)offsetof(struct mdt_rec_create, cr_ioepoch) == 96, ""found %lld\n"", (long long)(int)offsetof(struct mdt_rec_create, cr_ioepoch)",1,0,1
!src_channels,1,0,1
"dev_priv, SDEIIR",1,0,1
bix >= INDIRECT_BIT,1,0,1
radix_tree_is_indirect_ptr(ret),1,0,1
oi->type != op_inode_prop,1,0,1
atomic_read(&req->count) < 2,1,0,1
max_pages > 0 && max_pages <= MD_MAX_BRW_PAGES,1,0,1
!bofs,1,0,1
addr < PAGE_OFFSET,1,0,1
!add && udest->af != dest->af,1,0,1
wrp->addr2 != NULL,1,0,1
"(int)sizeof(((struct mdt_rec_setxattr *)0)->sx_fsuid_h) == 4, ""found %lld\n"", (long long)(int)sizeof(((struct mdt_rec_setxattr *)0)->sx_fsuid_h)",1,0,1
!arm_memblock_steal_permitted,1,0,1
tx->cookie < DMA_MIN_COOKIE,1,0,1
frame_len && !se_cmd->t_data_sg,1,0,1
desc_num >= ALLOC_DECS_NUM,1,0,1
old_i_size != (loff_t)attr_len,1,0,1
ci->i_dirty_caps == 0,1,0,1
"keys_cmp(c, key, &zbr[0].key) < 0",1,0,1
rcd != NULL,1,0,1
!(ac->ac_o_ex.fe_logical >= pa_end || ac->ac_o_ex.fe_logical < pa->pa_lstart),1,0,1
"MDS_INODELOCK_UPDATE == 0x000002, ""found 0x%.8x\n"", MDS_INODELOCK_UPDATE",1,0,1
!ctx->mrec,1,0,1
"priv->tty->ops->tiocmset != NULL, return -1;",1,0,1
!f || !cell,1,0,1
ADDITIONAL_HUGE_SHIFT & 1,1,0,1
setup->next_offset != size,1,0,1
"(int)offsetof(struct ldlm_extent, start) == 0, ""found %lld\n"", (long long)(int)offsetof(struct ldlm_extent, start)",1,0,1
"(int)offsetof(struct ll_user_fiemap, fm_extents) == 32, ""found %lld\n"", (long long)(int)offsetof(struct ll_user_fiemap, fm_extents)",1,0,1
&(conn)->ibc_refcount,1,0,1
fill_level >= efx->txq_entries,1,0,1
"(int)sizeof(((struct lustre_capa *)0)->lc_opc) == 8, ""found %lld\n"", (long long)(int)sizeof(((struct lustre_capa *)0)->lc_opc)",1,0,1
atomic_read(&ext->oe_refc) > 1,1,0,1
"strncmp(infos[pol_idx].pi_name, tmp.pi_name, NRS_POL_NAME_MAX) == 0",1,0,1
act_len > ep->length,1,0,1
"OBD_CKSUM_CRC32C == 0x00000004UL, ""found 0x%.8xUL\n"", (unsigned)OBD_CKSUM_CRC32C",1,0,1
index >= sw_desc->dst_cnt,1,0,1
sizeof(ppc64_stub_insns) != sizeof(ppc64_stub_mask),1,0,1
"fid_res_name_eq(&mdt_body->fid1, &lock->l_resource->lr_name), ""Lock res_id: ""DLDLMRES"", fid: ""DFID""\n"", PLDLMRES(lock->l_resource), PFID(&mdt_body->fid1)",1,0,1
BTRFS_MAX_METADATA_BLOCKSIZE > MAX_INLINE_EXTENT_BUFFER_SIZE,1,0,1
list_empty(&ubifs_infos),1,0,1
pj != NULL,1,0,1
"(int)offsetof(struct ll_user_fiemap, fm_length) == 8, ""found %lld\n"", (long long)(int)offsetof(struct ll_user_fiemap, fm_length)",1,0,1
session->s_nr_caps > 0,1,0,1
"sbi, test_bit(segno, free_i->free_segmap)",1,0,1
"skb != NULL, return -RSP_PROTOCOL_ERROR;",1,0,1
sa->type == UBIFS_DATA_NODE,1,0,1
usr_buf_size > PS3AV_BUF_SIZE,1,0,1
"(int)sizeof(((struct mdt_rec_reint *)0)->rr_flags_h) == 4, ""found %lld\n"", (long long)(int)sizeof(((struct mdt_rec_reint *)0)->rr_flags_h)",1,0,1
ip->i_d.di_ino == ino,1,0,1
"OBD_CONNECT_CROW == 0x200ULL, ""found 0x%.16llxULL\n"", OBD_CONNECT_CROW",1,0,1
"(int)offsetof(struct hsm_action_list, hal_compound_id) == 8, ""found %lld\n"", (long long)(int)offsetof(struct hsm_action_list, hal_compound_id)",1,0,1
"bfd_check_format(bfdf, bfd_object)",1,0,1
xe >= DP_EMIN,1,0,1
"(int)offsetof(struct mdt_rec_create, cr_fid2) == 56, ""found %lld\n"", (long long)(int)offsetof(struct mdt_rec_create, cr_fid2)",1,0,1
"offsetof(struct logfs_disk_inode, di_mode) != 0",1,0,1
free_space_ids == 0,1,0,1
"ring, end",1,0,1
f->count,1,0,1
value_size != le32_to_cpu(right->header.value_size),1,0,1
cur_bits >= bkt_bits,1,0,1
"""failed to close dsos[0]"", dsos[0]->data.fd == -1",1,0,1
register_filesystem(&shmem_fs_type) != 0,1,0,1
epoch,1,0,1
"self->request_skb == NULL, return;",1,0,1
root->highest_objectid <= BTRFS_LAST_FREE_OBJECTID,1,0,1
!list_empty(cancels),1,0,1
"VIRTIO_PCI_COMMON_Q_SIZE != offsetof(struct virtio_pci_common_cfg, queue_size)",1,0,1
i2400m->tx_out > i2400m->tx_in,1,0,1
msg->channel >= omap_port->ssr.channels,1,0,1
"MSG_REPLAY == 0x00000004UL, ""found 0x%.8xUL\n"", (unsigned)MSG_REPLAY",1,0,1
!prog->aux->ops->get_func_proto,1,0,1
md->md_refcount == 0,1,0,1
"sbi, segno > TOTAL_SEGS(sbi) - 1",1,0,1
offset + len > PAGE_SIZE,1,0,1
first_unmap_block < last_block,1,0,1
"(int)offsetof(struct lquota_glb_rec, qbr_softlimit) == 8, ""found %lld\n"", (long long)(int)offsetof(struct lquota_glb_rec, qbr_softlimit)",1,0,1
"mmio, IMX_P0PHYCR_CR_CAP_ADDR, true",1,0,1
tgt->ltd_reap,1,0,1
the_lnet.ln_routing,1,0,1
"!memcmp_extent_buffer(b, &disk_key, offsetof(struct btrfs_node, ptrs[0].key), sizeof(disk_key))",1,0,1
!in,1,0,1
mp->m_logbsize <= XLOG_BIG_RECORD_BSIZE,1,0,1
(temp * sizeof(uint32_t)) > buffer_size_bytes,1,0,1
!clockevent_state_detached(new),1,0,1
osb->journal->j_state == OCFS2_JOURNAL_FREE,1,0,1
!cpufreq_global_kobject,1,0,1
ht->p.obj_hashfn,1,0,1
zone_num >= ftl->zone_count,1,0,1
!buffer_pinned(bh),1,0,1
ext4_journal_current_handle() == NULL,1,0,1
event >= EVENTS,1,0,1
"(int)offsetof(struct idx_info, ii_keysize) == 56, ""found %lld\n"", (long long)(int)offsetof(struct idx_info, ii_keysize)",1,0,1
current_me->me_portal < the_lnet.ln_nportals,1,0,1
"atomic_read(&conn->usage), >, 0",1,0,1
*min_uV > *max_uV,1,0,1
len & L1_CACHE_MASK,1,0,1
wi != NULL,1,0,1
!ls->ls_file,1,0,1
"bpf_get_next_key(map_fd, &key, &next_key) == -1 && errno == ENOENT",1,0,1
address & (HPAGE_SIZE-1),1,0,1
shiftlen > skb->len,1,0,1
addr >= HDA_MAX_CODECS,1,0,1
rc != -EAGAIN,1,0,1
msg->channel >= omap_port->sst.channels,1,0,1
"offsetof(struct dst_entry, __refcnt) & 63",1,0,1
"(int)sizeof(((struct hsm_request *)0)->hr_action) == 4, ""found %lld\n"", (long long)(int)sizeof(((struct hsm_request *)0)->hr_action)",1,0,1
len >= 8,1,0,1
"(int)offsetof(struct ost_lvb_v1, lvb_blocks) == 32, ""found %lld\n"", (long long)(int)offsetof(struct ost_lvb_v1, lvb_blocks)",1,0,1
ac->ac_2order == 0,1,0,1
dlm->reco.state & DLM_RECO_STATE_ACTIVE,1,0,1
level <= 0,1,0,1
mutex_is_locked(&extent_root->fs_info->chunk_mutex),1,0,1
sizeof(struct mdt_rec_reint) == sizeof(struct mdt_rec_unlink),1,0,1
len != 8,1,0,1
!dqm || type >= KFD_MQD_TYPE_MAX,1,0,1
!l2ctlr,1,0,1
"device, p->verify_alg[SHARED_SECRET_MAX-1] == 0",1,0,1
"self->qos_rx.max_turn_time.value != 0, return;",1,0,1
pmd & (0x3f00 | xAMPRx_SS | 0xe),1,0,1
((uintptr_t)wr + q->wr_sz) <= (uintptr_t)q->vwrap,1,0,1
sa->type != UBIFS_DATA_NODE && sb->type != UBIFS_DATA_NODE,1,0,1
placement->num_placement > (AMDGPU_GEM_DOMAIN_MAX + 1),1,0,1
int_op != NULL,1,0,1
!dst_channels,1,0,1
txq->skb[txq->tail] != NULL,1,0,1
sizeof(*tm) != sizeof(efi_data(op).u.get_time.time),1,0,1
"ret, self->sibling[0].system_tid",1,0,1
"VIRTIO_PCI_NOTIFY_CAP_MULT != offsetof(struct virtio_pci_notify_cap, notify_off_multiplier)",1,0,1
new_i_size < i_size_read(inode),1,0,1
(char *)&atomic_cas32 - (char *)&fixed_code_start != ATOMIC_CAS32 - FIXED_CODE_START,1,0,1
LDLM_MAX_TYPE == 14,1,0,1
lpar_addr >= r->offset + r->len,1,0,1
PAGE_OFFSET & ~PGDIR_MASK,1,0,1
(__START_KERNEL_map & ~PMD_MASK) != 0,1,0,1
page >= DPM_NUM_PAGES,1,0,1
cluster_start > PAGE_SIZE,1,0,1
&worker->lock,1,0,1
!atomic_read(&inode->i_count),1,0,1
wc->w_target_page,1,0,1
lock_flags & (XFS_IOLOCK_EXCL|XFS_MMAPLOCK_EXCL|XFS_ILOCK_EXCL),1,0,1
&capi_controller_lock,1,0,1
c->lst.taken_empty_lebs >= 0,1,0,1
"(int)sizeof(((struct changelog_ext_rec *)0)->cr_index) == 8, ""found %lld\n"", (long long)(int)sizeof(((struct changelog_ext_rec *)0)->cr_index)",1,0,1
!vgic_initialized(kvm),1,0,1
"DISP_OPEN_CREATE == 0x00000010UL, ""found 0x%.8xUL\n"", (unsigned)DISP_OPEN_CREATE",1,0,1
"!memcmp_extent_buffer(b, &disk_key, offsetof(struct btrfs_leaf, items[0].key), sizeof(disk_key))",1,0,1
BETA_MIN >= BETA_MAX,1,0,1
&lockref->lock,1,0,1
channel < 0 || channel >= RME9652_NCHANNELS,1,0,1
g->nr_tasks_started != g->p.nr_tasks,1,0,1
atomic_read(&inst->alg.cra_refcnt) != 1,1,0,1
!rca,1,0,1
MAX_INDIRECT_PAGES > BLKIF_MAX_INDIRECT_PAGES_PER_REQUEST,1,0,1
"LCK_COS == 128, ""found %lld\n"", (long long)LCK_COS",1,0,1
r0->lo_nr <= lov_targets_nr(dev),1,0,1
0 <= id && id <= SRPC_SERVICE_MAX_ID,1,0,1
"(int)offsetof(struct changelog_rec, cr_pfid) == 48, ""found %lld\n"", (long long)(int)offsetof(struct changelog_rec, cr_pfid)",1,0,1
!(intfc & INTFC_CTLR_READY),1,0,1
sizeof(((struct page *)NULL)->lru) < sizeof(struct rcu_head),1,0,1
age > 1,1,0,1
"btrfs_file_extent_offset(leaf, fi) || btrfs_file_extent_compression(leaf, fi) || btrfs_file_extent_encryption(leaf, fi) || btrfs_file_extent_other_encoding(leaf, fi)",1,0,1
(CONNLIMIT_SLOTS % CONNLIMIT_LOCK_SLOTS) != 0,1,0,1
"MGS_LAST_OPC == 257, ""found %lld\n"", (long long)MGS_LAST_OPC",1,0,1
"(int)sizeof(((struct hsm_state_set *)0)->hss_valid) == 4, ""found %lld\n"", (long long)(int)sizeof(((struct hsm_state_set *)0)->hss_valid)",1,0,1
srclen < LZO_LEN,1,0,1
"sbi, pos >= org_end",1,0,1
sizeof(priv->channels_24) != sizeof(mwl8k_channels_24),1,0,1
"toksize, <=, AFSTOKEN_LENGTH_MAX",1,0,1
"(int)offsetof(struct obd_connect_data, ocd_brw_size) == 20, ""found %lld\n"", (long long)(int)offsetof(struct obd_connect_data, ocd_brw_size)",1,0,1
"DEAD_HANDLE_MAGIC == 0xdeadbeefcafebabeULL, ""found 0x%.16llxULL\n"", DEAD_HANDLE_MAGIC",1,0,1
path->nodes[level-1] != root->node,1,0,1
!qobj,1,0,1
!PageLocked(p),1,0,1
atomic_dec_and_test(&huge_zero_refcount),1,0,1
id_priv->cma_dev->device != id_priv->id.device,1,0,1
bvec[f].bv_offset != offs,1,0,1
!cif || !data,1,0,1
gi->nr_units % upa,1,0,1
gdesc->rcd.tcp == 0,1,0,1
ring->head > sg_dma_len(&atmel_port->sg_rx),1,0,1
"""Unmatched nr samples for all filter"", hists->stats.nr_non_filtered_samples == 2",1,0,1
SCU_MAX_UNSOLICITED_FRAMES > SCU_ABSOLUTE_MAX_UNSOLICITED_FRAMES,1,0,1
!list_empty(&tgt->list),1,0,1
pdev->id >= MAX_NR_PIO_DEVICES,1,0,1
"key_type(c, &sb->key) == UBIFS_DENT_KEY || key_type(c, &sb->key) == UBIFS_XENT_KEY",1,0,1
!list_empty(&dev_priv->ldu_priv->active),1,0,1
"offsetof(struct cbe_mic_tm_regs, mic_df_ecc_address_1) != 0x1b8",1,0,1
!vb,1,0,1
sizeof(struct dctcp) > ICSK_CA_PRIV_SIZE,1,0,1
"dma_has_cap(DMA_XOR_VAL, device->cap_mask) && !device->device_prep_dma_xor_val",1,0,1
CCN_HNF_PMU_EVENT_SEL__ID__SHIFT(1) != CCN_SBAS_PMU_EVENT_SEL__ID__SHIFT(1),1,0,1
fld->lcf_count > 0,1,0,1
pa->pa_type != MB_GROUP_PA,1,0,1
"(int)sizeof(((struct ptlrpc_body_v3 *)0)->pb_padding) == 32, ""found %lld\n"", (long long)(int)sizeof(((struct ptlrpc_body_v3 *)0)->pb_padding)",1,0,1
"manager != NULL, ""manager not allocated""",1,0,1
sizeof(*rx) > DLN2_SPI_BUF_SIZE,1,0,1
"p_hwfn, asserted_bits",1,0,1
!in_dev,1,0,1
lend > q->nr_levels,1,0,1
"(int)sizeof(((struct changelog_ext_rec *)0)->cr_pfid) == 16, ""found %lld\n"", (long long)(int)sizeof(((struct changelog_ext_rec *)0)->cr_pfid)",1,0,1
lockres->l_level < DLM_LOCK_PR,1,0,1
fmt != LP_POISON,1,0,1
"(int)offsetof(struct lustre_capa_key, lk_keyid) == 8, ""found %lld\n"", (long long)(int)offsetof(struct lustre_capa_key, lk_keyid)",1,0,1
"(int)offsetof(struct niobuf_remote, len) == 8, ""found %lld\n"", (long long)(int)offsetof(struct niobuf_remote, len)",1,0,1
sizeof(struct batadv_ogm_packet) != 24,1,0,1
"((offsetof(struct ncr_reg, nc_scntl3) ^ offsetof(struct tcb , wval )) &3) != 0",1,0,1
super->s_flags & LOGFS_SB_FLAG_RO,1,0,1
"dev_priv, phy, ch, override, mask",1,0,1
SVGA3D_DX_MAX_VERTEXBUFFERS*sizeof(SVGA3dVertexBuffer) > VMW_MAX_VIEW_BINDINGS*sizeof(u32),1,0,1
"LAYOUT_INTENT_ACCESS == 0, ""found %lld\n"", (long long)LAYOUT_INTENT_ACCESS",1,0,1
"call->events, ==, 0",1,0,1
len > EXT4_I(inode)->i_inline_size,1,0,1
!el->l_tree_depth,1,0,1
ocfs2_is_cluster_bitmap(alloc_inode),1,0,1
lck->lls_nr_filled <= lck->lls_nr,1,0,1
ost_idx < lov->desc.ld_tgt_count,1,0,1
"(int)offsetof(struct obd_statfs, os_type) == 0, ""found %lld\n"", (long long)(int)offsetof(struct obd_statfs, os_type)",1,0,1
channel < CC2520_MINCHANNEL,1,0,1
xfs_sb_good_version(sbp),1,0,1
node_len != 0,1,0,1
&hdr->coh_page_guard,1,0,1
(rxdp)->host_control != 0,1,0,1
ext->oe_state == OES_INV,1,0,1
"(int)offsetof(struct llog_size_change_rec, lsc_hdr) == 0, ""found %lld\n"", (long long)(int)offsetof(struct llog_size_change_rec, lsc_hdr)",1,0,1
!def->get_key,1,0,1
sizeof(struct mpls_shim_hdr) != 4,1,0,1
!KEY_SIZE(insert),1,0,1
"MDS_CONNECT == 38, ""found %lld\n"", (long long)MDS_CONNECT",1,0,1
"ns != NULL, ""no namespace passed\n""",1,0,1
"(int)offsetof(struct mdt_body, fsuid) == 104, ""found %lld\n"", (long long)(int)offsetof(struct mdt_body, fsuid)",1,0,1
sbp->sb_magicnum == XFS_SB_MAGIC,1,0,1
MAX_DISTANCE_REF_POINTS > 8,1,0,1
eerb->tail > eerb->buffersize,1,0,1
"device, device->state.disk == D_DISKLESS && device->state.conn == C_STANDALONE",1,0,1
(req->rq_rep_swab_mask & (1 << index)) == 0,1,0,1
!RB_EMPTY_NODE(&p->pushable_dl_tasks),1,0,1
!cm || !cm->card,1,0,1
"MDS_STATUS_CONN == 1, ""found %lld\n"", (long long)MDS_STATUS_CONN",1,0,1
"MDS_OPEN_JOIN_FILE == 000400000000UL, ""found 0%.11oUL\n"", MDS_OPEN_JOIN_FILE",1,0,1
"""wrong name"", !m.name",1,0,1
ppgtt->pd.base.ggtt_offset & 0x3f,1,0,1
rq->buf_info[i][j].page != NULL,1,0,1
huge_page_size(h) == PAGE_SIZE,1,0,1
"offsetof(typeof(*ocd), padding4) != 0",1,0,1
"(int)sizeof(struct hsm_action_list) == 32, ""found %lld\n"", (long long)(int)sizeof(struct hsm_action_list)",1,0,1
p->header.flag & BT_LEAF,1,0,1
ex->fe_len > EXT4_CLUSTERS_PER_GROUP(ac->ac_sb),1,0,1
in_f->ilf_fields & (XFS_ILOG_DOWNER|XFS_ILOG_AOWNER),1,0,1
"(int)offsetof(struct changelog_ext_rec, cr_pfid) == 48, ""found %lld\n"", (long long)(int)offsetof(struct changelog_ext_rec, cr_pfid)",1,0,1
value > 1,1,0,1
"(int)offsetof(struct obd_connect_data, ocd_connect_flags) == 0, ""found %lld\n"", (long long)(int)offsetof(struct obd_connect_data, ocd_connect_flags)",1,0,1
list_empty(&h->loh_lru),1,0,1
pudp == NULL,1,0,1
!(lock_mode & (XFS_ILOCK_PARENT | XFS_ILOCK_RTBITMAP | XFS_ILOCK_RTSUM)),1,0,1
lock->l_req_mode == lock->l_granted_mode,1,0,1
!down_write_trylock(&b->lock),1,0,1
dev->pmod_loc != pa_pdc_cell->mod_location,1,0,1
img_request->obj_request != NULL,1,0,1
"atomic_read(&compound_head(page)->_count) <= 0, page",1,0,1
"(int)sizeof(((struct mdt_rec_reint *)0)->rr_cap) == 4, ""found %lld\n"", (long long)(int)sizeof(((struct mdt_rec_reint *)0)->rr_cap)",1,0,1
c->dirty_pn_cnt == 0,1,0,1
pgd_index(VMALLOC_START) != pgd_index(VMALLOC_END - 1),1,0,1
shift != 0 && shift != 16 && shift != 32 && shift != 48,1,0,1
"""wrong refcnt"", atomic_read(&other_mg->refcnt), 2",1,0,1
wi->wi_scheduled && !wi->wi_running,1,0,1
RX_QUEUE_SIZE & (RX_QUEUE_SIZE - 1),1,0,1
failed_mirror_index >= BTRFS_MAX_MIRRORS,1,0,1
"OBJ_XATTR_SET == 7, ""found %lld\n"", (long long)OBJ_XATTR_SET",1,0,1
min_count != 0,1,0,1
!dbgdev || !dbgdev->dev,1,0,1
si->si_blocks == 0,1,0,1
ulist->nnodes == 0,1,0,1
"res->l_ro_holders, ""Lockres %s has %u ro holders\n"", res->l_name, res->l_ro_holders",1,0,1
sizeof(*OVS_CB(skb)) > SKB_SGO_CB_OFFSET,1,0,1
MDIO_SUPPORTS_C22 != ETH_MDIO_SUPPORTS_C22,1,0,1
size > sizeof(shadow),1,0,1
wq->sq.in_use < 1,1,0,1
"(int)offsetof(struct obd_quotactl, qc_type) == 4, ""found %lld\n"", (long long)(int)offsetof(struct obd_quotactl, qc_type)",1,0,1
OBD_FL_CKSUM_ADLER == 0x00002000,1,0,1
"(int)offsetof(struct lu_idxpage, lip_magic) == 0, ""found %lld\n"", (long long)(int)offsetof(struct lu_idxpage, lip_magic)",1,0,1
atomic_read(&set->set_refcount) > 0,1,0,1
!chip || !card,1,0,1
vb->free,1,0,1
size >= MAX_ARGS,1,0,1
p_blkno == 0,1,0,1
coffset < (obdx)->obd_stats->ls_num,1,0,1
req->rq_reply_state,1,0,1
riov.i == 1,1,0,1
rate <= 0,1,0,1
cidx <= q->credits,1,0,1
(start >> ord) >= max,1,0,1
LDLM_IBITS == 13,1,0,1
"""Invalid hist entry"", CPU(he) == 2 && PID(he) == 200 && !strcmp(COMM(he), ""perf"") && !strcmp(DSO(he), ""perf"") && !strcmp(SYM(he), ""main"") && he->stat.period == 100",1,0,1
mp_marker,1,0,1
!(start >= pa_end || end <= pa->pa_lstart),1,0,1
"(int)sizeof(((struct hsm_request *)0)->hr_data_len) == 4, ""found %lld\n"", (long long)(int)sizeof(((struct hsm_request *)0)->hr_data_len)",1,0,1
"(int)offsetof(struct mdt_rec_link, lk_padding_4) == 104, ""found %lld\n"", (long long)(int)offsetof(struct mdt_rec_link, lk_padding_4)",1,0,1
"(int)offsetof(struct hsm_action_list, hal_version) == 0, ""found %lld\n"", (long long)(int)offsetof(struct hsm_action_list, hal_version)",1,0,1
rsp,1,0,1
"(int)sizeof(((struct hsm_copy *)0)->hc_errval) == 2, ""found %lld\n"", (long long)(int)sizeof(((struct hsm_copy *)0)->hc_errval)",1,0,1
page_pools.epp_free_pages + desc->bd_iov_count <= page_pools.epp_total_pages,1,0,1
cpu_logical_map(this_cpu) != ob_mpidr,1,0,1
offset + name->len > totlen,1,0,1
dev->rphy->identify.device_type != SAS_END_DEVICE,1,0,1
LDT_ENTRY_SIZE != sizeof(struct desc_struct),1,0,1
lov->lo_lsm->lsm_wire.lw_magic == LOV_MAGIC || lov->lo_lsm->lsm_wire.lw_magic == LOV_MAGIC_V3,1,0,1
watched,1,0,1
"(int)sizeof(((struct obd_dqblk *)0)->dqb_curinodes) == 8, ""found %lld\n"", (long long)(int)sizeof(((struct obd_dqblk *)0)->dqb_curinodes)",1,0,1
"(int)offsetof(struct ldlm_lock_desc, l_resource) == 0, ""found %lld\n"", (long long)(int)offsetof(struct ldlm_lock_desc, l_resource)",1,0,1
!hprio->row.rb_node,1,0,1
r0->lo_sub[idx] == NULL,1,0,1
req->rq_svc_ctx || rc == SECSVC_DROP,1,0,1
"beyond_eof(dir, pos)",1,0,1
agl == 0,1,0,1
new_map_idx >= segs_to_map,1,0,1
"(int)offsetof(struct lu_idxpage, lip_pad0) == 8, ""found %lld\n"", (long long)(int)offsetof(struct lu_idxpage, lip_pad0)",1,0,1
level == bmp->db_maxlevel,1,0,1
key->lct_tags != 0,1,0,1
"atomic_read(a) == v, ""value: %d\n"", atomic_read((a))",1,0,1
sgcnt > adapter->sglen || sgcnt < 0,1,0,1
"""Unmatched nr samples"", hists->stats.nr_events[PERF_RECORD_SAMPLE] == hists->stats.nr_non_filtered_samples",1,0,1
event->type == LNET_EVENT_SEND || event->type == LNET_EVENT_REPLY,1,0,1
hw_flag_names[NUM_IEEE80211_HW_FLAGS] != (void *)0x1,1,0,1
"(int)offsetof(struct mgs_target_info, mti_nid_count) == 16, ""found %lld\n"", (long long)(int)offsetof(struct mgs_target_info, mti_nid_count)",1,0,1
"sizeof(struct ovs_skb_cb) > FIELD_SIZEOF(struct sk_buff, cb)",1,0,1
"SIGTRAP, info.si_signo",1,0,1
"(int)sizeof(((struct lov_mds_md_v1 *)0)->lmm_oi) == 16, ""found %lld\n"", (long long)(int)sizeof(((struct lov_mds_md_v1 *)0)->lmm_oi)",1,0,1
lock->l_bl_ast_run == 0,1,0,1
"cgroup_setup_root(&cgrp_dfl_root, 0)",1,0,1
list_empty(&aa->aa_exts),1,0,1
atomic_read(&ext->oe_refc) >= 0,1,0,1
"atomic_read(&call->usage), >, 0",1,0,1
"(int)sizeof(((struct mdt_rec_setattr *)0)->sa_uid) == 4, ""found %lld\n"", (long long)(int)sizeof(((struct mdt_rec_setattr *)0)->sa_uid)",1,0,1
failed_wr != &first->s_send_wr,1,0,1
usb_dev->devnum > 1 && !usb_dev->wusb,1,0,1
!(field->rmf_flags & RMF_F_STRUCT_ARRAY) || field->rmf_size > 0,1,0,1
gfs2_is_stuffed(ip),1,0,1
OBD_FL_SHRINK_GRANT == 0x00020000,1,0,1
"(int)sizeof(((struct obdo *)0)->o_atime) == 8, ""found %lld\n"", (long long)(int)sizeof(((struct obdo *)0)->o_atime)",1,0,1
tlck->type & tlckXTREE,1,0,1
"(int)sizeof(((struct mdt_rec_setattr *)0)->sa_ctime) == 8, ""found %lld\n"", (long long)(int)sizeof(((struct mdt_rec_setattr *)0)->sa_ctime)",1,0,1
cpumask_first(&p->cpus_allowed) != cpu,1,0,1
ras->ras_stride_pages != 0,1,0,1
"(int)sizeof(((struct obdo *)0)->o_blocks) == 8, ""found %lld\n"", (long long)(int)sizeof(((struct obdo *)0)->o_blocks)",1,0,1
!tbl->it_size,1,0,1
policy > IPROC_CLK_MAX_FREQ_POLICY,1,0,1
!skb_queue_empty(&fnic->frame_queue),1,0,1
(char *)&atomic_xchg32 - (char *)&fixed_code_start != ATOMIC_XCHG32 - FIXED_CODE_START,1,0,1
i >= e4b->bd_info->bb_first_free,1,0,1
IN_ISDIR != FS_ISDIR,1,0,1
(skmsg->id & SKD_ID_INCR) == 0,1,0,1
"(max_end - cur->oe_start) < max_pages, EXTSTR, EXTPARA(cur)",1,0,1
start & (CACHE_LINE_SIZE - 1),1,0,1
sizeof(struct compat_shmid64_ds) != 104,1,0,1
msg->msg_ev.type == LNET_EVENT_PUT,1,0,1
add < 0,1,0,1
"(int)sizeof(((struct cfg_marker *)0)->cm_padding) == 4, ""found %lld\n"", (long long)(int)sizeof(((struct cfg_marker *)0)->cm_padding)",1,0,1
"offsetof(typeof(*ocd), paddingD) != 0",1,0,1
"khugepaged_test_exit(mm), mm",1,0,1
!pages[full_page],1,0,1
raw->written != 0,1,0,1
bits & ~gpct_interrupt_a_enable_mask,1,0,1
"(int)offsetof(struct obdo, o_handle) == 128, ""found %lld\n"", (long long)(int)offsetof(struct obdo, o_handle)",1,0,1
(unsigned int)bk->bk_len >= sizeof(lnet_process_id_packed_t) * ndest,1,0,1
pill != LP_POISON,1,0,1
seq != REQ_FSEQ_PREFLUSH && seq != REQ_FSEQ_POSTFLUSH,1,0,1
!host->cmd,1,0,1
nf->sk == of->sk,1,0,1
!list_empty(&op->pend_link),1,0,1
le16_to_cpu(root_el->l_tree_depth) >= OCFS2_MAX_PATH_DEPTH,1,0,1
AR_BUFFERS * sizeof(struct descriptor) > PAGE_SIZE/4,1,0,1
ec_dev->proto_version != EC_HOST_REQUEST_VERSION,1,0,1
"(int)offsetof(struct obdo, o_oi) == 8, ""found %lld\n"", (long long)(int)offsetof(struct obdo, o_oi)",1,0,1
&mle->spinlock,1,0,1
lower & (0xffff | ~(MIPS_MAAR_ADDR << 4)),1,0,1
ras->ras_request_index == 0,1,0,1
!plm,1,0,1
IRQ_USER + cnt > NR_IRQS,1,0,1
!pcm,1,0,1
"(int)sizeof(((struct obd_statfs *)0)->os_blocks) == 8, ""found %lld\n"", (long long)(int)sizeof(((struct obd_statfs *)0)->os_blocks)",1,0,1
(nr_right + shift) > max_entries,1,0,1
unlikely(count > queue_max_integrity_segments(rq->q)),1,0,1
id > 3,1,0,1
"(int)offsetof(struct mdt_rec_create, cr_fsuid_h) == 12, ""found %lld\n"", (long long)(int)offsetof(struct mdt_rec_create, cr_fsuid_h)",1,0,1
"(int)offsetof(struct lustre_handle, cookie) == 0, ""found %lld\n"", (long long)(int)offsetof(struct lustre_handle, cookie)",1,0,1
"NILFS_SEGBUF_BH_IS_LAST(ssp->bh, &segbuf->sb_segsum_buffers)",1,0,1
op->writeback,1,0,1
"xfs_isilocked(ip, XFS_MMAPLOCK_EXCL)",1,0,1
(pte_val(*pg) & (_PAGE_PRESENT | _PAGE_HASHPTE)) && flags,1,0,1
tegra->sata_rst,1,0,1
"(int)sizeof(((struct mdt_body *)0)->blocks) == 8, ""found %lld\n"", (long long)(int)sizeof(((struct mdt_body *)0)->blocks)",1,0,1
num_possible_cpus() == 1,1,0,1
pending_move == 0,1,0,1
sizeof(struct ath_frame_info) > sizeof(tx_info->rate_driver_data),1,0,1
p->pil > SUN4D_MAX_IRQ,1,0,1
"(int)offsetof(struct mdt_rec_rename, rn_opcode) == 0, ""found %lld\n"", (long long)(int)offsetof(struct mdt_rec_rename, rn_opcode)",1,0,1
!work_pending(&local->acceptor),1,0,1
c > 0 && c < ring->desc_num,1,0,1
btrfs_header_level(root->node) != 1,1,0,1
"(int)sizeof(struct llog_size_change_rec) == 64, ""found %lld\n"", (long long)(int)sizeof(struct llog_size_change_rec)",1,0,1
"(int)offsetof(struct hsm_user_state, hus_in_progress_location) == 16, ""found %lld\n"", (long long)(int)offsetof(struct hsm_user_state, hus_in_progress_location)",1,0,1
"(int)sizeof(((struct idx_info *)0)->ii_fid) == 16, ""found %lld\n"", (long long)(int)sizeof(((struct idx_info *)0)->ii_fid)",1,0,1
"device, list_empty(&device->resync_reads)",1,0,1
"mod->mod_open_req != NULL && mod->mod_open_req->rq_type != LI_POISON, ""POISONED open %p!\n"", mod->mod_open_req",1,0,1
iclog->ic_offset == 0,1,0,1
"sizeof(struct test_frame) == 10, ;",1,0,1
pmu_fd >= 0,1,0,1
num_connectors == 0,1,0,1
priv->connectors[i] != connector,1,0,1
num_llis >= MAX_NUM_TSFR_LLIS,1,0,1
"""we didn't send this""",1,0,1
!qh,1,0,1
"offsetof(typeof(*r), lock_padding) != 0",1,0,1
"(int)sizeof(((struct llog_log_hdr *)0)->llh_tgtuuid) == 40, ""found %lld\n"", (long long)(int)sizeof(((struct llog_log_hdr *)0)->llh_tgtuuid)",1,0,1
"sbi, ses->entry_cnt",1,0,1
"!mb_test_bit(bit + i, bitmap_bh->b_data)",1,0,1
xfs_lockdep_subclass_ok(subclass + XFS_IOLOCK_PARENT_VAL),1,0,1
1 <= retry && retry <= retries->count,1,0,1
"self->conn_skb != NULL, return -1;",1,0,1
!skb_queue_empty(&fnic->tx_queue),1,0,1
hash != 0,1,0,1
recovery_handler == NULL,1,0,1
"!block_is_full(rrpc, rblock)",1,0,1
"(int)sizeof(((struct changelog_rec *)0)->cr_index) == 8, ""found %lld\n"", (long long)(int)sizeof(((struct changelog_rec *)0)->cr_index)",1,0,1
ia64_psr(regs)->pp,1,0,1
"(int)sizeof(((struct mdt_rec_setattr *)0)->sa_size) == 8, ""found %lld\n"", (long long)(int)sizeof(((struct mdt_rec_setattr *)0)->sa_size)",1,0,1
sizeof(struct nvme_nvm_id) != 4096,1,0,1
"count == 0, ""Some RPCs are still unregistering: %d\n"", count",1,0,1
sk->sk_state == CAIF_CONNECTED || sk->sk_state == CAIF_DISCONNECTED,1,0,1
r->entropy_count > r->poolinfo->poolfracbits,1,0,1
iic->eoi_ptr < 0,1,0,1
!IS_MODULE(CONFIG_ACPI_NFIT),1,0,1
genl_unregister_family(&net_drop_monitor_family),1,0,1
"FIELD_SIZEOF(struct ib_wc, wr_id) < sizeof(void *)",1,0,1
(int)end < 0,1,0,1
def->type == FSCACHE_COOKIE_TYPE_INDEX && parent->def->type != FSCACHE_COOKIE_TYPE_INDEX,1,0,1
iclog->ic_state == XLOG_STATE_ACTIVE || iclog->ic_state == XLOG_STATE_WANT_SYNC,1,0,1
"self->magic == IRLAN_MAGIC, return -RSP_PROTOCOL_ERROR;",1,0,1
"(int)sizeof(((struct mdt_rec_rename *)0)->rn_time) == 8, ""found %lld\n"", (long long)(int)sizeof(((struct mdt_rec_rename *)0)->rn_time)",1,0,1
desc_len >= dlength,1,0,1
bus->state != MDIOBUS_ALLOCATED && bus->state != MDIOBUS_UNREGISTERED,1,0,1
(int)obj < 0,1,0,1
"(int)offsetof(struct ost_lvb, lvb_mtime) == 8, ""found %lld\n"", (long long)(int)offsetof(struct ost_lvb, lvb_mtime)",1,0,1
prop->length != tmp->length,1,0,1
"MDS_DONE_WRITING == 45, ""found %lld\n"", (long long)MDS_DONE_WRITING",1,0,1
!hubdev->hdi_flush_nasid_list.widget_p,1,0,1
!cpu_has_feature(CPU_FTR_ARCH_207S),1,0,1
"stable_node->kpfn != page_to_pfn(oldpage), oldpage",1,0,1
!val || (val > DFLL_I2C_CLK_DIVISOR_MASK),1,0,1
!queue->tx_locked_cnt,1,0,1
"(int)sizeof(((struct ptlrpc_body_v3 *)0)->pb_flags) == 4, ""found %lld\n"", (long long)(int)sizeof(((struct ptlrpc_body_v3 *)0)->pb_flags)",1,0,1
"(int)offsetof(struct idx_info, ii_pad1) == 60, ""found %lld\n"", (long long)(int)offsetof(struct idx_info, ii_pad1)",1,0,1
tmpres->owner == dlm->node_num,1,0,1
sk->sk_state == TCP_CLOSE_WAIT,1,0,1
!(pdata->refclk_hz == 26000000 || pdata->refclk_hz == 27000000 || pdata->refclk_hz == 42000000),1,0,1
!num_slots || !slots_per_op,1,0,1
!hlist_empty(&net_pfkey->table),1,0,1
iter->idx <= pool_tgt_count(iter->pool),1,0,1
"(int)offsetof(struct cfg_marker, cm_createtime) == 16, ""found %lld\n"", (long long)(int)offsetof(struct cfg_marker, cm_createtime)",1,0,1
&res->backup->base.resv->lock.base,1,0,1
!(mpic->flags & MPIC_SECONDARY),1,0,1
first_switched_dcplb > MAX_CPLBS,1,0,1
cstart != resv->r_start,1,0,1
sizeof(struct hrtimer_clock_base) > HRTIMER_CLOCK_BASE_ALIGN,1,0,1
"(int)offsetof(struct lov_desc, ld_qos_maxage) == 36, ""found %lld\n"", (long long)(int)offsetof(struct lov_desc, ld_qos_maxage)",1,0,1
nr_pages > (limit - start),1,0,1
CLM_READ < CLM_WRITE,1,0,1
"(int)sizeof(((struct lquota_glb_rec *)0)->qbr_time) == 8, ""found %lld\n"", (long long)(int)sizeof(((struct lquota_glb_rec *)0)->qbr_time)",1,0,1
LLOG_ORIGIN_HANDLE_WRITE_REC == 504,1,0,1
"(int)offsetof(struct changelog_setinfo, cs_id) == 8, ""found %lld\n"", (long long)(int)offsetof(struct changelog_setinfo, cs_id)",1,0,1
list_empty(&pagelist->head),1,0,1
"aggr_txq->descs != PTR_ALIGN(aggr_txq->descs, MVPP2_CPU_D_CACHE_LINE_SIZE)",1,0,1
"(int)sizeof(struct ptlrpc_body_v3) == 184, ""found %lld\n"", (long long)(int)sizeof(struct ptlrpc_body_v3)",1,0,1
ctx->table->use > 0,1,0,1
vol->mftmirr_ino,1,0,1
ret > 1,1,0,1
patched,1,0,1
"(int)sizeof(((struct llog_logid_rec *)0)->lid_id) == 20, ""found %lld\n"", (long long)(int)sizeof(((struct llog_logid_rec *)0)->lid_id)",1,0,1
"(int)offsetof(struct idx_info, ii_pad3) == 72, ""found %lld\n"", (long long)(int)offsetof(struct idx_info, ii_pad3)",1,0,1
npo.meta_prod > ARRAY_SIZE(queue->meta),1,0,1
bch_keylist_empty(keys),1,0,1
snic->disc.rtgt_cnt == 0 || tgtid == NULL,1,0,1
"(int)offsetof(struct luda_type, lt_type) == 0, ""found %lld\n"", (long long)(int)offsetof(struct luda_type, lt_type)",1,0,1
PTD_GET_COUNT(ptd) != ep->length,1,0,1
!(bip->bli_flags & (XFS_BLI_LOGGED | XFS_BLI_DIRTY)),1,0,1
!fb->dev->dev.of_node,1,0,1
n != EXT_CSD_STR_LEN,1,0,1
"(int)offsetof(struct changelog_ext_rec, cr_namelen) == 0, ""found %lld\n"", (long long)(int)offsetof(struct changelog_ext_rec, cr_namelen)",1,0,1
"(int)sizeof(((struct mdt_rec_link *)0)->lk_time) == 8, ""found %lld\n"", (long long)(int)sizeof(((struct mdt_rec_link *)0)->lk_time)",1,0,1
"(int)offsetof(struct hsm_user_state, hus_archive_id) == 4, ""found %lld\n"", (long long)(int)offsetof(struct hsm_user_state, hus_archive_id)",1,0,1
"object->n_ops, >=, object->n_obj_ops",1,0,1
"OST_LAST_OPC == 21, ""found %lld\n"", (long long)OST_LAST_OPC",1,0,1
orig->ainsn.stack_space < 0,1,0,1
"(int)sizeof(struct hsm_user_state) == 32, ""found %lld\n"", (long long)(int)sizeof(struct hsm_user_state)",1,0,1
"MDS_OPEN_CREAT == 000000000100UL, ""found 0%.11oUL\n"", MDS_OPEN_CREAT",1,0,1
sizeof(priv->rates_50) != sizeof(mwl8k_rates_50),1,0,1
!rblk,1,0,1
efdp->efd_next_extent == efdp->efd_format.efd_nextents,1,0,1
!stfsm_is_idle(fsm),1,0,1
type != SAS_EDGE_EXPANDER_DEVICE && type != SAS_FANOUT_EXPANDER_DEVICE,1,0,1
c->bi.data_growth == 0,1,0,1
irq < 0 || irq >= PIC_NUM_PINS,1,0,1
priv,1,0,1
sizeof(*ga) <= sizeof(req->rq_async_args),1,0,1
"LUDA_64BITHASH == 0x00000004UL, ""found 0x%.8xUL\n"", (unsigned)LUDA_64BITHASH",1,0,1
n > n2,1,0,1
nbd->active_req,1,0,1
pos + count > chip->dma1_size,1,0,1
kvm_pmd_huge(*pmd),1,0,1
SPTLRPC_FLVR_POLICY(sf->sf_rpc) == SPTLRPC_POLICY_PLAIN,1,0,1
!(OCFS2_I(s_inode)->ip_dyn_features & OCFS2_INLINE_DATA_FL),1,0,1
!rl || vcn < rl->vcn || !rl->length,1,0,1
sizeof(struct sigcontext) != sizeof(struct pt_regs),1,0,1
"(int)offsetof(struct obd_connect_data, paddingC) == 160, ""found %lld\n"", (long long)(int)offsetof(struct obd_connect_data, paddingC)",1,0,1
item->skb,1,0,1
PAGE_CACHE_SIZE % OBD_ECHO_BLOCK_SIZE == 0,1,0,1
PS3AV_RES_MASK_50 << SHIFT_50 & PS3AV_RES_MASK_60 << SHIFT_60,1,0,1
sblock_to_check->page_count < 1,1,0,1
error <= 0,1,0,1
shift > nr_entries,1,0,1
pte_none(pkmap_page_table[i]),1,0,1
cluster_count(&cluster_info[idx]) == 0,1,0,1
!miro || !card,1,0,1
!psw_info,1,0,1
"(int)sizeof(((struct changelog_ext_rec *)0)->cr_namelen) == 2, ""found %lld\n"", (long long)(int)sizeof(((struct changelog_ext_rec *)0)->cr_namelen)",1,0,1
"d_inode(dentry), ==, NULL",1,0,1
cmdlen > 240,1,0,1
(data_size / data_width) > STEDMA40_MAX_SEG_SIZE,1,0,1
(u_long)p != (u_long)&scrh->hdata_out + sizeof (scrh->hdata_out),1,0,1
se == start_se,1,0,1
drive->dev_flags & IDE_DFLAG_BLOCKED,1,0,1
"0, close(fd)",1,0,1
area->a_used_bytes != area->a_written_bytes,1,0,1
buffer_delay(bh),1,0,1
desc->pd_ops != NULL,1,0,1
"c_range->lsr_start <= n_range->lsr_start, ""cur lsr_start ""DRANGE"" next lsr_start ""DRANGE""\n"", PRANGE(c_range), PRANGE(n_range)",1,0,1
"lov_lock_link_find(env, lck, lsl) == NULL",1,0,1
!chip->comm_page,1,0,1
"!__builtin_types_compatible_p(typeof(v), type)",1,0,1
"(int)sizeof(((struct mgs_target_info *)0)->mti_nids) == 256, ""found %lld\n"", (long long)(int)sizeof(((struct mgs_target_info *)0)->mti_nids)",1,0,1
!nslots,1,0,1
"(int)offsetof(struct llogd_conn_body, lgdc_logid) == 16, ""found %lld\n"", (long long)(int)offsetof(struct llogd_conn_body, lgdc_logid)",1,0,1
"""kern_memfd_share_fork"", MFD_DEF_SIZE, MFD_CLOEXEC | MFD_ALLOW_SEALING",1,0,1
"batch->nr > batch->max, page",1,0,1
"MDS_GETXATTR == 49, ""found %lld\n"", (long long)MDS_GETXATTR",1,0,1
mob->pt_bo != NULL,1,0,1
"(int)sizeof(struct lmv_stripe_md) == 32, ""found %lld\n"", (long long)(int)sizeof(struct lmv_stripe_md)",1,0,1
lockres->l_level != DLM_LOCK_EX && !checkpointed,1,0,1
sizeof(t) > 4 && !__TYPE_IS_PTR(t),1,0,1
"DISP_OPEN_OPEN == 0x00000020UL, ""found 0x%.8xUL\n"", (unsigned)DISP_OPEN_OPEN",1,0,1
thisEUN >= inftl->nb_blocks,1,0,1
part->disengage_timeout != 0,1,0,1
opg != NULL,1,0,1
"(int)offsetof(struct obd_statfs, os_blocks) == 8, ""found %lld\n"", (long long)(int)offsetof(struct obd_statfs, os_blocks)",1,0,1
xm & (DP_HIDDEN_BIT << 3),1,0,1
len > 0 && len % ubi->hdrs_min_io_size == 0,1,0,1
"lkb->lkb_lksb, dlm_print_lkb(lkb);",1,0,1
"1, 0",1,0,1
"(int)offsetof(struct quota_body, qb_slv_ver) == 56, ""found %lld\n"", (long long)(int)offsetof(struct quota_body, qb_slv_ver)",1,0,1
"sizeof(((struct hsm_user_import *)0)->hui_mtime_ns) == 4, ""found %lld\n"", (long long)sizeof(((struct hsm_user_import *)0)->hui_mtime_ns)",1,0,1
"""map groups don't match"", mg == t2->mg",1,0,1
"op->state, !=, FSCACHE_OP_ST_CANCELLED",1,0,1
end & (CACHE_LINE_SIZE - 1),1,0,1
ivsize && !req->iv,1,0,1
*prev,1,0,1
!p2m_pfn,1,0,1
!list_empty(&context->qp_grp_list),1,0,1
be32_to_cpu(agf->agf_length) == be32_to_cpu(agi->agi_length),1,0,1
!kdata_huge,1,0,1
epod_state > EPOD_STATE_ON,1,0,1
!list_empty(&cache->changed),1,0,1
!srl[si].length,1,0,1
"""Incorrect number of callchain entry"", !symbol_conf.use_callchain || nr_expected == nr_callchain",1,0,1
npo.copy_prod > MAX_GRANT_COPY_OPS,1,0,1
!rec_found,1,0,1
c->gc_lnum != lnum,1,0,1
port == 0 || port > 2,1,0,1
pages[i]->index < pos,1,0,1
!PAGE_ALIGNED(image->size),1,0,1
pool->curr_nr >= pool->min_nr,1,0,1
src->pl_nr > 0,1,0,1
2*TARGET_TLV_NUM_MSDU_DESC > (CE_HTT_H2T_MSG_SRC_NENTRIES - 1),1,0,1
list_empty(&ec->ec_locks),1,0,1
"DISP_ENQ_CREATE_REF == 0x01000000UL, ""found 0x%.8xUL\n"", (unsigned)DISP_ENQ_CREATE_REF",1,0,1
"atomic_read(&cookie->parent->usage), >, 0",1,0,1
"LDLM_CANCEL == 103, ""found %lld\n"", (long long)LDLM_CANCEL",1,0,1
hwt->disabled,1,0,1
readl(&req->type) != IOP_REQUEST_TYPE_IOCTL_COMMAND,1,0,1
(((u64)msg - (u64)ch->sn.sn2.remote_msgqueue) / ch->entry_size) != msg_number % ch->remote_nentries,1,0,1
"(int)offsetof(struct llog_unlink64_rec, lur_count) == 32, ""found %lld\n"", (long long)(int)offsetof(struct llog_unlink64_rec, lur_count)",1,0,1
sizeof(wl->pio_scratchspace) < sizeof(struct b43_txhdr),1,0,1
KVM_APIC_MODE_XAPIC_CLUSTER != 4,1,0,1
ext->oe_state == OES_CACHE || ext->oe_state == OES_LOCK_DONE,1,0,1
m < l || m > r,1,0,1
capsnap->writing,1,0,1
"VIRTIO_PCI_COMMON_DFSELECT != offsetof(struct virtio_pci_common_cfg, device_feature_select)",1,0,1
"(int)offsetof(struct mgs_target_info, mti_config_ver) == 8, ""found %lld\n"", (long long)(int)offsetof(struct mgs_target_info, mti_config_ver)",1,0,1
"sbi, !list_empty(&setvec[idx]->entry_list)",1,0,1
"offsetof(struct vmw_view_define, sid) != offsetof(SVGA3dCmdDXDefineRenderTargetView, sid)",1,0,1
scsi_sg_count(SCpnt) == 0,1,0,1
!ops || !ops->wait || !ops->enable_signaling || !ops->get_driver_name || !ops->get_timeline_name,1,0,1
"(int)offsetof(struct lmv_desc, ld_active_tgt_count) == 4, ""found %lld\n"", (long long)(int)offsetof(struct lmv_desc, ld_active_tgt_count)",1,0,1
"ext->oe_state == OES_CACHE, ext",1,0,1
LUSTRE_RES_ID_VER_OID_OFF == 1,1,0,1
ext->oe_state == OES_ACTIVE || ext->oe_state == OES_CACHE,1,0,1
!(lprops->free & 7) && !(lprops->dirty & 7),1,0,1
CFS_HASH_THETA_BITS < 15,1,0,1
sizeof(struct ath10k_skb_rxcb) > sizeof(skb->cb),1,0,1
(_ofst) & (_align - 1),1,0,1
"(int)offsetof(struct mdt_rec_setxattr, sx_cap) == 4, ""found %lld\n"", (long long)(int)offsetof(struct mdt_rec_setxattr, sx_cap)",1,0,1
!func->may_evict,1,0,1
"""Unmatched total period for socket filter"", hists->stats.total_non_filtered_period == 200",1,0,1
!batchcount || batchcount > ac->avail,1,0,1
"(int)offsetof(struct update_reply, ur_version) == 0, ""found %lld\n"", (long long)(int)offsetof(struct update_reply, ur_version)",1,0,1
handle->lgh_hdr == NULL,1,0,1
!lnet_ptl_is_unique(ptl) || !lnet_ptl_is_wildcard(ptl),1,0,1
"(int)sizeof(((struct update_buf *)0)->ub_magic) == 4, ""found %lld\n"", (long long)(int)sizeof(((struct update_buf *)0)->ub_magic)",1,0,1
list_empty(&sai->sai_entries_stated),1,0,1
"""Invalid hist entry"", !strcmp(COMM(he), ""bash"") && !strcmp(DSO(he), ""bash"") && he->stat.period == 200",1,0,1
lcn != LCN_HOLE,1,0,1
len > 16,1,0,1
kmemcg_id < 0,1,0,1
leaf[leafno] == NOFREE,1,0,1
"OST_STATFS == 13, ""found %lld\n"", (long long)OST_STATFS",1,0,1
ip->i_itemp->ili_lock_flags == 0,1,0,1
!def->name[0],1,0,1
"(int)offsetof(struct ldlm_reply, lock_policy_res2) == 104, ""found %lld\n"", (long long)(int)offsetof(struct ldlm_reply, lock_policy_res2)",1,0,1
!param,1,0,1
"""failed to create threads"", leader && t1 && t2 && t3 && other",1,0,1
atomic_read(&bip->bli_refcount) == 0,1,0,1
!ci,1,0,1
dp->max_synthdev > SNDRV_SEQ_OSS_MAX_SYNTH_DEVS,1,0,1
list->count == 0,1,0,1
"!!(fe->i_flags & cpu_to_le32(OCFS2_SYSTEM_FL)) != !!(args->fi_flags & OCFS2_FI_FLAG_SYSFILE), ""Inode %llu: system file state is ambigous\n"", (unsigned long long)args->fi_blkno",1,0,1
SC16IS7XX_MAX_DEVS > BITS_PER_LONG,1,0,1
"lkb->lkb_resource, dlm_print_lkb(lkb);",1,0,1
"(int)sizeof(((struct hsm_progress_kernel *)0)->hpk_padding1) == 4, ""found %lld\n"", (long long)(int)sizeof(((struct hsm_progress_kernel *)0)->hpk_padding1)",1,0,1
nbytes != 0,1,0,1
n != p->layer*IDR_BITS,1,0,1
!to->count && !to->usedbytes,1,0,1
SVGA_3D_CMD_DX_DEFINE_RENDERTARGET_VIEW != SVGA_3D_CMD_DX_DEFINE_SHADERRESOURCE_VIEW + 2,1,0,1
io->ci_obj != NULL,1,0,1
"OBJ_ATTR_GET == 6, ""found %lld\n"", (long long)OBJ_ATTR_GET",1,0,1
info->feature_persistent,1,0,1
"(int)offsetof(struct quota_body, qb_flags) == 32, ""found %lld\n"", (long long)(int)offsetof(struct quota_body, qb_flags)",1,0,1
BUF_ITEM(lip)->bli_buf == bp,1,0,1
ARRAY_SIZE(pwr_info_offset) != ARRAY_SIZE(bus->sprom.core_pwr_info),1,0,1
"(int)sizeof(((struct lquota_glb_rec *)0)->qbr_granted) == 8, ""found %lld\n"", (long long)(int)sizeof(((struct lquota_glb_rec *)0)->qbr_granted)",1,0,1
__get_RDP() != 0x5003,1,0,1
sizeof(struct acpi_nfit_system_address) != 56,1,0,1
"(int)sizeof(((struct changelog_ext_rec *)0)->cr_type) == 4, ""found %lld\n"", (long long)(int)sizeof(((struct changelog_ext_rec *)0)->cr_type)",1,0,1
"""Invalid hist entry"", !strcmp(COMM(he), ""bash"") && !strcmp(DSO(he), ""bash"") && !strcmp(SYM(he), ""main"") && he->stat.period == 100",1,0,1
lud->ld_site == NULL,1,0,1
"(int)sizeof(((struct hsm_user_state *)0)->hus_in_progress_action) == 4, ""found %lld\n"", (long long)(int)sizeof(((struct hsm_user_state *)0)->hus_in_progress_action)",1,0,1
maxbufs > 0,1,0,1
policy->pol_ref > 0,1,0,1
!atomic_read(&eb->write_locks),1,0,1
"entry == self, return;",1,0,1
!lsize,1,0,1
!ceph_msg_data_cache,1,0,1
count > RAID_NUM_ATTRS,1,0,1
sizeof(*IP6CB(skb)) > SKB_SGO_CB_OFFSET,1,0,1
"mm->pmd_huge_pte, mm",1,0,1
"(int)offsetof(struct hsm_progress_kernel, hpk_flags) == 40, ""found %lld\n"", (long long)(int)offsetof(struct hsm_progress_kernel, hpk_flags)",1,0,1
"(int)sizeof(((struct mdt_rec_link *)0)->lk_opcode) == 4, ""found %lld\n"", (long long)(int)sizeof(((struct mdt_rec_link *)0)->lk_opcode)",1,0,1
fault_ipa >= KVM_PHYS_SIZE,1,0,1
&pci2phy_map_lock,1,0,1
ftest->code & BPF_ANC,1,0,1
"(int)offsetof(struct llog_unlink_rec, lur_oseq) == 24, ""found %lld\n"", (long long)(int)offsetof(struct llog_unlink_rec, lur_oseq)",1,0,1
BGMAC_PC_EPA_MASK != BCMA_GMAC_CMN_PC_EPA_MASK,1,0,1
!phy->phy,1,0,1
!kfd || !doorbell_off,1,0,1
osc == oap->oap_obj,1,0,1
freed == n,1,0,1
size >= SIZE_MAX_STATUS,1,0,1
"MDS_OPEN_OWNEROVERRIDE == 000200000000UL, ""found 0%.11oUL\n"", MDS_OPEN_OWNEROVERRIDE",1,0,1
lli->lli_opendir_pid == 0,1,0,1
!snd_pcm_format_linear(format->format),1,0,1
nlm_thread_id() != 0,1,0,1
!skb || !tcp_skb_pcount(skb),1,0,1
DPIO_PHY0,1,0,1
slot != 1 && slot != 2,1,0,1
head_blk <= INT_MAX && (xfs_daddr_t) num_scan_bblks >= head_blk,1,0,1
!host->cmd || !host->mrq,1,0,1
fid_is_sane(&body->fid1),1,0,1
sizeof(*vendor) != sizeof(efi_data(op).u.get_variable.vendor_guid),1,0,1
"(int)offsetof(struct mdt_rec_rename, rn_suppgid2) == 32, ""found %lld\n"", (long long)(int)offsetof(struct mdt_rec_rename, rn_suppgid2)",1,0,1
"!IS_ALIGNED(adapter->msgRingPA, PAGE_SIZE)",1,0,1
"tok, ==, ntoks",1,0,1
request->rq_repmsg != LP_POISON,1,0,1
"((j >=0) && (j <4)), return 0;",1,0,1
"(int)offsetof(struct ll_user_fiemap, fm_extent_count) == 24, ""found %lld\n"", (long long)(int)offsetof(struct ll_user_fiemap, fm_extent_count)",1,0,1
sh->reconstruct_state != reconstruct_state_run,1,0,1
"(int)sizeof(((struct changelog_ext_rec *)0)->cr_sfid) == 16, ""found %lld\n"", (long long)(int)sizeof(((struct changelog_ext_rec *)0)->cr_sfid)",1,0,1
i <= need_ail,1,0,1
(!(lockres->l_flags & OCFS2_LOCK_BUSY)),1,0,1
"(int)offsetof(struct ost_lvb, lvb_ctime) == 24, ""found %lld\n"", (long long)(int)offsetof(struct ost_lvb, lvb_ctime)",1,0,1
!(ext_flags & OCFS2_EXT_REFCOUNTED),1,0,1
!ni->runlist.rl && !ni->mft_no && !NInoAttr(ni),1,0,1
!ctx_drvdata->pdev || !ctx_drvdata->pdev->dev.parent,1,0,1
"(int)sizeof(struct ldlm_extent) == 24, ""found %lld\n"", (long long)(int)sizeof(struct ldlm_extent)",1,0,1
ca->set->cache[ca->sb.nr_this_dev] != ca,1,0,1
"cl_object_same(need->cld_obj, slice->cls_obj)",1,0,1
pageoffset != NULL,1,0,1
"inorder_prev(inorder_next(j, size), size) != j",1,0,1
!ins,1,0,1
!orig_io_req,1,0,1
!hubinfo,1,0,1
!vol,1,0,1
"fd, F_SEAL_GROW | F_SEAL_SEAL",1,0,1
"OBD_MD_FLDATAVERSION == (0x0010000000000000ULL), ""found 0x%.16llxULL\n"", OBD_MD_FLDATAVERSION",1,0,1
"(int)offsetof(struct changelog_ext_rec, cr_type) == 4, ""found %lld\n"", (long long)(int)offsetof(struct changelog_ext_rec, cr_type)",1,0,1
pmd_none(*dst_pmd),1,0,1
!card || !_ak4531,1,0,1
d_inode(victim->d_parent) != dir,1,0,1
XT_ALIGN(sizeof(struct ebt_entry_match)) < COMPAT_XT_ALIGN(sizeof(struct compat_ebt_entry_mwt)),1,0,1
"(int)offsetof(struct idx_info, ii_hash_end) == 48, ""found %lld\n"", (long long)(int)offsetof(struct idx_info, ii_hash_end)",1,0,1
!mrecs_per_page,1,0,1
"DISP_LOOKUP_POS == 0x00000008UL, ""found 0x%.8xUL\n"", (unsigned)DISP_LOOKUP_POS",1,0,1
cnfg != NULL,1,0,1
rip != NULL,1,0,1
num_online_cpus() != 1,1,0,1
host->next_slot != NULL,1,0,1
!labels[i],1,0,1
"(int)sizeof(((struct ost_lvb_v1 *)0)->lvb_atime) == 8, ""found %lld\n"", (long long)(int)sizeof(((struct ost_lvb_v1 *)0)->lvb_atime)",1,0,1
"offsetof(typeof(*os), os_spare3) != 0",1,0,1
"(int)sizeof(struct llog_unlink64_rec) == 64, ""found %lld\n"", (long long)(int)sizeof(struct llog_unlink64_rec)",1,0,1
"bpf_get_next_key(map_fd, &key, &next_key) == 0 && (next_key == 1 || next_key == 2)",1,0,1
mp->nohomeok == 1,1,0,1
ll_i2dtexp(inode) != NULL,1,0,1
"MDS_ATTR_KILL_SUID == 0x0000000000000800ULL, ""found 0x%.16llxULL\n"", (long long)MDS_ATTR_KILL_SUID",1,0,1
"(find_next_bit(dlm->domain_map, O2NM_MAX_NODES, 0) < O2NM_MAX_NODES)",1,0,1
MAX_NUMNODES * 4 > PAGE_SIZE,1,0,1
tp->token == Opt_err,1,0,1
FLOW_KEYS_HASH_OFFSET % sizeof(u32),1,0,1
(txpeer->lp_txcredits < 0) == !list_empty(&txpeer->lp_txq),1,0,1
sizeof(struct nvme_nvm_getbbtbl) != 64,1,0,1
sizeof(struct xen_psd_package) != sizeof(struct acpi_psd_package),1,0,1
"!(desc->bd_registered && req->rq_send_state != LUSTRE_IMP_REPLAY) || xid != desc->bd_last_xid, ""registered: %d rq_xid: %llu bd_last_xid: %llu\n"", desc->bd_registered, xid, desc->bd_last_xid",1,0,1
(!t->ptrace) != (t->parent == father),1,0,1
!((lustre_msg_get_flags(request->rq_reqmsg) & MSG_REPLAY) && (request->rq_import->imp_state == LUSTRE_IMP_FULL)),1,0,1
!list_empty(&dc->active_list),1,0,1
path_root_el(dest) != path_root_el(src),1,0,1
!mutex_is_locked(&dentry->d_parent->d_inode->i_mutex),1,0,1
ARRAY_SIZE(vmx_msr_index) * sizeof(vmx->guest_msrs[0]) > PAGE_SIZE,1,0,1
"(int)offsetof(struct lu_seq_range, lsr_flags) == 20, ""found %lld\n"", (long long)(int)offsetof(struct lu_seq_range, lsr_flags)",1,0,1
"VIRTIO_PCI_COMMON_STATUS != offsetof(struct virtio_pci_common_cfg, device_status)",1,0,1
(unsigned long)src & 0x3,1,0,1
RB_EMPTY_ROOT(&conn->calls),1,0,1
"MDS_GETSTATUS == 40, ""found %lld\n"", (long long)MDS_GETSTATUS",1,0,1
"(int)sizeof(((struct link_ea_header *)0)->leh_magic) == 4, ""found %lld\n"", (long long)(int)sizeof(((struct link_ea_header *)0)->leh_magic)",1,0,1
sizeof(device_cmd_prefix) >= BUFSIZE,1,0,1
"(int)offsetof(struct mdt_body, capability) == 112, ""found %lld\n"", (long long)(int)offsetof(struct mdt_body, capability)",1,0,1
sizeof(struct b43_ppr) != B43_PPR_RATES_NUM * sizeof(u8),1,0,1
MTI_NAME_MAXLEN == 64,1,0,1
reg_00.bits.ID != new_id,1,0,1
&task->sighand->siglock,1,0,1
"(int)sizeof(((struct hsm_progress *)0)->padding) == 4, ""found %lld\n"", (long long)(int)sizeof(((struct hsm_progress *)0)->padding)",1,0,1
ops->type >= KOBJ_NS_TYPES,1,0,1
!dbgdev || !wac_info,1,0,1
ip->i_afp->if_real_bytes == 0 || ip->i_afp->if_real_bytes == data_bytes,1,0,1
"(int)sizeof(((struct llog_logid *)0)->lgl_ogen) == 4, ""found %lld\n"", (long long)(int)sizeof(((struct llog_logid *)0)->lgl_ogen)",1,0,1
c->lst.taken_empty_lebs <= c->lst.empty_lebs,1,0,1
"(int)sizeof(((struct lustre_mdt_attrs *)0)->lma_self_fid) == 16, ""found %lld\n"", (long long)(int)sizeof(((struct lustre_mdt_attrs *)0)->lma_self_fid)",1,0,1
flag,1,0,1
sub != NULL,1,0,1
pcl->pcl_locked,1,0,1
"*state[ self->provider.state] != NULL, return;",1,0,1
branch->offs >= 0 && branch->offs < c->leb_size,1,0,1
asids->mt_ctxbitmap & ctxbitmap,1,0,1
level > SB_UNFROZEN,1,0,1
page_count == ext->oe_nr_pages,1,0,1
!src_format || !dst_format,1,0,1
src_channels->area.first % 8 || src_channels->area.step % 8,1,0,1
"(int)offsetof(struct ptlrpc_body_v3, pb_padding) == (int)offsetof(struct ptlrpc_body_v2, pb_padding), ""%d != %d\n"", (int)offsetof(struct ptlrpc_body_v3, pb_padding), (int)offsetof(struct ptlrpc_body_v2, pb_padding)",1,0,1
!(mres->flags & (DLM_MRES_RECOVERY|DLM_MRES_MIGRATION)),1,0,1
"usbhs_get_dparam(priv, has_usb_dmac)",1,0,1
PAGE_SIZE % 4096,1,0,1
"log != NULL, return NULL;",1,0,1
rbi->buf_type != VMXNET3_RX_BUF_PAGE,1,0,1
"sizeof(struct efx_rx_page_state) + 2 * ALIGN(NET_IP_ALIGN + EFX_RX_USR_BUF_SIZE, EFX_RX_BUF_ALIGNMENT) > PAGE_SIZE",1,0,1
nr_pages > 1,1,0,1
4 * reg_ix > REG_SPACE_SIZE,1,0,1
MCDI_CTL_SDU_LEN_MAX_V2 % 4,1,0,1
"OST_QUOTACHECK == 18, ""found %lld\n"", (long long)OST_QUOTACHECK",1,0,1
cvt_idx < 0,1,0,1
OCFS2_XATTR_BUCKET_SIZE < OCFS2_SB(inode->i_sb)->s_clustersize,1,0,1
base_vha->vha_tgt.qla_tgt != NULL,1,0,1
LNET_PROC_HASH_BITS >= LNET_PEER_HASH_BITS,1,0,1
wiov.used == 0,1,0,1
!dfmt->header,1,0,1
!sc->dmadptr,1,0,1
snic->bar0.bus_addr == 0,1,0,1
"result->obd_minor == new_obd_minor, ""%p obd_minor %d != %d\n"", result, result->obd_minor, new_obd_minor",1,0,1
"(int)sizeof(((struct lov_desc *)0)->ld_default_stripe_count) == 4, ""found %lld\n"", (long long)(int)sizeof(((struct lov_desc *)0)->ld_default_stripe_count)",1,0,1
get_evtchn_to_irq(evtchn) != -1,1,0,1
oid >= OID__NR,1,0,1
UBIFS_MST_NODE_SZ & 7,1,0,1
sizeof(struct skb_frame_desc) > IEEE80211_TX_INFO_DRIVER_DATA_SIZE,1,0,1
"(int)sizeof(((struct mdt_rec_link *)0)->lk_padding_9) == 4, ""found %lld\n"", (long long)(int)sizeof(((struct mdt_rec_link *)0)->lk_padding_9)",1,0,1
(pga[0]->flag & OBD_BRW_SRVLOCK) == (pg->flag & OBD_BRW_SRVLOCK),1,0,1
online_css(css),1,0,1
"page_count(page) != 0, page",1,0,1
PUD_INDEX_SIZE && !PGT_CACHE(PUD_INDEX_SIZE),1,0,1
list_empty(&ctx->lc_remember),1,0,1
ubi->hdrs_min_io_size <= ubi->min_io_size,1,0,1
*vallen == sizeof(__u64),1,0,1
"(int)sizeof(((struct lustre_capa_key *)0)->lk_padding) == 4, ""found %lld\n"", (long long)(int)sizeof(((struct lustre_capa_key *)0)->lk_padding)",1,0,1
dev->is_open[ch_idx],1,0,1
lowest && node->eb,1,0,1
((unsigned long) imm) > 0xff,1,0,1
!list_empty(&eql->queue.all_slaves),1,0,1
iov_iter_count(iter) != PAGE_SIZE,1,0,1
h >= 0,1,0,1
RTM_MAX != (RTM_NEWNSID + 3),1,0,1
port_idx > wusbhc->ports_max,1,0,1
sizeof(list->skb) != sizeof(list->link),1,0,1
"urb == self->speed_urb, return;",1,0,1
"x < total, printk(""total %d x %d\n"", total, x);",1,0,1
request->rq_wait_ctx == 0,1,0,1
"rxq->descs != PTR_ALIGN(rxq->descs, MVPP2_CPU_D_CACHE_LINE_SIZE)",1,0,1
"ring, begin",1,0,1
it->cache != &mrt->mfc_cache_array[it->ct],1,0,1
&dev->mutex,1,0,1
&cpu_base->lock,1,0,1
"server->cb_break_head != server->cb_break_tail, delayed_work_pending(&server->cb_break_work)",1,0,1
list_empty(&ib_nodev_conns),1,0,1
"(int)offsetof(struct ll_fiemap_extent, fe_logical) == 0, ""found %lld\n"", (long long)(int)offsetof(struct ll_fiemap_extent, fe_logical)",1,0,1
"device, first_peer_device(device)->connection->net_conf == NULL",1,0,1
len > 65536,1,0,1
"mmio, IMX_P0PHYCR_CR_WRITE, true",1,0,1
ARRAY_SIZE(priv->mc_maclist) != ARRAY_SIZE(((struct p54_group_address_table *)NULL)->mac_list),1,0,1
i >= lh->counter,1,0,1
dev->current_state != PCI_D0,1,0,1
parent->cll_flags & CLF_CANCELLED,1,0,1
"(int)sizeof(struct hsm_user_item) == 32, ""found %lld\n"", (long long)(int)sizeof(struct hsm_user_item)",1,0,1
"(int)offsetof(struct ptlrpc_body_v3, pb_flags) == (int)offsetof(struct ptlrpc_body_v2, pb_flags), ""%d != %d\n"", (int)offsetof(struct ptlrpc_body_v3, pb_flags), (int)offsetof(struct ptlrpc_body_v2, pb_flags)",1,0,1
bcs->tx_skb,1,0,1
"device, device->resync->used == 0",1,0,1
sizeof(struct mdt_rec_reint) == sizeof(struct mdt_rec_link),1,0,1
c->cputype == CPU_UNKNOWN,1,0,1
"!test_bit(OBSOLETE_CNODE, &nnode->flags)",1,0,1
"(int)sizeof(((struct changelog_ext_rec *)0)->cr_spfid) == 16, ""found %lld\n"", (long long)(int)sizeof(((struct changelog_ext_rec *)0)->cr_spfid)",1,0,1
"(int)offsetof(struct mdt_remote_perm, rp_fsuid) == 8, ""found %lld\n"", (long long)(int)offsetof(struct mdt_remote_perm, rp_fsuid)",1,0,1
HZ != 100,1,0,1
"(int)sizeof(struct lustre_mdt_attrs) == 24, ""found %lld\n"", (long long)(int)sizeof(struct lustre_mdt_attrs)",1,0,1
"""Incorrect number of hist entry"", i == nr_expected",1,0,1
atomic_read(&eco->eo_npages) == 0,1,0,1
!lockres->l_ops,1,0,1
t->ldt_device_nr > 0,1,0,1
msg_size > XPC_ACTIVATE_MSG_SIZE_UV,1,0,1
md->md_offset + mlength <= md->md_length,1,0,1
cursor->page_offset + bytes > PAGE_SIZE,1,0,1
ALLOC_DECS_NUM < 32,1,0,1
vring.desc[3].addr == (unsigned long)(d+3),1,0,1
ip != SEC_EXIT_NORMAL,1,0,1
upper->eb != path->nodes[upper->level],1,0,1
sizeof(struct napi_gro_cb) > sizeof(skb->cb),1,0,1
me->me_md == md && md->md_me == me,1,0,1
desc->pd_compat_svc_name != NULL,1,0,1
"_clps711x_clksrc_init(tc1, tc1_base)",1,0,1
conf->r10buf_pool,1,0,1
busnr > 255,1,0,1
!d->domain,1,0,1
NULL == l,1,0,1
"(int)offsetof(struct mdt_rec_setattr, sa_fid) == 40, ""found %lld\n"", (long long)(int)offsetof(struct mdt_rec_setattr, sa_fid)",1,0,1
res.sr_blkno,1,0,1
"(int)offsetof(struct mdt_rec_setattr, sa_size) == 72, ""found %lld\n"", (long long)(int)offsetof(struct mdt_rec_setattr, sa_size)",1,0,1
bip->bli_formats == NULL,1,0,1
lock->task != NULL,1,0,1
"(int)sizeof(((struct obd_quotactl *)0)->qc_id) == 4, ""found %lld\n"", (long long)(int)sizeof(((struct obd_quotactl *)0)->qc_id)",1,0,1
"sbi, page->index != nid",1,0,1
!tritem,1,0,1
current_len != prev_len,1,0,1
wbuf->offs + wbuf->size <= c->leb_size,1,0,1
!interruptible,1,0,1
tq->buf_info[i].skb != NULL || tq->buf_info[i].map_type != VMXNET3_MAP_NONE,1,0,1
"(int)offsetof(struct obd_statfs, os_spare5) == 124, ""found %lld\n"", (long long)(int)offsetof(struct obd_statfs, os_spare5)",1,0,1
"(int)sizeof(((struct lquota_lvb *)0)->lvb_id_qunit) == 8, ""found %lld\n"", (long long)(int)sizeof(((struct lquota_lvb *)0)->lvb_id_qunit)",1,0,1
ARRAY_SIZE(irqclass_sub_desc) != NR_ARCH_IRQS,1,0,1
(char *)&atomic_and32 - (char *)&fixed_code_start != ATOMIC_AND32 - FIXED_CODE_START,1,0,1
"(int)sizeof(((struct lu_dirpage *)0)->ldp_hash_start) == 8, ""found %lld\n"", (long long)(int)sizeof(((struct lu_dirpage *)0)->ldp_hash_start)",1,0,1
addressPXD(&cp->cm_pxd) == sxaddr,1,0,1
index < 0 || index >= le32_to_cpu(n->header.nr_entries),1,0,1
"""Unmatched nr hist entries for thread filter"", hists->nr_non_filtered_entries == 4",1,0,1
"atomic_read(&key->lct_used) == 1, ""key has instances: %d\n"", atomic_read(&key->lct_used)",1,0,1
"(int)sizeof(struct llogd_conn_body) == 40, ""found %lld\n"", (long long)(int)sizeof(struct llogd_conn_body)",1,0,1
"(int)sizeof(((struct mdt_rec_reint *)0)->rr_size) == 8, ""found %lld\n"", (long long)(int)sizeof(((struct mdt_rec_reint *)0)->rr_size)",1,0,1
!nfrags,1,0,1
sizeof(struct sockaddr_rc) > sizeof(struct sockaddr),1,0,1
host->sg_blkidx > data->sg->length,1,0,1
lli->lli_flags & LLIF_SOM_DIRTY,1,0,1
parent->cll_depth == 1,1,0,1
pair && type != YMFPCI_PCM,1,0,1
ctx->skb != NULL || rbi->skb == NULL,1,0,1
"(int)offsetof(struct llog_changelog_user_rec, cur_id) == 16, ""found %lld\n"", (long long)(int)offsetof(struct llog_changelog_user_rec, cur_id)",1,0,1
"(int)offsetof(struct ptlrpc_body_v3, pb_transno) == (int)offsetof(struct ptlrpc_body_v2, pb_transno), ""%d != %d\n"", (int)offsetof(struct ptlrpc_body_v3, pb_transno), (int)offsetof(struct ptlrpc_body_v2, pb_transno)",1,0,1
"!IS_ALIGNED(KASAN_SHADOW_END, PGDIR_SIZE)",1,0,1
!mutex_is_locked(&inode2->i_mutex),1,0,1
sizeof(struct nd_gen_sb) != SZ_4K,1,0,1
bio->bi_iter.bi_size != PAGE_SIZE,1,0,1
!ext4_has_encryption_key(inode),1,0,1
pgd_val(merged_hyp_pgd[idmap_idx]),1,0,1
"(int)sizeof(((struct mdt_rec_unlink *)0)->ul_padding_7) == 4, ""found %lld\n"", (long long)(int)sizeof(((struct mdt_rec_unlink *)0)->ul_padding_7)",1,0,1
"(int)offsetof(struct obd_connect_data, ocd_max_easize) == 56, ""found %lld\n"", (long long)(int)offsetof(struct obd_connect_data, ocd_max_easize)",1,0,1
dlen != PAGE_SIZE,1,0,1
!locked_ni,1,0,1
abs_to > (((u64)index + 1) << PAGE_CACHE_SHIFT),1,0,1
"(int)offsetof(struct changelog_ext_rec, cr_spfid) == 80, ""found %lld\n"", (long long)(int)offsetof(struct changelog_ext_rec, cr_spfid)",1,0,1
!atlas6_clks[i],1,0,1
"(int)sizeof(struct lquota_lvb) == 40, ""found %lld\n"", (long long)(int)sizeof(struct lquota_lvb)",1,0,1
le32_to_cpu(fe->i_flags) & OCFS2_SYSTEM_FL,1,0,1
"(int)offsetof(struct hsm_user_state, hus_states) == 0, ""found %lld\n"", (long long)(int)offsetof(struct hsm_user_state, hus_states)",1,0,1
VMAP_BBMAP_BITS <= (1UL << order),1,0,1
"list_empty(&r->res_lookup), dlm_dump_rsb(r);",1,0,1
rc <= LNET_CPT_NUMBER,1,0,1
MODULES_VADDR < __START_KERNEL_map,1,0,1
added == 0,1,0,1
"(int)sizeof(((struct mgs_target_info *)0)->mti_instance) == 4, ""found %lld\n"", (long long)(int)sizeof(((struct mgs_target_info *)0)->mti_instance)",1,0,1
nb <= DBWORD,1,0,1
"(int)sizeof(((struct obd_dqinfo *)0)->dqi_igrace) == 8, ""found %lld\n"", (long long)(int)sizeof(((struct obd_dqinfo *)0)->dqi_igrace)",1,0,1
*max_blocks != mapped_blocks,1,0,1
dentry->d_name.len != name->len,1,0,1
dev->kobj_node,1,0,1
"offsetof(typeof(*b), pb_jobid) != 0",1,0,1
"(int)offsetof(struct mdt_rec_create, cr_fsgid_h) == 20, ""found %lld\n"", (long long)(int)offsetof(struct mdt_rec_create, cr_fsgid_h)",1,0,1
list_empty(&child->lli_agl_list),1,0,1
path[p - 1] < znode->child_cnt,1,0,1
cmd < seq->cmds,1,0,1
ext->oe_state == OES_ACTIVE,1,0,1
n_sg <= skdev->sgs_per_request,1,0,1
"check_sysreg_table(invariant_sys_regs, ARRAY_SIZE(invariant_sys_regs))",1,0,1
"inode->i_data.nrpages == 0, ""inode=%lu/%u(%p) nrpages=%lu, see http://jira.whamcloud.com/browse/LU-118\n"", inode->i_ino, inode->i_generation, inode, inode->i_data.nrpages",1,0,1
!pn->sobject,1,0,1
req->crq_nrpages > 0,1,0,1
b->c->block_size <= PAGE_SIZE,1,0,1
!readl(&req->result),1,0,1
"sbi, ni.blk_addr != NULL_ADDR",1,0,1
(unsigned int)VCHIQ_PORT_MAX < (unsigned int)VCHIQ_PORT_FREE,1,0,1
"FID_OID_DOT_LUSTRE_OBF == 0x00000002UL, ""found 0x%.8xUL\n"", (unsigned)FID_OID_DOT_LUSTRE_OBF",1,0,1
KVM_MEM_SLOTS_NUM > SHRT_MAX,1,0,1
"call->offset, <, count",1,0,1
"list_empty(&lkb->lkb_time_list), dlm_print_lkb(lkb);",1,0,1
cpu_active(raw_smp_processor_id()),1,0,1
"(int)offsetof(struct mdt_rec_setattr, sa_mode) == 116, ""found %lld\n"", (long long)(int)offsetof(struct mdt_rec_setattr, sa_mode)",1,0,1
list_empty(&req->rq_ctx_chain),1,0,1
n >= 0 && n <= c->fanout,1,0,1
"(int)sizeof(((struct lquota_lvb *)0)->lvb_id_rel) == 8, ""found %lld\n"", (long long)(int)sizeof(((struct lquota_lvb *)0)->lvb_id_rel)",1,0,1
(crypto_tfm_alg_type(tfm) ^ CRYPTO_ALG_TYPE_HASH) & CRYPTO_ALG_TYPE_HASH_MASK,1,0,1
set->set_producer != NULL,1,0,1
"(int)sizeof(((struct lmv_desc *)0)->ld_active_tgt_count) == 4, ""found %lld\n"", (long long)(int)sizeof(((struct lmv_desc *)0)->ld_active_tgt_count)",1,0,1
res->sr_bits == 0,1,0,1
obj->lo_lsm != NULL,1,0,1
"(int)offsetof(struct llog_logid_rec, lid_tail) == 56, ""found %lld\n"", (long long)(int)offsetof(struct llog_logid_rec, lid_tail)",1,0,1
atomic_read(&hs->hs_count) == 0,1,0,1
find_watch(token),1,0,1
!rq->nr_running,1,0,1
cur->oe_osclock == victim->oe_osclock,1,0,1
byte_cnt > 0,1,0,1
info->max_indirect_segments && GREFS(req->nr_phys_segments) > info->max_indirect_segments,1,0,1
REQS_SEQ_SHIFT(svcpt) < REQS_USEC_SHIFT,1,0,1
"(int)sizeof(((struct mdt_rec_setxattr *)0)->sx_padding_9) == 4, ""found %lld\n"", (long long)(int)sizeof(((struct mdt_rec_setxattr *)0)->sx_padding_9)",1,0,1
SKB_GSO_UDP_TUNNEL != (NETIF_F_GSO_UDP_TUNNEL >> NETIF_F_GSO_SHIFT),1,0,1
"!ibmvfc_valid_event(pool, evt)",1,0,1
step <= 0 || step >= g->p.nr_cpus,1,0,1
flag == LDLM_CB_BLOCKING || flag == LDLM_CB_CANCELING,1,0,1
"(int)offsetof(struct obd_connect_data, padding6) == 112, ""found %lld\n"", (long long)(int)offsetof(struct obd_connect_data, padding6)",1,0,1
list_empty(&lock->l_sl_mode),1,0,1
clk_prepare_enable(pit_clk),1,0,1
bip->bli_flags & XFS_BLI_STALE,1,0,1
vallen == sizeof(*mgi),1,0,1
!ui->data_len,1,0,1
"(int)sizeof(((struct ldlm_lock_desc *)0)->l_resource) == 40, ""found %lld\n"", (long long)(int)sizeof(((struct ldlm_lock_desc *)0)->l_resource)",1,0,1
"(int)sizeof(((struct mdt_rec_setxattr *)0)->sx_padding_2) == 4, ""found %lld\n"", (long long)(int)sizeof(((struct mdt_rec_setxattr *)0)->sx_padding_2)",1,0,1
ARRAY_SIZE(ath10k_core_fw_feature_str) != ATH10K_FW_FEATURE_COUNT,1,0,1
f[sizeof(f) - 2] != '\n',1,0,1
"(int)offsetof(struct lquota_acct_rec, bspace) == 0, ""found %lld\n"", (long long)(int)offsetof(struct lquota_acct_rec, bspace)",1,0,1
LQUOTA_TYPE_USR == 0,1,0,1
list_empty(&policy->pol_list_queued),1,0,1
"env, pg, crt < CRT_NR",1,0,1
"DISP_IT_EXECD == 0x00000001UL, ""found 0x%.8xUL\n"", (unsigned)DISP_IT_EXECD",1,0,1
"dvnode->update_cnt, >=, 0",1,0,1
"shift, st_shift, part, prm_mod, offset, st_offset",1,0,1
"(int)sizeof(((struct obdo *)0)->o_parent_seq) == 8, ""found %lld\n"", (long long)(int)sizeof(((struct obdo *)0)->o_parent_seq)",1,0,1
scsi_bufflen(task->sc) == 0,1,0,1
!undo_bg,1,0,1
"env, pg, slice->cpl_ops->cpo_is_vmlocked != NULL",1,0,1
"(int)sizeof(((struct obd_connect_data *)0)->ocd_version) == 4, ""found %lld\n"", (long long)(int)sizeof(((struct obd_connect_data *)0)->ocd_version)",1,0,1
"MDS_DISCONNECT == 39, ""found %lld\n"", (long long)MDS_DISCONNECT",1,0,1
"(int)sizeof(((struct obdo *)0)->o_parent_ver) == 4, ""found %lld\n"", (long long)(int)sizeof(((struct obdo *)0)->o_parent_ver)",1,0,1
"offsetof(typeof(*ocd), paddingA) != 0",1,0,1
"(int)offsetof(struct idx_info, ii_attrs) == 12, ""found %lld\n"", (long long)(int)offsetof(struct idx_info, ii_attrs)",1,0,1
nr_entries + shift > le32_to_cpu(n->header.max_entries),1,0,1
(e->target & ~J_RANGE_MASK) != ((e->code + 4) & ~J_RANGE_MASK),1,0,1
i2400mu->tx_kthread != NULL,1,0,1
dma->right_slot != chip->src_right_rec_slot,1,0,1
"(int)sizeof(struct mdt_remote_perm) == 32, ""found %lld\n"", (long long)(int)sizeof(struct mdt_remote_perm)",1,0,1
vaddr != (unsigned long)GHES_IOREMAP_NMI_PAGE(base),1,0,1
"(int)offsetof(struct llog_unlink64_rec, lur_tail) == 56, ""found %lld\n"", (long long)(int)offsetof(struct llog_unlink64_rec, lur_tail)",1,0,1
flags & DQUOT_SUSPENDED,1,0,1
(status & IF_CS_BIT_TX) == 0,1,0,1
list_empty(&ln->cmpl_q),1,0,1
call->socket,1,0,1
(v86.regs.cs & 3) == 0,1,0,1
"1, ""type: %d\n"", type",1,0,1
abs_from & (inode->i_blkbits - 1),1,0,1
"(int)sizeof(((struct mdt_body *)0)->suppgid) == 4, ""found %lld\n"", (long long)(int)sizeof(((struct mdt_body *)0)->suppgid)",1,0,1
"(int)offsetof(struct ll_fiemap_info_key, oa) == 8, ""found %lld\n"", (long long)(int)offsetof(struct ll_fiemap_info_key, oa)",1,0,1
SVGA_3D_CMD_DX_DESTROY_DEPTHSTENCIL_VIEW != SVGA_3D_CMD_DX_DEFINE_SHADERRESOURCE_VIEW + 5,1,0,1
"self->provider.state == IRLAN_IDLE, return;",1,0,1
"OBD_MD_FLGRANT == (0x08000000ULL), ""found 0x%.16llxULL\n"", OBD_MD_FLGRANT",1,0,1
left < 0 || left > 100,1,0,1
!pool->next_mapping,1,0,1
FIEMAP_EXTENT_UNKNOWN == 0x00000002,1,0,1
p != current,1,0,1
resv_map->adds_in_progress,1,0,1
"(int)offsetof(struct hsm_progress, hp_flags) == 40, ""found %lld\n"", (long long)(int)offsetof(struct hsm_progress, hp_flags)",1,0,1
n >= 0 && n < rset->srs_nrule,1,0,1
!ep_key,1,0,1
item->dlm != dlm,1,0,1
this_cpu_read(paravirt_lazy_mode) != PARAVIRT_LAZY_NONE,1,0,1
pq_tail >= 0 && pq_tail < UBI_PROT_QUEUE_LEN,1,0,1
req->r_dentry,1,0,1
!p_cpos || (ext_flags & OCFS2_EXT_UNWRITTEN),1,0,1
num_entries & 0x3ff,1,0,1
index >= num_busses_out(chip) + num_busses_in(chip),1,0,1
"(int)sizeof(((struct llog_log_hdr *)0)->llh_count) == 4, ""found %lld\n"", (long long)(int)sizeof(((struct llog_log_hdr *)0)->llh_count)",1,0,1
mp->mp_bh[end_of_metadata] == NULL,1,0,1
"(int)sizeof(((struct hsm_user_state *)0)->hus_in_progress_state) == 4, ""found %lld\n"", (long long)(int)sizeof(((struct hsm_user_state *)0)->hus_in_progress_state)",1,0,1
!list_empty(&dr->node.entry),1,0,1
"(int)offsetof(struct mdt_body, t_state) == 96, ""found %lld\n"", (long long)(int)offsetof(struct mdt_body, t_state)",1,0,1
"(int)sizeof(((struct mdt_body *)0)->flags) == 4, ""found %lld\n"", (long long)(int)sizeof(((struct mdt_body *)0)->flags)",1,0,1
cmd == OBD_BRW_WRITE,1,0,1
"(int)sizeof(((struct mdt_rec_rename *)0)->rn_padding_7) == 4, ""found %lld\n"", (long long)(int)sizeof(((struct mdt_rec_rename *)0)->rn_padding_7)",1,0,1
list_empty(&cur_trans->list),1,0,1
kprobe_gone(ap) || kprobe_gone(p),1,0,1
"(int)sizeof(((struct lustre_msg_v2 *)0)->lm_secflvr) == 4, ""found %lld\n"", (long long)(int)sizeof(((struct lustre_msg_v2 *)0)->lm_secflvr)",1,0,1
!davinci_sysmod_base,1,0,1
"xfs_imap_valid(inode, imap, offset)",1,0,1
!host->blocks,1,0,1
"OBJ_ATTR_SET == 5, ""found %lld\n"", (long long)OBJ_ATTR_SET",1,0,1
"sdp, list_empty(&sdp->sd_ail1_list)",1,0,1
(long)(*lru_size) < 0,1,0,1
mutex_is_locked(&new_dir->i_mutex),1,0,1
"""failed to open fd directory"", dir",1,0,1
"FIELD_SIZEOF(struct sk_buff, skb_iif) != 4",1,0,1
lr->dead_node != dlm->reco.dead_node,1,0,1
"OBD_MD_FLRMTLGETFACL == (0x0002000000000000ULL), ""found 0x%.16llxULL\n"", OBD_MD_FLRMTLGETFACL",1,0,1
"equi(page->cp_state == CPS_PAGEIN, cmd == OBD_BRW_READ)",1,0,1
!hugetlb_fault_mutex_table,1,0,1
!fe,1,0,1
sizeof(barker->data) != 16,1,0,1
cpg->eng_st != ENGINE_W_DEQUEUE,1,0,1
!ttm,1,0,1
ret != -ENOSPC && ret != -EAGAIN,1,0,1
pill != NULL,1,0,1
fd < 0,1,0,1
le16_to_cpu(right_child_el->l_next_free_rec) <= 1,1,0,1
IWL_HCMD_SCRATCHBUF_SIZE != sizeof(*txq->scratchbufs),1,0,1
~(val & ~mask),1,0,1
!new_active,1,0,1
!chip->ops->write_codec,1,0,1
!assoc_array_ptr_is_node(parent),1,0,1
"ohri->rst_shift, oh->clkdm->pwrdm.ptr->prcm_offs, oh->prcm.omap4.rstctrl_offs, oh->prcm.omap4.rstst_offs",1,0,1
vmpage->mapping->host == inode,1,0,1
"!test_cflag(COMMIT_Nolink, new_ip)",1,0,1
result == 0,1,0,1
"(int)offsetof(struct llog_unlink64_rec, lur_fid) == 16, ""found %lld\n"", (long long)(int)offsetof(struct llog_unlink64_rec, lur_fid)",1,0,1
"sbi, f2fs_has_inline_data(inode)",1,0,1
minlen > 0 && minlen <= maxlen,1,0,1
"(int)offsetof(struct lustre_capa_key, lk_padding) == 12, ""found %lld\n"", (long long)(int)offsetof(struct lustre_capa_key, lk_padding)",1,0,1
entered++,1,0,1
"""Invalid hist entry"", !strcmp(COMM(he), ""perf"") && !strcmp(DSO(he), ""[kernel]"") && !strcmp(SYM(he), ""schedule"") && he->stat.period == 100",1,0,1
!device->dev,1,0,1
"offsetof(struct inet_timewait_sock, tw_num) != offsetof(struct inet_sock, inet_num)",1,0,1
div > 63,1,0,1
bio_has_data(ci->bio),1,0,1
(PAGE_SIZE << order) % unmap_q->map_size,1,0,1
!S_ISDIR(vi->i_mode),1,0,1
blk_rq_bytes(req),1,0,1
!pk->mpi[1],1,0,1
!(rec->e_flags & OCFS2_EXT_REFCOUNTED),1,0,1
!res->lockname.name,1,0,1
"env, tmp, hdr->coh_pages > 0",1,0,1
lock->l_resource->lr_type == einfo->ei_type,1,0,1
"(int)offsetof(struct cfg_marker, cm_vers) == 8, ""found %lld\n"", (long long)(int)offsetof(struct cfg_marker, cm_vers)",1,0,1
"(int)offsetof(struct lov_mds_md_v1, lmm_oi) == 8, ""found %lld\n"", (long long)(int)offsetof(struct lov_mds_md_v1, lmm_oi)",1,0,1
(int)(user_service->msg_insert - user_service->msg_remove) < 0,1,0,1
in_f->ilf_fields & XFS_ILOG_ABROOT,1,0,1
"test_bit(TASKLET_STATE_RUN, &t->state)",1,0,1
"rc <= 0 || rc == CLO_REPEAT || rc == CLO_WAIT, ""rc = %d\n"", rc",1,0,1
pgnr >= map->count,1,0,1
route->ksnr_share_count == 0,1,0,1
sizeof(struct xfrm_state_walk) > sizeof(cb->args) - sizeof(cb->args[0]),1,0,1
cpqhp_routing_table == NULL,1,0,1
!q->td,1,0,1
!mutex_is_locked(&dm_bufio_clients_lock),1,0,1
kvm_pud_huge(*pud),1,0,1
sizeof(struct iovec) != sizeof(struct kvec),1,0,1
atomic_read(&cli->cl_lru_in_list) >= 0,1,0,1
lock->l_flags & LDLM_FL_DESTROYED,1,0,1
!lpm_priv || !lpm_priv->sbd,1,0,1
"(int)offsetof(struct lustre_msg_v2, lm_buflens[0]) == 32, ""found %lld\n"", (long long)(int)offsetof(struct lustre_msg_v2, lm_buflens[0])",1,0,1
(requested_addr - base_addr) >= sizeof(*ireq),1,0,1
call->type != NULL,1,0,1
"""Invalid hist entry"", CPU(he) == 1 && PID(he) == 100 && !strcmp(COMM(he), ""perf"") && !strcmp(DSO(he), ""perf"") && !strcmp(SYM(he), ""cmd_record"") && he->stat.period == 100",1,0,1
"(int)offsetof(struct llog_log_hdr, llh_count) == 24, ""found %lld\n"", (long long)(int)offsetof(struct llog_log_hdr, llh_count)",1,0,1
!request_based,1,0,1
SKB_GSO_SIT != (NETIF_F_GSO_SIT >> NETIF_F_GSO_SHIFT),1,0,1
tblk->next == 0,1,0,1
"MDS_ATTR_UID == 0x0000000000000002ULL, ""found 0x%.16llxULL\n"", (long long)MDS_ATTR_UID",1,0,1
sizeof(old) != 8,1,0,1
opc != PTLRPC_NRS_CTL_INVALID,1,0,1
"PTL_RPC_MSG_REPLY == 4713, ""found %lld\n"", (long long)PTL_RPC_MSG_REPLY",1,0,1
"(int)sizeof(((struct lustre_capa *)0)->lc_flags) == 4, ""found %lld\n"", (long long)(int)sizeof(((struct lustre_capa *)0)->lc_flags)",1,0,1
"(int)offsetof(struct mdt_rec_setattr, sa_suppgid_h) == 28, ""found %lld\n"", (long long)(int)offsetof(struct mdt_rec_setattr, sa_suppgid_h)",1,0,1
"subdev != NULL, ""not init ost %d\n"", ost_idx",1,0,1
ceph_msg_data_cache,1,0,1
driver->feature_table_size && !driver->feature_table,1,0,1
rate < 8000 || rate > 50000,1,0,1
UBIFS_MAX_DENT_NODE_SZ > UBIFS_MAX_NODE_SZ,1,0,1
proto->l3proto >= AF_MAX,1,0,1
skreq->flush_cmd == 1,1,0,1
dt_virt_base % SZ_2M,1,0,1
direction == DMA_FROM_DEVICE || direction == DMA_BIDIRECTIONAL,1,0,1
kgd == NULL || rdev->mec_fw == NULL,1,0,1
spec->pool_id != CEPH_NOPOOL && spec->pool_name,1,0,1
atomic_read((X)) >> (sizeof(atomic_t) - 2) == (POISON_FREE << 8 | POISON_FREE),1,0,1
pb->all_io_entry,1,0,1
bd->options & NAND_BBT_SAVECONTENT,1,0,1
"irttp->magic == TTP_MAGIC, return NULL;",1,0,1
buffer_dirty(bh),1,0,1
"(int)sizeof(((struct llog_size_change_rec *)0)->lsc_fid) == 16, ""found %lld\n"", (long long)(int)sizeof(((struct llog_size_change_rec *)0)->lsc_fid)",1,0,1
"(int)sizeof(((struct mdt_body *)0)->fsuid) == 4, ""found %lld\n"", (long long)(int)sizeof(((struct mdt_body *)0)->fsuid)",1,0,1
cp->host_status == HS_COMPLETE,1,0,1
BGMAC_PA_REG_MASK != BCMA_GMAC_CMN_PA_REG_MASK,1,0,1
!ins->pcm_input,1,0,1
sizeof(buf) < sizeof(field),1,0,1
"VIRTIO_PCI_CAP_LENGTH != offsetof(struct virtio_pci_cap, length)",1,0,1
"skb != NULL, 0, IRDA_CB_ERROR, ""skb is NULL !!!\n""",1,0,1
"PageUptodate(page), page",1,0,1
scaled_div > scaled_div_max(div),1,0,1
!list_empty(&gc_candidates),1,0,1
(bx) >= SP_EMIN - 1 + SP_EBIAS && (bx) <= SP_EMAX + 1 + SP_EBIAS,1,0,1
"(int)offsetof(struct ldlm_gl_lquota_desc, gl_pad2) == 56, ""found %lld\n"", (long long)(int)offsetof(struct ldlm_gl_lquota_desc, gl_pad2)",1,0,1
info->rq != NULL,1,0,1
"fid_seq(fid1) == fid_seq(fid2), ""fid1:""DFID"", fid2:""DFID""\n"", PFID(fid1), PFID(fid2)",1,0,1
fscache_object_is_available(op->object),1,0,1
"""Core ID doesn't match"", (session->header.env.cpu[map->map[i]].core_id == (cpu_map__get_core(map, i, NULL) & 0xffff))",1,0,1
lu_device_is_cl(dev),1,0,1
PAGE_CACHE_SIZE != inode->i_sb->s_blocksize,1,0,1
"(int)offsetof(struct llog_unlink64_rec, lur_padding1) == 36, ""found %lld\n"", (long long)(int)offsetof(struct llog_unlink64_rec, lur_padding1)",1,0,1
"offsetof(struct hsm_user_import, hui_archive_id) == 44, ""found %lld\n"", (long long)offsetof(struct hsm_user_import, hui_archive_id)",1,0,1
!modaddr,1,0,1
list_empty(&mbm->cbfn_q),1,0,1
name_len + data_len > BTRFS_MAX_XATTR_SIZE(root),1,0,1
index >= ci->ci_num_cached,1,0,1
"!alloc_cpumask_var(&uv_nmi_cpu_mask, GFP_KERNEL)",1,0,1
laddr >= rrpc->nr_pages,1,0,1
spec->image_id && spec->image_name,1,0,1
newdev->obd_magic == OBD_DEVICE_MAGIC,1,0,1
"(int)sizeof(((struct layout_intent *)0)->li_flags) == 4, ""found %lld\n"", (long long)(int)sizeof(((struct layout_intent *)0)->li_flags)",1,0,1
!list_empty(&bh->b_assoc_buffers),1,0,1
sizeof(rx->key->u.ccmp.rx_pn[queue]) != sizeof(rx->key->u.gcmp.rx_pn[queue]),1,0,1
!ins->adc_input,1,0,1
pref_bias_clear_store % (2 * clear_word_size),1,0,1
skb_shinfo(skb)->nr_frags == 1,1,0,1
!(flags & (DLM_MRES_RECOVERY|DLM_MRES_MIGRATION)),1,0,1
"pts_inode->i_rdev == MKDEV(TTYAUX_MAJOR, PTMX_MINOR)",1,0,1
!cb_arg,1,0,1
num_extents,1,0,1
slot != -1 && shortcut->parent_slot != slot,1,0,1
VL_ARB_TABLE_SIZE != VL_ARB_HIGH_PRIO_TABLE_SIZE,1,0,1
wc->level == 0,1,0,1
"(int)offsetof(struct hsm_state_set, hss_clearmask) == 16, ""found %lld\n"", (long long)(int)offsetof(struct hsm_state_set, hss_clearmask)",1,0,1
atomic_read(&page_tail->_count) != 0,1,0,1
"(int)offsetof(struct ldlm_request, lock_flags) == 0, ""found %lld\n"", (long long)(int)offsetof(struct ldlm_request, lock_flags)",1,0,1
"(int)sizeof(((struct mdt_rec_setattr *)0)->sa_padding_5) == 4, ""found %lld\n"", (long long)(int)sizeof(((struct mdt_rec_setattr *)0)->sa_padding_5)",1,0,1
!dev_priv->mm.interruptible,1,0,1
bip->bli_flags & XFS_BLI_HOLD,1,0,1
!imp->imp_connection,1,0,1
shadow->old_ofs & LOGFS_FULLY_POPULATED,1,0,1
mdsc->sessions[s->s_mds] != s,1,0,1
list_empty(&vl->update),1,0,1
!EXT4_MB_GRP_NEED_INIT(e4b->bd_info),1,0,1
(unsigned long)&mcpm_sync & (__CACHE_WRITEBACK_GRANULE - 1),1,0,1
"atomic_read(&cookie->usage), >, 0",1,0,1
"test_bit(PTLRPC_CTX_NEW_BIT, &ctx->cc_flags) == 0",1,0,1
vhost->state != IBMVFC_INITIALIZING,1,0,1
 q_completed->un.iq.iq_intx_handler,1,0,1
sequence <= cil->xc_current_sequence,1,0,1
family < 0 || family >= NPROTO,1,0,1
"!request_mem_region(main_int_res.start, resource_size(&main_int_res), node->full_name)",1,0,1
"(int)sizeof(((struct ptlrpc_body_v3 *)0)->pb_opc) == 4, ""found %lld\n"", (long long)(int)sizeof(((struct ptlrpc_body_v3 *)0)->pb_opc)",1,0,1
num >= host->nr_slots,1,0,1
stack_protect > 255,1,0,1
dev->reg_state != NETREG_UNINITIALIZED,1,0,1
"vma_start_pgoff(node) != vma_start_pgoff(prev), node",1,0,1
"env, page, page->cp_req == NULL",1,0,1
rate % PRIMA2_CLOCK_FREQ,1,0,1
"getrlimit(RLIMIT_NOFILE, &limit) == -1",1,0,1
sizeof(struct cppi41_desc) < 32,1,0,1
"gl->gl_name.ln_sbd, ret == 0",1,0,1
type != KFD_QUEUE_TYPE_DIQ && type != KFD_QUEUE_TYPE_HIQ,1,0,1
OBD_FL_CKSUM_CRC32 == 0x00001000,1,0,1
(risc->jmp - risc->cpu + 3) * sizeof(*risc->cpu) > risc->size,1,0,1
"(int)sizeof(((struct hsm_request *)0)->hr_flags) == 8, ""found %lld\n"", (long long)(int)sizeof(((struct hsm_request *)0)->hr_flags)",1,0,1
!ncr53c8xx_transport_template,1,0,1
creq->nr_phys_segments > h->maxsgentries,1,0,1
i->pin && atomic_read(i->pin) != 1,1,0,1
EXPR,1,0,1
"call->rx_data_post, ==, seq",1,0,1
"MSG_CONNECT_TRANSNO == 0x00000100UL, ""found 0x%.8xUL\n"", (unsigned)MSG_CONNECT_TRANSNO",1,0,1
XGBE_RX_DESC_CNT,1,0,1
SKB_GSO_TCPV4 != (NETIF_F_TSO >> NETIF_F_GSO_SHIFT),1,0,1
start == lhash,1,0,1
new_offs + le32_to_cpu(last->e_value_size) > blocksize,1,0,1
"bpf_update_elem(map_fd, &key, &value, BPF_EXIST) == -1 && errno == E2BIG",1,0,1
ttm->caching_state != tt_cached,1,0,1
"LCK_CW == 8, ""found %lld\n"", (long long)LCK_CW",1,0,1
pa->pa_lstart > end,1,0,1
sizeof(struct cxl_ioctl_start_work) != 64,1,0,1
!flex_gd->count || !flex_gd->groups || !flex_gd->bg_flags,1,0,1
ret < match32->match_size,1,0,1
i >= dmaru->devices_cnt,1,0,1
"(int)offsetof(struct mdt_rec_create, cr_padding_4) == 132, ""found %lld\n"", (long long)(int)offsetof(struct mdt_rec_create, cr_padding_4)",1,0,1
ptr->l != cpu_to_be64(NULLFSBLOCK),1,0,1
"(int)offsetof(struct mdt_rec_link, lk_padding_7) == 124, ""found %lld\n"", (long long)(int)offsetof(struct mdt_rec_link, lk_padding_7)",1,0,1
cstart > ocfs2_resv_end(resv),1,0,1
"""Invalid hist entry"", !strcmp(COMM(he), ""perf"") && !strcmp(DSO(he), ""libc"") && !strcmp(SYM(he), ""malloc"") && he->stat.period == 100",1,0,1
s > tmp->bio->bi_iter.bi_sector,1,0,1
req->crq_o[i].ro_obj != NULL,1,0,1
"""Unmatched nr hist entries for all filter"", hists->nr_non_filtered_entries == 1",1,0,1
hugetlb_max_hstate >= HUGE_MAX_HSTATE,1,0,1
rw & REQ_WRITE,1,0,1
page_count(tage->page) > 0,1,0,1
!gic->saved_ppi_active,1,0,1
!timer || !timer->hw.start || !timer->hw.stop,1,0,1
"(int)sizeof(struct lu_idxpage) == 16, ""found %lld\n"", (long long)(int)sizeof(struct lu_idxpage)",1,0,1
i >= MAX_SKB_FRAGS,1,0,1
"(int)sizeof(((struct obd_dqblk *)0)->dqb_btime) == 8, ""found %lld\n"", (long long)(int)sizeof(((struct obd_dqblk *)0)->dqb_btime)",1,0,1
"(int)sizeof(((struct hsm_action_list *)0)->hal_compound_id) == 8, ""found %lld\n"", (long long)(int)sizeof(((struct hsm_action_list *)0)->hal_compound_id)",1,0,1
"(int)sizeof(((struct mdt_body *)0)->fid1) == 16, ""found %lld\n"", (long long)(int)sizeof(((struct mdt_body *)0)->fid1)",1,0,1
readl(mbox_clr) != 0,1,0,1
"VIRTIO_PCI_COMMON_Q_USEDHI != offsetof(struct virtio_pci_common_cfg, queue_used_hi)",1,0,1
rc || req->rq_repmsg || req->rq_resend,1,0,1
bench_format != BENCH_FORMAT_DEFAULT,1,0,1
spec->snap_id != CEPH_NOSNAP,1,0,1
"MDS_ATTR_ATIME == 0x0000000000000010ULL, ""found 0x%.16llxULL\n"", (long long)MDS_ATTR_ATIME",1,0,1
MAX77836_REGULATOR_LDO_VOLTAGE_MIN + (MAX77836_REGULATOR_LDO_VOLTAGE_STEP * (MAX77836_REGULATOR_LDO_VOLTAGE_STEPS_NUM - 1)) != MAX77836_REGULATOR_LDO_VOLTAGE_MAX,1,0,1
list_empty(&req->crq_pages),1,0,1
"(int)offsetof(struct obdo, o_size) == 32, ""found %lld\n"", (long long)(int)offsetof(struct obdo, o_size)",1,0,1
ret == 1 && mask & FAN_ALL_PERM_EVENTS,1,0,1
!(rq->cmd_flags & REQ_STARTED),1,0,1
hpos >= 0 && hpos < heap->cnt,1,0,1
*total < startoff,1,0,1
data->blocks > host->mmc->max_blk_count,1,0,1
newpkt != NULL,1,0,1
!(oldsbsec->flags & SE_SBINITIALIZED),1,0,1
pacl->a_entries[i].e_tag != ACL_GROUP_OBJ,1,0,1
oio->oi_active == NULL,1,0,1
"sbi, i->state != NID_NEW",1,0,1
"FID_SEQ_ECHO == 2, ""found %lld\n"", (long long)FID_SEQ_ECHO",1,0,1
"(int)sizeof(((struct hsm_request *)0)->hr_itemcount) == 4, ""found %lld\n"", (long long)(int)sizeof(((struct hsm_request *)0)->hr_itemcount)",1,0,1
sizeof(struct thin_disk_superblock) > 512,1,0,1
thread_is_stopped(&sai->sai_agl_thread),1,0,1
mutex_is_locked(&ll_i2info(inode)->lli_size_mutex),1,0,1
"sizeof(hw->stats) - offsetof(struct alx_hw_stats, rx_ok) < ALX_NUM_STATS * sizeof(u64)",1,0,1
"offsetof(typeof(*ocd), padding3) != 0",1,0,1
"(int)sizeof(((struct obd_statfs *)0)->os_type) == 8, ""found %lld\n"", (long long)(int)sizeof(((struct obd_statfs *)0)->os_type)",1,0,1
sym2_transport_template == NULL,1,0,1
channel >= num_busses_out(chip),1,0,1
body != NULL && ioobj != NULL && niobuf != NULL,1,0,1
ofs < 0,1,0,1
dst->d_ino_timer != 0,1,0,1
"cl_index(obj, offset) == fio->ft_index",1,0,1
"(int)sizeof(struct update) == 56, ""found %lld\n"", (long long)(int)sizeof(struct update)",1,0,1
tunnel->sock != NULL,1,0,1
"time_before(tg->slice_end[rw], tg->slice_start[rw])",1,0,1
s->uptodate < disks - 1,1,0,1
!list_empty(&vp->port_list),1,0,1
desc->bd_md_count >= 0,1,0,1
"OBD_CONNECT_AT == 0x1000000ULL, ""found 0x%.16llxULL\n"", OBD_CONNECT_AT",1,0,1
eb->h_next_leaf_blk != 0ULL,1,0,1
msg_slot < skdev->num_fitmsg_context,1,0,1
extent_op && extent_op->is_data,1,0,1
mddev->layout != mddev->new_layout,1,0,1
axp->pid_count >= AUDIT_AUX_PIDS,1,0,1
c->replaying && c->ro_mount,1,0,1
it->it_op & (IT_GETATTR | IT_LOOKUP | IT_LAYOUT),1,0,1
prev->next,1,0,1
(gap_end & 7) == 0,1,0,1
"(int)sizeof(((struct llog_setattr64_rec *)0)->lsr_hdr) == 16, ""found %lld\n"", (long long)(int)sizeof(((struct llog_setattr64_rec *)0)->lsr_hdr)",1,0,1
status > DLM_LOCK_RES_OWNER_UNKNOWN,1,0,1
atomic64_dec_if_positive(&v) != (onestwos - 1),1,0,1
"offsetof(typeof(*b), dqb_padding) != 0",1,0,1
elen >= BUF_SIZE,1,0,1
!kp->perm,1,0,1
atomic_read(&iclog->ic_refcnt) > 0,1,0,1
old_lock == NULL,1,0,1
!has_cache,1,0,1
"old_inode->i_state & I_FREEING, ""Found existing inode %p/%lu/%u state %lu in lock: setting data to %p/%lu/%u\n"", old_inode, old_inode->i_ino, old_inode->i_generation, old_inode->i_state, new_inode, new_inode->i_ino, new_inode->i_generation",1,0,1
xdr->p >= xdr->end,1,0,1
"ext->oe_state == OES_LOCK_DONE, ext",1,0,1
dx_root_bh,1,0,1
"self->magic == LMP_LSAP_MAGIC, goto errlsap;",1,0,1
sleb->endpt - offs >= used,1,0,1
"entry == self, return -1;",1,0,1
arg_count >= 2,1,0,1
blk_rq_bytes(rq) && !bytes,1,0,1
"DLM_INTENT_IT_OFF == 2, ""found %lld\n"", (long long)DLM_INTENT_IT_OFF",1,0,1
rbd_dev->watch_request,1,0,1
request->status != TAPE_REQUEST_LONG_BUSY,1,0,1
"device, device->state.disk == D_UP_TO_DATE",1,0,1
pipe->state != PIPE_STATE_STOPPED,1,0,1
B43_TAB_SIGMASQR_SIZE != ARRAY_SIZE(b43_tab_sigmasqr2),1,0,1
current_seg == NULL,1,0,1
chanidx >= ARRAY_SIZE(carl9170_phy_freq_params),1,0,1
"(int)offsetof(struct mdt_rec_unlink, ul_padding_4) == 96, ""found %lld\n"", (long long)(int)offsetof(struct mdt_rec_unlink, ul_padding_4)",1,0,1
"uuid_equal(&ip->i_d.di_uuid, &mp->m_sb.sb_meta_uuid)",1,0,1
list_empty(&osc->oo_hp_exts),1,0,1
"(int)sizeof(((struct mdt_rec_unlink *)0)->ul_padding_5) == 8, ""found %lld\n"", (long long)(int)sizeof(((struct mdt_rec_unlink *)0)->ul_padding_5)",1,0,1
esp->active_cmd != NULL,1,0,1
"cgroup_init_cftypes(NULL, cgroup_legacy_base_files)",1,0,1
len >= UBIFS_CH_SZ && offs + len <= c->leb_size,1,0,1
"self->irlap != NULL, return;",1,0,1
io->ci_state == CIS_IO_GOING,1,0,1
"(int)sizeof(((struct mdt_rec_setattr *)0)->sa_fid) == 16, ""found %lld\n"", (long long)(int)sizeof(((struct mdt_rec_setattr *)0)->sa_fid)",1,0,1
vmw_fp->locked_master != file_priv->master,1,0,1
&imp->imp_refcount,1,0,1
target < 0 || target2 < 0,1,0,1
"HP_FLAG_RETRY == 0x02, ""found 0x%.8x\n"", HP_FLAG_RETRY",1,0,1
n,1,0,1
"0x1001, msg",1,0,1
ARRAY_SIZE(clk_info->parents) > ARRAY_SIZE(parent_names),1,0,1
old_md != MINOR_ALLOCED,1,0,1
"!fifo_push(&j->pin, p)",1,0,1
sn != NULL && (sn->sn_features & ~LST_FEATS_MASK) == 0,1,0,1
"bpf_lookup_elem(map_fd, &key, &tcp_cnt) == 0",1,0,1
"MDS_INODELOCK_LOOKUP == 0x000001, ""found 0x%.8x\n"", MDS_INODELOCK_LOOKUP",1,0,1
"(int)offsetof(struct hsm_user_request, hur_request) == 0, ""found %lld\n"", (long long)(int)offsetof(struct hsm_user_request, hur_request)",1,0,1
fw_info->rsp,1,0,1
sc == NULL,1,0,1
dio_pages_present(sdio) == 0,1,0,1
klen > sizeof(struct sockaddr_storage),1,0,1
conf->psc_buf.bc_nbufs > 0,1,0,1
size > 480,1,0,1
end1 > PAGE_SIZE || end2 > PAGE_SIZE,1,0,1
"(int)sizeof(((struct ptlrpc_body_v3 *)0)->pb_last_xid) == 8, ""found %lld\n"", (long long)(int)sizeof(((struct ptlrpc_body_v3 *)0)->pb_last_xid)",1,0,1
total_size > BULK_BUF_SIZE,1,0,1
vq->vq.num_free != vq->vring.num,1,0,1
ev != SM_ALLOC,1,0,1
"node_check(v, b, 4096)",1,0,1
req->rq_reqbuf == req->rq_reqmsg,1,0,1
"(int)offsetof(struct obd_connect_data, ocd_ibits_known) == 24, ""found %lld\n"", (long long)(int)offsetof(struct obd_connect_data, ocd_ibits_known)",1,0,1
state->id >= VCHIQ_MAX_STATES,1,0,1
host->state == HST_DEV_SCAN,1,0,1
BIT(BLOCK_2_EXP_SIZE) != PAGING_BLOCK_SIZE,1,0,1
"skb_headroom(skb) >= TTP_HEADER, return -1;",1,0,1
FW_CDEV_ISO_CONTEXT_TRANSMIT != FW_ISO_CONTEXT_TRANSMIT || FW_CDEV_ISO_CONTEXT_RECEIVE != FW_ISO_CONTEXT_RECEIVE || FW_CDEV_ISO_CONTEXT_RECEIVE_MULTICHANNEL != FW_ISO_CONTEXT_RECEIVE_MULTICHANNEL,1,0,1
"(int)sizeof(((struct ldlm_request *)0)->lock_desc) == 80, ""found %lld\n"", (long long)(int)sizeof(((struct ldlm_request *)0)->lock_desc)",1,0,1
OBD_FL_NO_USRQUOTA == 0x00000100,1,0,1
"!before(TCP_SKB_CB(skb)->seq, TCP_SKB_CB(skb)->end_seq)",1,0,1
!osd_req_opcode_valid(opcode),1,0,1
__le16_to_cpu(wsm->len) != tx_len,1,0,1
HARDWALL_TYPES != sizeof(hardwall_types)/sizeof(hardwall_types[0]),1,0,1
sizeof(*fa) <= sizeof(req->rq_async_args),1,0,1
"(int)offsetof(struct obd_connect_data, padding7) == 120, ""found %lld\n"", (long long)(int)offsetof(struct obd_connect_data, padding7)",1,0,1
(state < PRCMU_AP_SLEEP) || (PRCMU_AP_DEEP_IDLE < state),1,0,1
cache->nr_edges,1,0,1
ld->ld_lov != NULL,1,0,1
!(c->bi.dd_growth & 7),1,0,1
src_pa != L1_CACHE_ALIGN(src_pa),1,0,1
priv && priv->ae_handle,1,0,1
start_pfn + n_pfns > start_r + size_r,1,0,1
(retpid == pid) && WIFEXITED(wait_stat),1,0,1
pgto_base <= pgfrom_base,1,0,1
"(int)sizeof(struct hsm_progress) == 48, ""found %lld\n"", (long long)(int)sizeof(struct hsm_progress)",1,0,1
pcol->ios,1,0,1
"(int)sizeof(((struct quota_body *)0)->qb_padding) == 4, ""found %lld\n"", (long long)(int)sizeof(((struct quota_body *)0)->qb_padding)",1,0,1
gpiochip_add(&gemini_gpio_chip),1,0,1
olck->ols_lock == dlmlock,1,0,1
!shadow_copy,1,0,1
"(int)sizeof(((struct llogd_body *)0)->lgd_cur_offset) == 8, ""found %lld\n"", (long long)(int)sizeof(((struct llogd_body *)0)->lgd_cur_offset)",1,0,1
!dcfg_base,1,0,1
devpriv->di_mite_chan,1,0,1
pacl->a_count < 3,1,0,1
phy->type != B43legacy_PHYTYPE_G,1,0,1
"object->fscache.n_ops, ==, 0",1,0,1
"(int)sizeof(((struct link_ea_header *)0)->padding2) == 4, ""found %lld\n"", (long long)(int)sizeof(((struct link_ea_header *)0)->padding2)",1,0,1
"!after(TCP_SKB_CB(skb)->end_seq, tp->snd_una)",1,0,1
le16_to_cpu(map->layout_map_count) != 3,1,0,1
xobject != object,1,0,1
resv->adds_in_progress - resv->region_cache_count > 1,1,0,1
proc->p_arglen == 0,1,0,1
IS_POW2(VCHIQ_MAX_SLOTS),1,0,1
usb_anchor_empty(&usb->submitted_cmds),1,0,1
le32_to_cpu(fe->i_clusters) != OCFS2_I(inode)->ip_clusters,1,0,1
"LUSTRE_BFLAG_UNCOMMITTED_WRITES == 1, ""found %lld\n"", (long long)LUSTRE_BFLAG_UNCOMMITTED_WRITES",1,0,1
ac->ac_o_ex.fe_logical < ac->ac_b_ex.fe_logical,1,0,1
pkt->__packet.bits.__minimal,1,0,1
list_empty(&page->cp_flight),1,0,1
!in_interrupt() || ((size) <= LIBCFS_VMALLOC_SIZE && !gfpflags_allow_blocking(mask)),1,0,1
"(int)offsetof(struct llog_size_change_rec, lsc_padding1) == 36, ""found %lld\n"", (long long)(int)offsetof(struct llog_size_change_rec, lsc_padding1)",1,0,1
get_JOffLong_X1(__single_step_j_insn) != 0,1,0,1
!ocfs2_is_empty_extent(&left_el->l_recs[0]),1,0,1
SCU_MAX_UNSOLICITED_FRAMES,1,0,1
"(int)sizeof(((struct ptlrpc_body_v3 *)0)->pb_jobid) == 32, ""found %lld\n"", (long long)(int)sizeof(((struct ptlrpc_body_v3 *)0)->pb_jobid)",1,0,1
"OBD_MD_FLMODEASIZE == (0x80000000ULL), ""found 0x%.16llxULL\n"", OBD_MD_FLMODEASIZE",1,0,1
objnr >= cachep->num,1,0,1
"OCFS2_SB(inode->i_sb) == NULL, ""Inode=%lu\n"", inode->i_ino",1,0,1
"(int)offsetof(struct changelog_rec, cr_flags) == 2, ""found %lld\n"", (long long)(int)offsetof(struct changelog_rec, cr_flags)",1,0,1
"(int)sizeof(((struct llog_catid *)0)->lci_logid) == 20, ""found %lld\n"", (long long)(int)sizeof(((struct llog_catid *)0)->lci_logid)",1,0,1
atomic_read(&h->loh_ref) == 0,1,0,1
!n || n > c->caches_loaded || n > 8,1,0,1
bp->l_flag & lbmFREE,1,0,1
"peer_device, peer_req->i.size > 0",1,0,1
!IS_ENABLED(CONFIG_PCI_MSI),1,0,1
b->last_set_unwritten,1,0,1
"obd == obd_devs[obd->obd_minor], ""obd %p != obd_devs[%d] %p\n"", obd, obd->obd_minor, obd_devs[obd->obd_minor]",1,0,1
&sec->ps_nctx,1,0,1
"!dma_declare_coherent_memory(&dev->dev, res.start, region.start, resource_size(&res), DMA_MEMORY_MAP | DMA_MEMORY_EXCLUSIVE)",1,0,1
"offsetof(typeof(*os), os_fprecreated) != 0",1,0,1
"(int)sizeof(((struct obd_connect_data *)0)->ocd_instance) == 4, ""found %lld\n"", (long long)(int)sizeof(((struct obd_connect_data *)0)->ocd_instance)",1,0,1
PAGE_SIZE / sizeof(struct hlist_head),1,0,1
" (ARRAY_SIZE(asihpi_tuner_band_names) == (HPI_TUNER_BAND_LAST+1)), assert_tuner_band_names_size",1,0,1
__pipe != 0 && __pipe != 2,1,0,1
(count + start_bit) > le16_to_cpu(group->bg_bits),1,0,1
cp,1,0,1
req->rq_nrq.nr_initialized,1,0,1
!virt_addr_valid(kaddr),1,0,1
node->checked,1,0,1
EXT4_XTS_TWEAK_SIZE < sizeof(index),1,0,1
"&exp->exp_refcount, 0, LI_POISON",1,0,1
va->va_end > vend,1,0,1
window == NULL,1,0,1
info->bytes || info->bitmap,1,0,1
p + strlen(p) + 1 != name + PATH_MAX,1,0,1
"(int)sizeof(((struct mdt_body *)0)->uid_h) == 4, ""found %lld\n"", (long long)(int)sizeof(((struct mdt_body *)0)->uid_h)",1,0,1
!chip->playback.pcm_ctl,1,0,1
"ergo(page->cp_type == CPT_CACHEABLE, !PageDirty(cl_page_vmpage(env, page)))",1,0,1
"sbi, nat_get_blkaddr(e) != ni->blk_addr",1,0,1
f & CS_SERIALIZE,1,0,1
"(int)offsetof(struct ptlrpc_body_v3, pb_last_committed) == 40, ""found %lld\n"", (long long)(int)offsetof(struct ptlrpc_body_v3, pb_last_committed)",1,0,1
"MDS_ATTR_CTIME_SET == 0x0000000000002000ULL, ""found 0x%.16llxULL\n"", (long long)MDS_ATTR_CTIME_SET",1,0,1
"offsetof(struct socket_wq, wait) != 0",1,0,1
!card_ret,1,0,1
length >= 0,1,0,1
MMU_PAGE_COUNT > 16,1,0,1
crq->tag < max_queue,1,0,1
"ohri->st_shift, 0, oh->prcm.omap2.module_offs, 0",1,0,1
nf_nat_snmp_hook != NULL,1,0,1
lock->l_glimpse_ast == einfo->ei_cb_gl,1,0,1
((enum s2mps14_irq)S2MPS11_IRQ_RTCA0) != S2MPS14_IRQ_RTCA0,1,0,1
i2c_dev->msg_buf_remaining,1,0,1
"OBD_OBJECT_EOF == 0xffffffffffffffffULL, ""found 0x%.16llxULL\n"", OBD_OBJECT_EOF",1,0,1
!host->mrq,1,0,1
primary_ipic == NULL,1,0,1
"OBJ_INDEX_INSERT == 10, ""found %lld\n"", (long long)OBJ_INDEX_INSERT",1,0,1
OBD_FL_NO_GRPQUOTA == 0x00000200,1,0,1
"(int)sizeof(((struct mdt_rec_rename *)0)->rn_padding_3) == 8, ""found %lld\n"", (long long)(int)sizeof(((struct mdt_rec_rename *)0)->rn_padding_3)",1,0,1
"MSG_CONNECT_NEXT_VER == 0x00000080UL, ""found 0x%.8xUL\n"", (unsigned)MSG_CONNECT_NEXT_VER",1,0,1
"MGS_TARGET_REG == 253, ""found %lld\n"", (long long)MGS_TARGET_REG",1,0,1
LLOG_LOGID_MAGIC == 275010875,1,0,1
"LOV_PATTERN_CMOBD == 0x00000200UL, ""found 0x%.8xUL\n"", (unsigned)LOV_PATTERN_CMOBD",1,0,1
ABS_CNT > KEY_CNT || EV_CNT > KEY_CNT,1,0,1
val > DFLL_CONFIG_DIV_MASK,1,0,1
"(int)sizeof(((struct obdo *)0)->o_ioepoch) == 8, ""found %lld\n"", (long long)(int)sizeof(((struct obdo *)0)->o_ioepoch)",1,0,1
log_len >= log_size,1,0,1
(*ptr) == 1,1,0,1
"(int)sizeof(((struct hsm_progress *)0)->hp_flags) == 2, ""found %lld\n"", (long long)(int)sizeof(((struct hsm_progress *)0)->hp_flags)",1,0,1
hdr.ipv4->protocol != IPPROTO_TCP,1,0,1
vl != NULL,1,0,1
be32_to_cpu(agi->agi_unlinked[bucket_index]) != agino,1,0,1
start + len > (e4b->bd_sb->s_blocksize << 3),1,0,1
!cred,1,0,1
reg_size != 1 || val_size != 2,1,0,1
seg_grants < ref_cnt,1,0,1
"OBJ_REF_ADD == 3, ""found %lld\n"", (long long)OBJ_REF_ADD",1,0,1
SKB_SGO_CB_OFFSET + sizeof(*SKB_GSO_CB(skb)) > sizeof(skb->cb),1,0,1
mdidx < desc->bd_md_max_brw,1,0,1
sysino >= nr_ivec,1,0,1
!ctx->attr->non_resident,1,0,1
SPTLRPC_FLVR_POLICY(req->rq_flvr.sf_rpc) == SPTLRPC_POLICY_NULL,1,0,1
ec != NULL,1,0,1
!sk_fullsock(sk),1,0,1
ni->ni_cpts != NULL,1,0,1
"!dissector_uses_key(flow_dissector, FLOW_DISSECTOR_KEY_CONTROL)",1,0,1
tm->slot != 0,1,0,1
!xs->bucket,1,0,1
!(hw->flags & CSIO_HWF_FWEVT_PENDING),1,0,1
"device, list_empty(&device->resync_work.list)",1,0,1
!notifier->notify,1,0,1
"(int)offsetof(struct mdt_rec_rename, rn_padding_3) == 96, ""found %lld\n"", (long long)(int)offsetof(struct mdt_rec_rename, rn_padding_3)",1,0,1
"(int)sizeof(((struct mdt_remote_perm *)0)->rp_uid) == 4, ""found %lld\n"", (long long)(int)sizeof(((struct mdt_remote_perm *)0)->rp_uid)",1,0,1
"fib_default_rule_add(dn_fib_rules_ops, 0x7fff, RT_TABLE_MAIN, 0)",1,0,1
CARL9170_NUM_TX_LIMIT_HARD < CARL9170_NUM_TX_LIMIT_SOFT,1,0,1
"(int)offsetof(struct hsm_current_action, hca_state) == 0, ""found %lld\n"", (long long)(int)offsetof(struct hsm_current_action, hca_state)",1,0,1
!filter->filter_string,1,0,1
"(int)sizeof(((struct obd_connect_data *)0)->ocd_transno) == 8, ""found %lld\n"", (long long)(int)sizeof(((struct obd_connect_data *)0)->ocd_transno)",1,0,1
iov != NULL,1,0,1
"device, (unsigned)(last - first) <= 1",1,0,1
slot != 0 && slot != 1,1,0,1
cio->cui_cl.cis_io == io,1,0,1
"(int)sizeof(struct lustre_handle) == 8, ""found %lld\n"", (long long)(int)sizeof(struct lustre_handle)",1,0,1
nbuf >= pipe->buffers,1,0,1
!snd_pcm_format_linear(src_format->format) || !snd_pcm_format_linear(dst_format->format),1,0,1
imms & ~mask,1,0,1
iclog->ic_state & XLOG_STATE_ACTIVE,1,0,1
"(int)sizeof(((struct lov_mds_md_v1 *)0)->lmm_pattern) == 4, ""found %lld\n"", (long long)(int)sizeof(((struct lov_mds_md_v1 *)0)->lmm_pattern)",1,0,1
list_empty(&entry->se_list),1,0,1
"0, ptrace(PTRACE_SETOPTIONS, child_pid, NULL, PTRACE_O_TRACESECCOMP)",1,0,1
variant != AARCH64_INSN_VARIANT_64BIT,1,0,1
e->allocated,1,0,1
"equi(page->cp_state == CPS_PAGEOUT, cmd == OBD_BRW_WRITE)",1,0,1
dev->started < 0,1,0,1
"hashbin != NULL, return -1;",1,0,1
nr_pages != 0,1,0,1
(char *)&sigreturn_stub - (char *)&fixed_code_start != SIGRETURN_STUB - FIXED_CODE_START,1,0,1
"MDS_INODELOCK_LAYOUT == 0x000008, ""found 0x%.8x\n"", MDS_INODELOCK_LAYOUT",1,0,1
!ctx->count,1,0,1
hs->hs_rehash_buckets == NULL,1,0,1
atomic_dec_return(v) < 0,1,0,1
desc->bd_nob > 0,1,0,1
lp->lp_refcount == 0,1,0,1
callback != NULL,1,0,1
sizeof(struct batadv_unicast_4addr_packet) != 18,1,0,1
!dst[0],1,0,1
ins->master_mix_scb->next_scb_ptr != ins->asynch_tx_scb,1,0,1
list_empty(&src_device->resized_list),1,0,1
ceph_msgr_wq == NULL,1,0,1
"""Unmatched total period"", hists->stats.total_period == hists->stats.total_non_filtered_period",1,0,1
iter->pool != NULL,1,0,1
!list_empty(&cache->pending[i]),1,0,1
sizeof(struct opregion_swsci) != 0x100,1,0,1
"(int)sizeof(((struct hsm_action_list *)0)->hal_flags) == 8, ""found %lld\n"", (long long)(int)sizeof(((struct hsm_action_list *)0)->hal_flags)",1,0,1
"(int)offsetof(struct ptlrpc_body_v3, pb_status) == (int)offsetof(struct ptlrpc_body_v2, pb_status), ""%d != %d\n"", (int)offsetof(struct ptlrpc_body_v3, pb_status), (int)offsetof(struct ptlrpc_body_v2, pb_status)",1,0,1
!list_empty(&sleb->nodes),1,0,1
"(int)offsetof(struct mdt_rec_reint, rr_cap) == 4, ""found %lld\n"", (long long)(int)offsetof(struct mdt_rec_reint, rr_cap)",1,0,1
buf_size < chunk_size,1,0,1
slot_num < 0,1,0,1
tmp != chain_last,1,0,1
!reset_gpio,1,0,1
"ergo((flags & CFS_HASH_REHASH_KEY) != 0, ops->hs_keycpy != NULL)",1,0,1
truncate_op,1,0,1
mea_size == lmm_size,1,0,1
d != NULL,1,0,1
"LOV_PATTERN_FIRST == 0x00000100UL, ""found 0x%.8xUL\n"", (unsigned)LOV_PATTERN_FIRST",1,0,1
"(int)sizeof(struct lov_ost_data_v1) == 24, ""found %lld\n"", (long long)(int)sizeof(struct lov_ost_data_v1)",1,0,1
"(int)sizeof(((struct lov_mds_md_v3 *)0)->lmm_stripe_count) == 2, ""found %lld\n"", (long long)(int)sizeof(((struct lov_mds_md_v3 *)0)->lmm_stripe_count)",1,0,1
sp - (sp & ~(THREAD_SIZE - 1)) < STACK_WARN,1,0,1
y <= 0,1,0,1
"(int)offsetof(struct mdt_rec_reint, rr_bias) == 112, ""found %lld\n"", (long long)(int)offsetof(struct mdt_rec_reint, rr_bias)",1,0,1
srvlock == ext->oe_srvlock,1,0,1
ARRAY_SIZE(clk_names) != ARRAY_SIZE(gpu->grp_clks),1,0,1
failrec->this_mirror != failed_mirror,1,0,1
VMX_EPT_READABLE_MASK != PT_PRESENT_MASK || VMX_EPT_WRITABLE_MASK != PT_WRITABLE_MASK,1,0,1
"""failed to create threads"", !threads_create()",1,0,1
64 != sizeof(struct minix2_inode),1,0,1
"(int)offsetof(struct lov_ost_data_v1, l_ost_idx) == 20, ""found %lld\n"", (long long)(int)offsetof(struct lov_ost_data_v1, l_ost_idx)",1,0,1
"(int)offsetof(struct lu_idxpage, lip_nr) == 6, ""found %lld\n"", (long long)(int)offsetof(struct lu_idxpage, lip_nr)",1,0,1
ioc->pdir_base[off] >> 63,1,0,1
ofdev->dev.of_node == NULL,1,0,1
!list_empty(&waiter->fl_block),1,0,1
next_free >= count,1,0,1
&dev->dev,1,0,1
blockers > 1,1,0,1
osfs->os_bsize,1,0,1
phyinfo->frm_layer->id == phyid,1,0,1
cap->issued & ~cap->implemented,1,0,1
!cpu_has_mipsmt,1,0,1
devfn > 255,1,0,1
!(bpp == 2 || bpp == 4),1,0,1
c->in_a_category_cnt <= c->main_lebs,1,0,1
rc || req->rq_reply_state->rs_repdata_len,1,0,1
"(int)offsetof(struct llog_gen, conn_cnt) == 8, ""found %lld\n"", (long long)(int)offsetof(struct llog_gen, conn_cnt)",1,0,1
LQUOTA_RES_DT == 2,1,0,1
!rbd_dev->watch_request,1,0,1
!list_empty(&res->recovering),1,0,1
msg->msg_type == LNET_MSG_PUT,1,0,1
atomic_read(&rbio->stripes_pending) == 0,1,0,1
lp->lp_rtr_refcount > 0,1,0,1
"(int)sizeof(((struct obdo *)0)->o_flags) == 4, ""found %lld\n"", (long long)(int)sizeof(((struct obdo *)0)->o_flags)",1,0,1
ext->oe_max_end >= index && ext->oe_start <= index,1,0,1
!dblock,1,0,1
right_has_empty && !del_right_subtree,1,0,1
(subdevice_id & 0xfff0) != MIA,1,0,1
nvec->tx->size < 1,1,0,1
"(int)sizeof(((struct obdo *)0)->o_data_version) == 8, ""found %lld\n"", (long long)(int)sizeof(((struct obdo *)0)->o_data_version)",1,0,1
btree_node_dirty(b) && !b->keys.set[0].data,1,0,1
"MSG_REQ_REPLAY_DONE == 0x00000040UL, ""found 0x%.8xUL\n"", (unsigned)MSG_REQ_REPLAY_DONE",1,0,1
"REINT_SETATTR == 1, ""found %lld\n"", (long long)REINT_SETATTR",1,0,1
!is_data && reserved,1,0,1
"(int)sizeof(struct link_ea_header) == 24, ""found %lld\n"", (long long)(int)sizeof(struct link_ea_header)",1,0,1
!mc || !mc->nobjs,1,0,1
imp_conn->oic_conn == imp->imp_connection,1,0,1
"F2FS_P_SB(page), page->index",1,0,1
data->idev,1,0,1
len > sizeof(val),1,0,1
rstr2_ph,1,0,1
size % format->channels,1,0,1
"roundup(packet_size, 16) - packet_size > nr_relocs * 4",1,0,1
lens[MSG_PTLRPC_BODY_OFF] >= sizeof(struct ptlrpc_body_v2),1,0,1
"FID_OID_DOT_LUSTRE == 0x00000001UL, ""found 0x%.8xUL\n"", (unsigned)FID_OID_DOT_LUSTRE",1,0,1
rbd_segment_name_cache,1,0,1
skb_headlen(list_skb) > len,1,0,1
ip->i_df.if_bytes / sizeof(xfs_bmbt_rec_t) > 0,1,0,1
"OBJ_XATTR_GET == 8, ""found %lld\n"", (long long)OBJ_XATTR_GET",1,0,1
cle->ce_ref == 0,1,0,1
"SEC_LAST_OPC == 804, ""found %lld\n"", (long long)SEC_LAST_OPC",1,0,1
pdirp == NULL,1,0,1
stripe_count <= LOV_MAX_STRIPE_COUNT,1,0,1
map->m_len == 0,1,0,1
sizeof(LUSTRE_VOLATILE_HDR) == LUSTRE_VOLATILE_HDR_LEN + 1,1,0,1
"(int)offsetof(struct ldlm_flock_wire, lfw_end) == 8, ""found %lld\n"", (long long)(int)offsetof(struct ldlm_flock_wire, lfw_end)",1,0,1
&cpuset_mutex,1,0,1
ret < 0 || ret != sizeof(entropy),1,0,1
src > QUEUE_IRQ_SRC_NOT_FULL,1,0,1
IPSTATS_MIB_ECT0PKTS != IPSTATS_MIB_NOECTPKTS + INET_ECN_ECT_0,1,0,1
cpu >= NR_HIP04_CPU_IF,1,0,1
"(int)offsetof(struct changelog_ext_rec, cr_sfid) == 64, ""found %lld\n"", (long long)(int)offsetof(struct changelog_ext_rec, cr_sfid)",1,0,1
"(int)sizeof(((struct ptlrpc_body_v3 *)0)->pb_pre_versions) == (int)sizeof(((struct ptlrpc_body_v2 *)0)->pb_pre_versions), ""%d != %d\n"", (int)sizeof(((struct ptlrpc_body_v3 *)0)->pb_pre_versions), (int)sizeof(((struct ptlrpc_body_v2 *)0)->pb_pre_versions)",1,0,1
eaddr >= amdgpu_vm_num_pdes(adev),1,0,1
i == le16_to_cpu(el->l_next_free_rec),1,0,1
rqi->dr_req != NULL,1,0,1
&(obj)->lock.base,1,0,1
"(int)offsetof(struct mdt_body, padding_9) == 200, ""found %lld\n"", (long long)(int)offsetof(struct mdt_body, padding_9)",1,0,1
PB_migrate_end - PB_migrate != 2,1,0,1
bu->buf_len <= c->leb_size,1,0,1
"(int)offsetof(struct mdt_remote_perm, rp_fsgid) == 16, ""found %lld\n"", (long long)(int)offsetof(struct mdt_remote_perm, rp_fsgid)",1,0,1
process_refs < 0,1,0,1
list_empty(&entry->se_link),1,0,1
wc->stage != DROP_REFERENCE,1,0,1
root_objectid == BTRFS_TREE_RELOC_OBJECTID,1,0,1
"req_capsule_field_present(pill, field, loc)",1,0,1
ctxt->src.type == OP_MEM || ctxt->src.type == OP_MEM_STR,1,0,1
"""Invalid hist entry"", !strcmp(DSO(he), ""libc"") && !strcmp(SYM(he), ""malloc"") && !strcmp(COMM(he), ""perf"") && he->stat.period == 100",1,0,1
"(int)sizeof(((struct llog_size_change_rec *)0)->lsc_ioepoch) == 4, ""found %lld\n"", (long long)(int)sizeof(((struct llog_size_change_rec *)0)->lsc_ioepoch)",1,0,1
len < packet_sz,1,0,1
!replacement,1,0,1
assoc_array_ptr_is_leaf(ptr),1,0,1
"(int)offsetof(struct ptlrpc_body_v3, pb_slv) == 80, ""found %lld\n"", (long long)(int)offsetof(struct ptlrpc_body_v3, pb_slv)",1,0,1
ivsize && !req->info,1,0,1
khugepaged_scan.address < hstart || khugepaged_scan.address + HPAGE_PMD_SIZE > hend,1,0,1
"device, req->master_bio->bi_rw & REQ_FLUSH",1,0,1
shiftlen > RPC_MAX_AUTH_SIZE,1,0,1
mcpm_cpu_use_count[cluster][cpu] != 0 && mcpm_cpu_use_count[cluster][cpu] != 1,1,0,1
"(int)sizeof(((struct lmv_desc *)0)->ld_padding_3) == 4, ""found %lld\n"", (long long)(int)sizeof(((struct lmv_desc *)0)->ld_padding_3)",1,0,1
cl->magic == CLOSURE_MAGIC_ALIVE,1,0,1
"(int)offsetof(struct obdo, o_uid_h) == 168, ""found %lld\n"", (long long)(int)offsetof(struct obdo, o_uid_h)",1,0,1
pa->pa_lstart <= start && pa_end >= end,1,0,1
param.phyid == phy->id,1,0,1
"!IS_ALIGNED(HTT_RX_BUF_SIZE, 4)",1,0,1
olck->ols_state >= OLS_UPCALL_RECEIVED,1,0,1
addr & (PAGE_SIZE-1),1,0,1
conf->barrier <= 0,1,0,1
"(int)sizeof(((struct mdt_rec_reint *)0)->rr_mtime) == 8, ""found %lld\n"", (long long)(int)sizeof(((struct mdt_rec_reint *)0)->rr_mtime)",1,0,1
"(int)sizeof(((struct changelog_setinfo *)0)->cs_recno) == 8, ""found %lld\n"", (long long)(int)sizeof(((struct changelog_setinfo *)0)->cs_recno)",1,0,1
length > NFS4_FHSIZE,1,0,1
&engine->dev->struct_mutex,1,0,1
vol->eba_tbl[lnum] == from,1,0,1
!timeout,1,0,1
"!test_bit(__I40E_SERVICE_SCHED, &pf->state)",1,0,1
sizeof(struct b43_iv) != 6,1,0,1
mddev->major_version >= ARRAY_SIZE(super_types),1,0,1
lsn != 0,1,0,1
!vol->attrdef,1,0,1
!gc_item,1,0,1
FIEMAP_EXTENT_LAST == 0x00000001,1,0,1
"(int)offsetof(struct llog_catid, lci_logid) == 0, ""found %lld\n"", (long long)(int)offsetof(struct llog_catid, lci_logid)",1,0,1
"(int)offsetof(struct mdt_rec_link, lk_bias) == 112, ""found %lld\n"", (long long)(int)offsetof(struct mdt_rec_link, lk_bias)",1,0,1
count != COUNT_CONTINUED,1,0,1
ret == LEB_RETAINED,1,0,1
!list_empty(&req->rq_timed_list),1,0,1
1 + ilog2(TASK_REPORT) != ARRAY_SIZE(task_state_array)-1,1,0,1
!pcm_channel->active || ins->npcm_channels <= 0 || pcm_channel->src_scb->ref_count <= 0,1,0,1
(tp->t_fdblocks_delta + tp->t_res_fdblocks_delta) == (tp->t_ag_freeblks_delta + tp->t_ag_flist_delta + tp->t_ag_btree_delta),1,0,1
!list_empty(&dc->queue),1,0,1
limit >= FIXADDR_TOP,1,0,1
log,1,0,1
ols->ols_state == OLS_NEW || ols->ols_state == OLS_UPCALL_RECEIVED,1,0,1
"(int)offsetof(struct lu_seq_range, lsr_start) == 0, ""found %lld\n"", (long long)(int)offsetof(struct lu_seq_range, lsr_start)",1,0,1
CCP_SHA_KSB_COUNT != 1,1,0,1
!spin_is_locked(&mac->lock),1,0,1
!buffer_async_write(bh),1,0,1
"OBD_MD_FLCKSPLIT == (0x0000080000000000ULL), ""found 0x%.16llxULL\n"", OBD_MD_FLCKSPLIT",1,0,1
olg != LP_POISON,1,0,1
req->rq_reply_off + req->rq_nob_received <= req->rq_repbuf_len,1,0,1
"(int)sizeof(struct idx_info) == 80, ""found %lld\n"", (long long)(int)sizeof(struct idx_info)",1,0,1
lock->count <= 0,1,0,1
rb->rf_records.rl_used,1,0,1
inlen > MCDI_CTL_SDU_LEN_MAX_V2,1,0,1
priv->chip->num_supply_names > TAS571X_MAX_SUPPLIES,1,0,1
mlc->opacket & HIL_CTRL_APE,1,0,1
ce->e_index_hash_p == head,1,0,1
"MSG_GEN_FLAG_MASK == 0x0000ffffUL, ""found 0x%.8xUL\n"", (unsigned)MSG_GEN_FLAG_MASK",1,0,1
"(unsigned long) ticket & 7UL, ==, 0",1,0,1
(unsigned long)(p1) % (2 * sizeof(long)),1,0,1
max_bhs > MAX_BUF_PER_PAGE,1,0,1
(index+2) >= BCM2048_MAX_RDS_RT,1,0,1
desc->pd_ops->op_req_dequeue != NULL,1,0,1
xd->flags & (JFFS2_XFLAGS_DEAD|JFFS2_XFLAGS_INVALID),1,0,1
imm & ~(SZ_64K - 1),1,0,1
"(int)sizeof(((struct mdt_rec_setattr *)0)->sa_gid) == 4, ""found %lld\n"", (long long)(int)sizeof(((struct mdt_rec_setattr *)0)->sa_gid)",1,0,1
proc_fops == NULL,1,0,1
"(int)sizeof(((struct mdt_body *)0)->fsgid) == 4, ""found %lld\n"", (long long)(int)sizeof(((struct mdt_body *)0)->fsgid)",1,0,1
"(int)sizeof(((struct obd_connect_data *)0)->paddingF) == 8, ""found %lld\n"", (long long)(int)sizeof(((struct obd_connect_data *)0)->paddingF)",1,0,1
new_start > new_end,1,0,1
!ceph_msg_cache,1,0,1
IS_ERR_OR_NULL(bh),1,0,1
"(int)offsetof(struct llog_log_hdr, llh_timestamp) == 16, ""found %lld\n"", (long long)(int)offsetof(struct llog_log_hdr, llh_timestamp)",1,0,1
(len % field->rmf_size) == 0,1,0,1
ARRAY_SIZE(bft) != 8,1,0,1
"(int)offsetof(struct llog_cookie, lgc_lgl) == 0, ""found %lld\n"", (long long)(int)offsetof(struct llog_cookie, lgc_lgl)",1,0,1
mem_cgroup_is_root(sk->sk_cgrp->memcg),1,0,1
gap_end < info->low_limit,1,0,1
atomic_read(&req->rq_refcount) > 0,1,0,1
root->sectorsize == PAGE_SIZE,1,0,1
(((perms) >> 6) & 2) < (((perms) >> 3) & 2),1,0,1
!mapping->nrshadows,1,0,1
!(journal->j_flags & JBD2_LOADED),1,0,1
FORMAT_TYPE_UBYTE + SIGN != FORMAT_TYPE_BYTE,1,0,1
atomic_read(&entry->se_refcount) > 0,1,0,1
ndata->state != DLM_RECO_NODE_DATA_INIT,1,0,1
vma == NULL,1,0,1
diagp != NULL,1,0,1
B43_TAB_NOISESCALE_SIZE != ARRAY_SIZE(b43_tab_noisescaleg3),1,0,1
"OBD_MD_FLGRPQUOTA == (0x40000000ULL), ""found 0x%.16llxULL\n"", OBD_MD_FLGRPQUOTA",1,0,1
"sizeof(((struct hsm_user_import *)0)->hui_mode) == 4, ""found %lld\n"", (long long)sizeof(((struct hsm_user_import *)0)->hui_mode)",1,0,1
pageoffset >= 0,1,0,1
"ergo(ext->oe_start >= trunc_index + !!partial, ext->oe_nr_pages == 0), ext, ""trunc_index %lu, partial %d\n"", trunc_index, partial",1,0,1
nn->rec_file,1,0,1
!pn_port(pn_sk(sock->sk)->sobject),1,0,1
block_ctx->pagev,1,0,1
old_state >= STATES,1,0,1
"mm, addr",1,0,1
"LUDA_FID == 0x00000001UL, ""found 0x%.8xUL\n"", (unsigned)LUDA_FID",1,0,1
!mp_ops,1,0,1
e->refcnt != 0,1,0,1
"dlm, res, nodemap, flags",1,0,1
!number,1,0,1
!LUSTRE_FPRIVATE(file),1,0,1
lockres->l_type != OCFS2_LOCK_TYPE_DENTRY,1,0,1
!c->ltab[i].tgc,1,0,1
page_count <= max_pages,1,0,1
"(int)offsetof(struct idx_info, ii_flags) == 4, ""found %lld\n"", (long long)(int)offsetof(struct idx_info, ii_flags)",1,0,1
(((unsigned long)buf) % SNIC_SG_DESC_ALIGN) != 0,1,0,1
crpc->crp_posted,1,0,1
!pages[0],1,0,1
idx_ni->nr_extents != -1,1,0,1
new_mode < 1 || new_mode > 4 || new_mode == 3,1,0,1
"(int)sizeof(((struct mdt_body *)0)->fid2) == 16, ""found %lld\n"", (long long)(int)sizeof(((struct mdt_body *)0)->fid2)",1,0,1
xfs_lockdep_subclass_ok(subclass),1,0,1
(buf->len - offset) % blocksize,1,0,1
info->access,1,0,1
!stat,1,0,1
ident != TAG_IDENT_LVD,1,0,1
"(int)offsetof(struct ptlrpc_body_v3, pb_pre_versions) == 88, ""found %lld\n"", (long long)(int)offsetof(struct ptlrpc_body_v3, pb_pre_versions)",1,0,1
!msynth->output_rfile.output,1,0,1
found_extent || extent_slot != path->slots[0],1,0,1
in_f->ilf_size <= 4,1,0,1
"htab_bolt_mapping(tce_alloc_start, tce_alloc_end, __pa(tce_alloc_start), prot, mmu_linear_psize, mmu_kernel_ssize)",1,0,1
len % btt->sector_size,1,0,1
dlm->dlm_state == DLM_CTXT_JOINED,1,0,1
"(int)sizeof(((struct lmv_stripe_md *)0)->mea_magic) == 4, ""found %lld\n"", (long long)(int)sizeof(((struct lmv_stripe_md *)0)->mea_magic)",1,0,1
req->r_op != CEPH_MDS_OP_SETFILELOCK,1,0,1
i != argc + 1,1,0,1
lock->count < 0,1,0,1
list_empty(&cell->link),1,0,1
rqi->list.next == NULL,1,0,1
locked,1,0,1
p < xdr->p || p > xdr->end,1,0,1
!table_group,1,0,1
ti->ti_count > 0,1,0,1
nr > 0,1,0,1
"OBD_MD_FLEPOCH == (0x04000000ULL), ""found 0x%.16llxULL\n"", OBD_MD_FLEPOCH",1,0,1
 FW_CDEV_ISO_CONTEXT_MATCH_TAG0 != FW_ISO_CONTEXT_MATCH_TAG0 || FW_CDEV_ISO_CONTEXT_MATCH_TAG1 != FW_ISO_CONTEXT_MATCH_TAG1 || FW_CDEV_ISO_CONTEXT_MATCH_TAG2 != FW_ISO_CONTEXT_MATCH_TAG2 || FW_CDEV_ISO_CONTEXT_MATCH_TAG3 != FW_ISO_CONTEXT_MATCH_TAG3 || FW_CDEV_ISO_CONTEXT_MATCH_ALL_TAGS != FW_ISO_CONTEXT_MATCH_ALL_TAGS,1,0,1
cxl_calls->owner != calls->owner,1,0,1
!kobj || (!update && !kobj->sd),1,0,1
p->dev.interrupt_id != 0,1,0,1
waitqueue_active(&ctx->fd_wqh),1,0,1
debugfs_info.vchiq_cfg_dir == NULL,1,0,1
"(int)sizeof(struct obd_quotactl) == 112, ""found %lld\n"", (long long)(int)sizeof(struct obd_quotactl)",1,0,1
"(int)sizeof(((struct quota_body *)0)->qb_count) == 8, ""found %lld\n"", (long long)(int)sizeof(((struct quota_body *)0)->qb_count)",1,0,1
entry->se_handle != 0,1,0,1
phy->frm_layer->id == param.phyid,1,0,1
_COMPAT_NSIG_WORDS != 2,1,0,1
(u_long)p != (u_long)&scrh->tryloop + sizeof (scrh->tryloop),1,0,1
ccc_inode_fini_env != NULL,1,0,1
conn->security != NULL,1,0,1
obj_request->xferred < (u64)INT_MAX,1,0,1
"atomic_read(a) > v, ""value: %d\n"", atomic_read((a))",1,0,1
"tracer, waitpid(tracer, &status, 0)",1,0,1
*stats_ret == NULL,1,0,1
!percpu_count,1,0,1
nr_items > 0,1,0,1
cpu >= 4,1,0,1
atomic_read(&req->rq_refcount) == 0,1,0,1
"!page || !PageHead(page), page",1,0,1
(colour_set[i]>>24 & 0xff) != 0xff,1,0,1
"""wrong comm"", thread_map__comm(map, 0) && !strcmp(thread_map__comm(map, 0), ""dummy"")",1,0,1
"sizeof(struct snrm_frame) == 11, ;",1,0,1
(item->ri_buf[0].i_len == (sizeof(xfs_efd_log_format_32_t) + ((efd_formatp->efd_nextents - 1) * sizeof(xfs_extent_32_t)))) || (item->ri_buf[0].i_len == (sizeof(xfs_efd_log_format_64_t) + ((efd_formatp->efd_nextents - 1) * sizeof(xfs_extent_64_t)))),1,0,1
usec < 0,1,0,1
"(int)sizeof(((struct lov_desc *)0)->ld_padding_0) == 4, ""found %lld\n"", (long long)(int)sizeof(((struct lov_desc *)0)->ld_padding_0)",1,0,1
!io_end,1,0,1
bitno < 32,1,0,1
policy != NULL,1,0,1
"(int)sizeof(((struct ptlrpc_body_v3 *)0)->pb_conn_cnt) == 4, ""found %lld\n"", (long long)(int)sizeof(((struct ptlrpc_body_v3 *)0)->pb_conn_cnt)",1,0,1
"check_sysreg_table(cp15_regs, ARRAY_SIZE(cp15_regs))",1,0,1
stream == NULL,1,0,1
"(int)offsetof(struct obd_connect_data, ocd_blocksize) == 32, ""found %lld\n"", (long long)(int)offsetof(struct obd_connect_data, ocd_blocksize)",1,0,1
!ref_obsolete(jeb->last_node),1,0,1
RB > CARL9170_MAX_CMD_LEN - 4,1,0,1
efx->state == STATE_READY,1,0,1
"(int)sizeof(struct niobuf_remote) == 16, ""found %lld\n"", (long long)(int)sizeof(struct niobuf_remote)",1,0,1
req->data_growth >= 0,1,0,1
s % dev->limits.mtt_seg_size,1,0,1
cnode,1,0,1
extent_map_in_tree(cur),1,0,1
which >= req->r_num_ops,1,0,1
"FIELD_SIZEOF(STRUCT, FIELD) != sizeof(void *)",1,0,1
ch->sess == NULL,1,0,1
"(int)offsetof(struct mdt_rec_setattr, sa_mtime) == 88, ""found %lld\n"", (long long)(int)offsetof(struct mdt_rec_setattr, sa_mtime)",1,0,1
512 != sizeof (struct sysv4_super_block),1,0,1
pill->rc_fmt == NULL || pill->rc_fmt == fmt,1,0,1
value == NULL,1,0,1
"(int)sizeof(((struct obd_ioobj *)0)->ioo_max_brw) == 4, ""found %lld\n"", (long long)(int)sizeof(((struct obd_ioobj *)0)->ioo_max_brw)",1,0,1
!dev->read,1,0,1
lck->lls_sub[link->lll_idx].sub_lock == sub,1,0,1
"(int)sizeof(((struct llogd_conn_body *)0)->lgdc_ctxt_idx) == 4, ""found %lld\n"", (long long)(int)sizeof(((struct llogd_conn_body *)0)->lgdc_ctxt_idx)",1,0,1
"self->magic == LMP_LSAP_MAGIC, return -EINVAL; ",1,0,1
sizeof(bool) != sizeof(u8),1,0,1
&sdata->local->sta_mtx,1,0,1
length < 0,1,0,1
err <= 0 || err >= 256,1,0,1
flags & MF_ACTION_REQUIRED,1,0,1
msg->number != put - remote_nentries,1,0,1
copy_size > alloc_size,1,0,1
(unsigned long)ptr & (len - 1),1,0,1
num_scan_bblks <= INT_MAX,1,0,1
"faulted_in_anon_vma, new_vma",1,0,1
len > MAX_INLINE_EXTENT_BUFFER_SIZE,1,0,1
list_empty(&vhost->free),1,0,1
"(int)offsetof(struct niobuf_remote, offset) == 0, ""found %lld\n"", (long long)(int)offsetof(struct niobuf_remote, offset)",1,0,1
!irt,1,0,1
segment_offset >= segment_len,1,0,1
rw == bio->bi_rw,1,0,1
incore != NULL,1,0,1
ARRAY_SIZE(minstrel_mcs_groups) != MINSTREL_GROUPS_NB,1,0,1
&mvmsta->lock,1,0,1
sv->sv_id == SRPC_SERVICE_TEST,1,0,1
"Q_GETOINFO == 0x800102, ""found 0x%.8x\n"", Q_GETOINFO",1,0,1
osb->osb_resv_level != 0,1,0,1
1024 != sizeof (struct xenix_super_block),1,0,1
SCU_MAX_UNSOLICITED_FRAMES <= 8,1,0,1
"SEQ_LAST_OPC == 701, ""found %lld\n"", (long long)SEQ_LAST_OPC",1,0,1
!task || !name || size < 2,1,0,1
!atomic_read(&fs_info->mutually_exclusive_operation_running),1,0,1
obd_type != NULL,1,0,1
buf_size == 0,1,0,1
!*length,1,0,1
"(int)sizeof(((struct mdt_rec_link *)0)->lk_padding_8) == 4, ""found %lld\n"", (long long)(int)sizeof(((struct mdt_rec_link *)0)->lk_padding_8)",1,0,1
ctx->cc_ops->unseal,1,0,1
P4_PEBS_METRIC__max > P4_PEBS_CONFIG_METRIC_MASK,1,0,1
ip->i_itemp == NULL,1,0,1
"(int)sizeof(((struct hsm_user_state *)0)->hus_in_progress_location) == 16, ""found %lld\n"", (long long)(int)sizeof(((struct hsm_user_state *)0)->hus_in_progress_location)",1,0,1
err < 2 || buf[1] == (char)(i + 1),1,0,1
atomic_read(&ext->oe_users) == 0,1,0,1
"(int)offsetof(struct ptlrpc_body_v3, pb_conn_cnt) == (int)offsetof(struct ptlrpc_body_v2, pb_conn_cnt), ""%d != %d\n"", (int)offsetof(struct ptlrpc_body_v3, pb_conn_cnt), (int)offsetof(struct ptlrpc_body_v2, pb_conn_cnt)",1,0,1
!(pe->flags & (PNV_IODA_PE_BUS | PNV_IODA_PE_BUS_ALL)),1,0,1
"(int)offsetof(struct ll_user_fiemap, fm_start) == 0, ""found %lld\n"", (long long)(int)offsetof(struct ll_user_fiemap, fm_start)",1,0,1
vma->vm_start > haddr || vma->vm_end < haddr + HPAGE_PMD_SIZE,1,0,1
shift > le32_to_cpu(right->header.max_entries),1,0,1
"(int)sizeof(((struct mdt_rec_setxattr *)0)->sx_suppgid1_h) == 4, ""found %lld\n"", (long long)(int)sizeof(((struct mdt_rec_setxattr *)0)->sx_suppgid1_h)",1,0,1
!mutex_trylock(&inode->i_mutex),1,0,1
td_chan->ongoing,1,0,1
tmp & 0xffffff0000000ffcULL,1,0,1
!(gif_set(svm)),1,0,1
list_is_singular(&cur->upper),1,0,1
tbl == netns_core_table,1,0,1
queue->process != queue->remote_insert,1,0,1
"(int)sizeof(((struct ll_user_fiemap *)0)->fm_reserved) == 4, ""found %lld\n"", (long long)(int)sizeof(((struct ll_user_fiemap *)0)->fm_reserved)",1,0,1
&b->c->bucket_lock,1,0,1
(skmsg->id & SKD_ID_INCR) != 0,1,0,1
current->thread.int_depth != 1,1,0,1
!priv->exit_deep_sleep,1,0,1
"(pHalData != NULL), (""pHalData should not be NULL\n"")",1,0,1
"(int)sizeof(((struct llog_logid_rec *)0)->lid_tail) == 8, ""found %lld\n"", (long long)(int)sizeof(((struct llog_logid_rec *)0)->lid_tail)",1,0,1
"atomic_read(a) >= v, ""value: %d\n"", atomic_read((a))",1,0,1
"atomic_read(&local->usage), >, 0",1,0,1
lli->lli_posix_acl == NULL,1,0,1
"offset > 0, ""%s:%s, off=%d, loc=%d\n"", pill->rc_fmt->rf_name, field->rmf_name, offset, loc",1,0,1
"atomic_read(&cookie->n_active), >, 0",1,0,1
res->migration_pending,1,0,1
"page->mem_cgroup, page",1,0,1
(fwreq->hdr.type > SNIC_RSP_BOOT_LUNS_CMPL) && (fwreq->hdr.type < SNIC_MSG_ASYNC_EVNOTIFY),1,0,1
!uv_hub_nmi_list[nid],1,0,1
riov.used == RINGSIZE,1,0,1
"(int)offsetof(struct layout_intent, li_opc) == 0, ""found %lld\n"", (long long)(int)offsetof(struct layout_intent, li_opc)",1,0,1
len < e->header.size,1,0,1
!trylock_page(page),1,0,1
BTRFS_I(inode)->outstanding_extents >= num_extents,1,0,1
"!__same_type(srp_cmd->add_data[0], (s8)0) && !__same_type(srp_cmd->add_data[0], (u8)0)",1,0,1
new_length < 0,1,0,1
entries == dir_u->entry_count,1,0,1
idx >= (ioc->pdir_size / sizeof(u64)),1,0,1
sched->ibs_nthreads <= sched->ibs_nthreads_max,1,0,1
sizeof(lum.lmm_objects[0]) == sizeof(lumk->lmm_objects[0]),1,0,1
__rds_iw_ring_used(ring),1,0,1
"(int)sizeof(((struct mdt_body *)0)->padding_6) == 8, ""found %lld\n"", (long long)(int)sizeof(((struct mdt_body *)0)->padding_6)",1,0,1
on_dl_rq(dl_se),1,0,1
sizeof(cdev->keycode) < sizeof(keycode_maschine),1,0,1
"(int)offsetof(struct hsm_request, hr_archive_id) == 4, ""found %lld\n"", (long long)(int)offsetof(struct hsm_request, hr_archive_id)",1,0,1
memblock.memory.cnt != 1,1,0,1
sizeof(*vendor) != sizeof(efi_data(op).u.get_next_variable_name.vendor_guid),1,0,1
"LUSTRE_MSG_MAGIC_V2_SWABBED == 0xD30BD00B, ""found 0x%.8x\n"", LUSTRE_MSG_MAGIC_V2_SWABBED",1,0,1
i == 2,1,0,1
"(int)sizeof(((struct obdo *)0)->o_lcookie) == 32, ""found %lld\n"", (long long)(int)sizeof(((struct obdo *)0)->o_lcookie)",1,0,1
!RB_EMPTY_ROOT(&c->buffer_tree),1,0,1
ret != len,1,0,1
sizeof(struct ipc64_perm) != 48,1,0,1
(entropylen * 2) > sizeof(entropy),1,0,1
scan != NULL,1,0,1
wi->wi_scheduled,1,0,1
sizeof(*request_buffer) > 4096,1,0,1
list_empty(&cli->cl_lru_osc),1,0,1
count16 * sizeof(u16) > sizeof(v16),1,0,1
!(ch->flags & XPC_C_ROPENREPLY),1,0,1
current->thread.tile_dma_state.enabled,1,0,1
tail_cycle == (head_cycle - 1),1,0,1
void *context,1,0,1
"LUSTRE_MDS_VERSION == 0x00020000, ""found 0x%.8x\n"", LUSTRE_MDS_VERSION",1,0,1
align_alen <= MAXEXTLEN,1,0,1
lsl->lss_cl.cls_lock->cll_state < CLS_FREEING,1,0,1
scb->parent_scb_ptr->next_scb_ptr != ins->the_null_scb,1,0,1
"offset < LUSTRE_MAX_OPCODES, ""offset %u >= LUSTRE_MAX_OPCODES %u\n"", offset, LUSTRE_MAX_OPCODES",1,0,1
*lsmp == NULL,1,0,1
page_mapping(page) != mapping,1,0,1
sizeof(struct nvme_nvm_hb_rw) != 64,1,0,1
obj->last_write_req == NULL,1,0,1
mutex_is_locked(&ld->ld_mutex),1,0,1
PAGE_CACHE_SIZE < (1 << (sizeof(unsigned short) * 8)),1,0,1
"(int)offsetof(struct obd_connect_data, paddingE) == 176, ""found %lld\n"", (long long)(int)offsetof(struct obd_connect_data, paddingE)",1,0,1
i2400m->bus_tx_block_size == 0,1,0,1
map_start < em->start || map_start >= extent_map_end(em),1,0,1
mob->pt_level == VMW_MOBFMT_PTDEPTH_2,1,0,1
efx_siena_sriov_enabled(efx) && nic_data->vf_buftbl_base < efx->next_buffer_table,1,0,1
substream->stream != SNDRV_PCM_STREAM_CAPTURE,1,0,1
monitor->op,1,0,1
"(int)offsetof(struct mdt_rec_link, lk_fsgid_h) == 20, ""found %lld\n"", (long long)(int)offsetof(struct mdt_rec_link, lk_fsgid_h)",1,0,1
"(int)offsetof(struct lustre_mdt_attrs, lma_compat) == 0, ""found %lld\n"", (long long)(int)offsetof(struct lustre_mdt_attrs, lma_compat)",1,0,1
!r->region_ops->create,1,0,1
olck != NULL,1,0,1
i == num_used,1,0,1
!per_cvt->assigned,1,0,1
page_count <= LLOOP_MAX_SEGMENTS,1,0,1
"MDS_OPEN_SYNC == 000000010000UL, ""found 0%.11oUL\n"", MDS_OPEN_SYNC",1,0,1
!list_empty(&schan->completed),1,0,1
blocks == 0 && revokes == 0,1,0,1
"OBD_MD_REINT == (0x0000000200000000ULL), ""found 0x%.16llxULL\n"", OBD_MD_REINT",1,0,1
"(int)offsetof(struct lmv_stripe_md, mea_magic) == 0, ""found %lld\n"", (long long)(int)offsetof(struct lmv_stripe_md, mea_magic)",1,0,1
NPE_CTX_LEN < HMAC_PAD_BLOCKLEN,1,0,1
time_seq,1,0,1
tmp->addr < vm->addr + vm->size,1,0,1
devmap->device != NULL,1,0,1
"waitpid(pid[i], &status, 0) == pid[i]",1,0,1
(max_pages & ~chunk_mask) == 0,1,0,1
ria != NULL,1,0,1
id >= CLUSTER_IDS,1,0,1
type == BULK_PUT_SINK || type == BULK_GET_SOURCE,1,0,1
"(int)sizeof(((struct mdt_rec_unlink *)0)->ul_suppgid1) == 4, ""found %lld\n"", (long long)(int)sizeof(((struct mdt_rec_unlink *)0)->ul_suppgid1)",1,0,1
" offsetof(struct compat_ethtool_rxnfc, fs.location) - offsetof(struct compat_ethtool_rxnfc, fs.ring_cookie) != offsetof(struct ethtool_rxnfc, fs.location) - offsetof(struct ethtool_rxnfc, fs.ring_cookie)",1,0,1
ac->ac_b_ex.fe_len <= 0,1,0,1
bh->b_private,1,0,1
list_empty(&rx_mod->rx_free_q),1,0,1
"(int)offsetof(struct ost_lvb, lvb_padding) == 52, ""found %lld\n"", (long long)(int)offsetof(struct ost_lvb, lvb_padding)",1,0,1
FIEMAP_EXTENT_DATA_ENCRYPTED == 0x00000080,1,0,1
(pages_mapped * IOVP_SIZE) > DMA_CHUNK_SIZE,1,0,1
"""Invalid hist entry"", CPU(he) == 0 && PID(he) == 300 && !strcmp(COMM(he), ""bash"") && !strcmp(DSO(he), ""bash"") && !strcmp(SYM(he), ""xmalloc"") && he->stat.period == 100",1,0,1
diff != 0 && diff != 1,1,0,1
lli != NULL,1,0,1
rc_dev->rstc,1,0,1
tmp > noc,1,0,1
start != key.offset,1,0,1
bus->state != MDIOBUS_RELEASED && bus->state != MDIOBUS_ALLOCATED,1,0,1
"0, child_pid",1,0,1
"*hpage, *hpage",1,0,1
"device, !drbd_interval_empty(&peer_req->i)",1,0,1
node->data[index] == 0,1,0,1
len == i_size,1,0,1
!list_empty(&cc->migratepages),1,0,1
"irlmp->magic == LMP_MAGIC, return TRUE;",1,0,1
"device, drbd_md_ss(device->ldev) == device->ldev->md.md_offset",1,0,1
"(int)offsetof(struct ll_fiemap_extent, fe_flags) == 40, ""found %lld\n"", (long long)(int)offsetof(struct ll_fiemap_extent, fe_flags)",1,0,1
real_tag >= tags->nr_tags,1,0,1
ARRAY_SIZE(usb_queues_rx) != ARRAY_SIZE(usb_queues_tx),1,0,1
!(tlck->flag & tlckFREEPAGE),1,0,1
list_empty(&loghandle->u.phd.phd_entry),1,0,1
me->mm,1,0,1
shift == max_shift,1,0,1
"(int)sizeof(((struct lustre_capa *)0)->lc_fid) == 16, ""found %lld\n"", (long long)(int)sizeof(((struct lustre_capa *)0)->lc_fid)",1,0,1
(rc & LNET_MATCHMD_FINISH) != 0,1,0,1
"bitmap_empty(pnd->addrs, 64)",1,0,1
intr->type == VMXNET3_IT_AUTO || intr->num_intrs <= 0,1,0,1
!list_empty(&cc->freepages),1,0,1
&lock->spinlock,1,0,1
lli->lli_vfs_inode.i_mode != 0,1,0,1
"(int)offsetof(struct mdt_rec_rename, rn_fsuid) == 8, ""found %lld\n"", (long long)(int)offsetof(struct mdt_rec_rename, rn_fsuid)",1,0,1
LLOG_CATINFO == 507,1,0,1
pages & (PTRS_PER_PTE - 1),1,0,1
out_length != 0,1,0,1
"cl_lock_mode_match(d->cld_mode, parent_descr->cld_mode)",1,0,1
offset > 65536,1,0,1
sizeof(struct nd_pfn_sb) != SZ_4K,1,0,1
PGD_ENTRY_SIZE != sizeof(pgd_t),1,0,1
"(int)offsetof(struct mdt_rec_unlink, ul_padding_5) == 104, ""found %lld\n"", (long long)(int)offsetof(struct mdt_rec_unlink, ul_padding_5)",1,0,1
page->active == cachep->num,1,0,1
end < 0,1,0,1
MC_CMD_LINK_PIOBUF_OUT_LEN != 0,1,0,1
llck->index == 0,1,0,1
!p->dl.dl_boosted || flags != ENQUEUE_REPLENISH,1,0,1
type == AT_INDEX_ALLOCATION,1,0,1
!xfs_ioend_is_append(ioend),1,0,1
"(int)sizeof(((struct mdt_body *)0)->gid_h) == 4, ""found %lld\n"", (long long)(int)sizeof(((struct mdt_body *)0)->gid_h)",1,0,1
"srhi->srhi_seq == srhi->srhi_req->rq_history_seq, ""%s:%d: seek seq %llu, request seq %llu\n"", svcpt->scp_service->srv_name, svcpt->scp_cpt, srhi->srhi_seq, srhi->srhi_req->rq_history_seq",1,0,1
"offsetof(struct mld2_query, mld2q_srcs) % 4",1,0,1
object->dentry,1,0,1
cipsov4 == NULL,1,0,1
WL18XX_MAX_AP_STATIONS > WL18XX_MAX_LINKS,1,0,1
"LAYOUT_INTENT_WRITE == 2, ""found %lld\n"", (long long)LAYOUT_INTENT_WRITE",1,0,1
"(int)sizeof(((struct obd_connect_data *)0)->padding1) == 8, ""found %lld\n"", (long long)(int)sizeof(((struct obd_connect_data *)0)->padding1)",1,0,1
list_empty(&plane->head),1,0,1
root_level < 0 || root_level > BTRFS_MAX_LEVEL,1,0,1
pmd_present(*pmd) && pmd_pfn(*pmd) != pmd_pfn(*new_pmd),1,0,1
sub->cp_state == CPS_FREEING,1,0,1
bit < end_bit,1,0,1
LLOG_LAST_OPC == 510,1,0,1
"offsetof(struct vringh_kiov, i) != offsetof(struct vringh_iov, i)",1,0,1
LIP_MAGIC == 0x8A6D6B6C,1,0,1
!mpsoc_base,1,0,1
"(int)sizeof(((struct mdt_rec_setxattr *)0)->sx_padding_8) == 4, ""found %lld\n"", (long long)(int)sizeof(((struct mdt_rec_setxattr *)0)->sx_padding_8)",1,0,1
oldlen != 0,1,0,1
ichdr.firstused != 0,1,0,1
!session->tt->check_protection,1,0,1
g->p.nr_nodes > MAX_NR_NODES || g->p.nr_nodes < 0,1,0,1
(PAGE_SIZE % AMDGPU_GPU_PAGE_SIZE) != 0,1,0,1
imp->imp_invalid,1,0,1
!pmgr || !pmgr->dbgdev || !adw_info,1,0,1
(unsigned long)src & 0x1,1,0,1
idx > 3,1,0,1
"(int)sizeof(((struct idx_info *)0)->ii_hash_end) == 8, ""found %lld\n"", (long long)(int)sizeof(((struct idx_info *)0)->ii_hash_end)",1,0,1
"hard - call->acks_hard, <=, win",1,0,1
!req->rq_receiving_reply && !req->rq_reply_unlink,1,0,1
"(int)sizeof(((struct mdt_rec_create *)0)->cr_flags_h) == 4, ""found %lld\n"", (long long)(int)sizeof(((struct mdt_rec_create *)0)->cr_flags_h)",1,0,1
"(int)sizeof(((struct llog_changelog_user_rec *)0)->cur_endrec) == 8, ""found %lld\n"", (long long)(int)sizeof(((struct llog_changelog_user_rec *)0)->cur_endrec)",1,0,1
"MDS_OPEN_NEWSTRIPE == 00000000000200000000000ULL, ""found 0%.22lloULL\n"", (long long)MDS_OPEN_NEWSTRIPE",1,0,1
addr < XCHAL_KSEG_CACHED_VADDR || addr > XCHAL_KSEG_CACHED_VADDR + XCHAL_KSEG_SIZE - 1,1,0,1
host->align_addr & host->align_mask,1,0,1
!cpu_has_veic && !cpu_has_vint,1,0,1
a->cpuid >= (NCAPINTS + NBUGINTS) * 32,1,0,1
pixels_current == pixels_prev,1,0,1
param->len > NCI_MAX_PARAM_LEN,1,0,1
"offsetof(struct inet_timewait_sock, tw_v6_daddr) != offsetof(struct sock, sk_v6_daddr)",1,0,1
"curr->magic == LMP_LSAP_MAGIC, return;",1,0,1
(bytes & 3) != 0,1,0,1
"ergo(result == 0 && !(enqflags & CEF_AGL), lock->cll_state == CLS_ENQUEUED || lock->cll_state == CLS_HELD)",1,0,1
cle->ce_ref > 1,1,0,1
iop_desc_get_next_desc(old_chain_tail) != next_dma,1,0,1
lock->l_ast_data == NULL,1,0,1
!HAS_PCH_SPLIT(dev),1,0,1
!dbgdev || !dbgdev->kq || !packet_buff || !size_in_bytes,1,0,1
(__insn_mfspr(SPR_UDN_SP_STATE) & 0xF) != 0,1,0,1
FIXADDR_START + (__end_of_fixed_addresses * PAGE_SIZE) > FIXADDR_END,1,0,1
active_count >= eop_needed_count,1,0,1
class > 2,1,0,1
flex_gd->count > 1,1,0,1
ctxt->loc_logops == op,1,0,1
options == data,1,0,1
result_max > CEPH_PG_MAX_SIZE,1,0,1
"sizeof(((struct hsm_user_import *)0)->hui_atime) == 8, ""found %lld\n"", (long long)sizeof(((struct hsm_user_import *)0)->hui_atime)",1,0,1
"(int)offsetof(struct lov_mds_md_v1, lmm_magic) == 0, ""found %lld\n"", (long long)(int)offsetof(struct lov_mds_md_v1, lmm_magic)",1,0,1
!r_chip,1,0,1
d_inode(new_dentry->d_parent) != new_dir,1,0,1
"""Invalid hist entry"", !strcmp(DSO(he), ""[kernel]"") && !strcmp(SYM(he), ""page_fault"") && !strcmp(COMM(he), ""perf"") && he->stat.period == 100",1,0,1
"Q_GETOQUOTA == 0x800103, ""found 0x%.8x\n"", Q_GETOQUOTA",1,0,1
"skb_headroom(userdata) >= LMP_MAX_HEADER, return -1;",1,0,1
"(int)offsetof(struct obdo, o_gid) == 92, ""found %lld\n"", (long long)(int)offsetof(struct obdo, o_gid)",1,0,1
sizeof(p->vm_stat_diff[0]) != 1,1,0,1
"(int)offsetof(struct hsm_copy, hc_hai) == 16, ""found %lld\n"", (long long)(int)offsetof(struct hsm_copy, hc_hai)",1,0,1
md,1,0,1
UBIFS_TRUN_KEY > 5,1,0,1
rep->v0.route != NVDRM_NOTIFY_USIF,1,0,1
"!drbd_test_flag(mdev, BITMAP_IO)",1,0,1
"ergo(lock->ols_owner, lock->ols_owner == oio)",1,0,1
what,1,0,1
level < 0,1,0,1
mbm->mcurrent == NULL,1,0,1
!card || !device_data || !ops,1,0,1
osd_data->type == CEPH_OSD_DATA_TYPE_NONE,1,0,1
"device, !(req->rq_state & RQ_LOCAL_MASK)",1,0,1
usb_hcd->wireless == 0,1,0,1
!label,1,0,1
"(int)sizeof(((struct link_ea_header *)0)->padding1) == 4, ""found %lld\n"", (long long)(int)sizeof(((struct link_ea_header *)0)->padding1)",1,0,1
!hlist_unhashed(&object->cookie_link),1,0,1
lock->ml.convert_type == LKM_IVMODE,1,0,1
slave->mtd.erasesize == 0,1,0,1
f_curr->fce_range.lsr_end <= new_end,1,0,1
"pn != NULL, return NULL;",1,0,1
"(int)sizeof(((struct obdo *)0)->o_gid) == 4, ""found %lld\n"", (long long)(int)sizeof(((struct obdo *)0)->o_gid)",1,0,1
"(int)offsetof(struct mdt_rec_setattr, sa_fsuid_h) == 12, ""found %lld\n"", (long long)(int)offsetof(struct mdt_rec_setattr, sa_fsuid_h)",1,0,1
&policy->pol_nrs->nrs_lock,1,0,1
"&rs->rs_svc_ctx->sc_refcount, 1",1,0,1
atomic_read(&req->rq_refcount),1,0,1
"ptr_stale(dc->disk.c, &w->key, 0)",1,0,1
(sizeof(ioctl_names)/sizeof(ioctl_names[0])) == (VCHIQ_IOC_MAX + 1),1,0,1
start < p->buf,1,0,1
"(int)offsetof(struct mdt_rec_link, lk_padding_3) == 96, ""found %lld\n"", (long long)(int)offsetof(struct mdt_rec_link, lk_padding_3)",1,0,1
"(int)offsetof(struct link_ea_header, leh_reccount) == 4, ""found %lld\n"", (long long)(int)offsetof(struct link_ea_header, leh_reccount)",1,0,1
obj->userptr.work != NULL,1,0,1
phy_layer == phyinfo->phy_layer,1,0,1
src_oa->o_valid & OBD_MD_FLFLAGS && src_oa->o_flags & OBD_FL_RECREATE_OBJS,1,0,1
block >= (1 << (e4b->bd_blkbits + 3)),1,0,1
local_paca->irq_happened != 0,1,0,1
list_empty(&sai->sai_entries),1,0,1
"OBD_BRW_MEMALLOC == 0x800, ""found 0x%.8x\n"", OBD_BRW_MEMALLOC",1,0,1
"(int)sizeof(((struct mdt_remote_perm *)0)->rp_padding) == 4, ""found %lld\n"", (long long)(int)sizeof(((struct mdt_remote_perm *)0)->rp_padding)",1,0,1
"(int)sizeof(((struct lov_mds_md_v3 *)0)->lmm_objects[0]) == 24, ""found %lld\n"", (long long)(int)sizeof(((struct lov_mds_md_v3 *)0)->lmm_objects[0])",1,0,1
super->s_no_je >= MAX_JOURNAL_ENTRIES,1,0,1
"MSG_OP_FLAG_MASK == 0xffff0000UL, ""found 0x%.8xUL\n"", (unsigned)MSG_OP_FLAG_MASK",1,0,1
sizeof(struct wl18xx_mac_and_phy_params) > WL18XX_PHY_INIT_MEM_SIZE,1,0,1
"(int)sizeof(((struct mdt_remote_perm *)0)->rp_access_perm) == 4, ""found %lld\n"", (long long)(int)sizeof(((struct mdt_remote_perm *)0)->rp_access_perm)",1,0,1
"OBD_CONNECT_LVB_TYPE == 0x400000000000ULL, ""found 0x%.16llxULL\n"", OBD_CONNECT_LVB_TYPE",1,0,1
"sbi, new_nid",1,0,1
ns->ns_lvbo->lvbo_fill != NULL,1,0,1
(!local && !remote),1,0,1
"OBD_CONNECT_MAX_EASIZE == 0x800000000ULL, ""found 0x%.16llxULL\n"", OBD_CONNECT_MAX_EASIZE",1,0,1
cfqd->busy_queues,1,0,1
bd->offs,1,0,1
"(int)offsetof(struct hsm_request, hr_flags) == 8, ""found %lld\n"", (long long)(int)offsetof(struct hsm_request, hr_flags)",1,0,1
bp->b_fspriv == bip,1,0,1
"(int)sizeof(((struct mdt_rec_unlink *)0)->ul_padding_6) == 4, ""found %lld\n"", (long long)(int)sizeof(((struct mdt_rec_unlink *)0)->ul_padding_6)",1,0,1
"(int)sizeof(((struct obd_statfs *)0)->os_spare6) == 4, ""found %lld\n"", (long long)(int)sizeof(((struct obd_statfs *)0)->os_spare6)",1,0,1
policy->sp_cops->flush_ctx_cache,1,0,1
"target == (INB(np, nc_sdid) & 0x0f)",1,0,1
FIEMAP_EXTENT_NO_DIRECT == 0x40000000,1,0,1
"(int)offsetof(struct lov_desc, ld_uuid) == 48, ""found %lld\n"", (long long)(int)offsetof(struct lov_desc, ld_uuid)",1,0,1
!apic->apic_id_registered(),1,0,1
"atomic_read(&page->_count), page",1,0,1
"(sizeof(struct code_header) == 20), code_header_size",1,0,1
ioctx->n_rdma && !ioctx->rdma_ius,1,0,1
"sbi, ofs_of_node(dn.node_page) != ofs_of_node(page)",1,0,1
"list_empty(&ext->oe_link), ext",1,0,1
"xpage, ==, page",1,0,1
l2 == &old_cset->cgrp_links,1,0,1
NULL == dev_state,1,0,1
"(int)sizeof(((struct ldlm_extent *)0)->gid) == 8, ""found %lld\n"", (long long)(int)sizeof(((struct ldlm_extent *)0)->gid)",1,0,1
&vector_lock,1,0,1
"(int)sizeof(((struct llog_log_hdr *)0)->llh_tail) == 8, ""found %lld\n"", (long long)(int)sizeof(((struct llog_log_hdr *)0)->llh_tail)",1,0,1
"(int)sizeof(((struct ptlrpc_body_v3 *)0)->pb_slv) == 8, ""found %lld\n"", (long long)(int)sizeof(((struct ptlrpc_body_v3 *)0)->pb_slv)",1,0,1
OBD_CFG_REC == 274857984,1,0,1
"(int)offsetof(struct hsm_progress_kernel, hpk_extent) == 24, ""found %lld\n"", (long long)(int)offsetof(struct hsm_progress_kernel, hpk_extent)",1,0,1
"(int)sizeof(((struct mdt_rec_reint *)0)->rr_flags) == 4, ""found %lld\n"", (long long)(int)sizeof(((struct mdt_rec_reint *)0)->rr_flags)",1,0,1
"(int)sizeof(((struct mdt_rec_create *)0)->cr_mode) == 4, ""found %lld\n"", (long long)(int)sizeof(((struct mdt_rec_create *)0)->cr_mode)",1,0,1
"(int)sizeof(struct llog_changelog_user_rec) == 40, ""found %lld\n"", (long long)(int)sizeof(struct llog_changelog_user_rec)",1,0,1
"(int)sizeof(struct mdt_rec_unlink) == 136, ""found %lld\n"", (long long)(int)sizeof(struct mdt_rec_unlink)",1,0,1
cfqq->ref <= 0,1,0,1
"offsetof(typeof(*ocd), padding5) != 0",1,0,1
ctxt->c_contig_type == CONTIG_NONE,1,0,1
hash != sh->hash_lock_index,1,0,1
erst_disable,1,0,1
KEY_INODE(where) != KEY_INODE(k),1,0,1
"bkey_cmp(k, &b->key) > 0",1,0,1
"(int)offsetof(struct lquota_lvb, lvb_pad1) == 32, ""found %lld\n"", (long long)(int)offsetof(struct lquota_lvb, lvb_pad1)",1,0,1
!from->head_frag && !hlen,1,0,1
addr & ~PAGE_MASK,1,0,1
"(int)offsetof(struct mdt_rec_setxattr, sx_padding_9) == 124, ""found %lld\n"", (long long)(int)offsetof(struct mdt_rec_setxattr, sx_padding_9)",1,0,1
ret < 0 || ret == count || IS_DAX(VFS_I(ip)),1,0,1
request->rq_repmsg == NULL,1,0,1
"(int)sizeof(((struct ost_lvb_v1 *)0)->lvb_blocks) == 8, ""found %lld\n"", (long long)(int)sizeof(((struct ost_lvb_v1 *)0)->lvb_blocks)",1,0,1
"(int)offsetof(struct obd_dqblk, dqb_valid) == 64, ""found %lld\n"", (long long)(int)offsetof(struct obd_dqblk, dqb_valid)",1,0,1
lmv->tgts != NULL,1,0,1
EFX_MAX_CHANNELS + 1 >= EFX_VI_BASE,1,0,1
!map_bankwidth_supported((map)->bankwidth),1,0,1
"(int)sizeof(((struct mdt_rec_link *)0)->lk_suppgid1_h) == 4, ""found %lld\n"", (long long)(int)sizeof(((struct mdt_rec_link *)0)->lk_suppgid1_h)",1,0,1
dest_cpu == NO_PROC_ID,1,0,1
"tmp, ==, 256",1,0,1
!thread_msa_context_live(),1,0,1
"(int)sizeof(((struct mdt_rec_unlink *)0)->ul_fsuid) == 4, ""found %lld\n"", (long long)(int)sizeof(((struct mdt_rec_unlink *)0)->ul_fsuid)",1,0,1
address < page || address >= (ulong)_end,1,0,1
sizeof(cdev->keycode) < KONTROLX1_INPUTS,1,0,1
shift < PAGE_SHIFT,1,0,1
obj_request->type == OBJ_REQUEST_BIO || obj_request->type == OBJ_REQUEST_NODATA,1,0,1
iopte_flag != 0xf800000000000000UL,1,0,1
"self->magic == LMP_LSAP_MAGIC, goto outloop;",1,0,1
NL80211_MAX_NR_CIPHER_SUITES < 5,1,0,1
mod->mod_open_req->rq_replay == 0,1,0,1
!cache->active_nodes.rb_node,1,0,1
dma->right_slot != chip->src_right_play_slot,1,0,1
"sbi, ni->blk_addr != NULL_ADDR",1,0,1
"(int)offsetof(struct ldlm_request, lock_desc) == 8, ""found %lld\n"", (long long)(int)offsetof(struct ldlm_request, lock_desc)",1,0,1
32 != sizeof (struct minix_inode),1,0,1
"(int)sizeof(((struct obd_connect_data *)0)->padding7) == 8, ""found %lld\n"", (long long)(int)sizeof(((struct obd_connect_data *)0)->padding7)",1,0,1
"(int)offsetof(struct mdt_rec_unlink, ul_fsuid) == 8, ""found %lld\n"", (long long)(int)offsetof(struct mdt_rec_unlink, ul_fsuid)",1,0,1
"(int)offsetof(struct mdt_body, max_mdsize) == 156, ""found %lld\n"", (long long)(int)offsetof(struct mdt_body, max_mdsize)",1,0,1
buf > &__clear_page_end,1,0,1
"condition, msg, __compiletime_assert_, __LINE__",1,0,1
scb->parent_scb_ptr->sub_list_ptr != scb && scb->parent_scb_ptr->next_scb_ptr != scb,1,0,1
coalesced != filled,1,0,1
(subdevice_id & 0xfff0) != GINA20,1,0,1
"(int)sizeof(((struct llogd_body *)0)->lgd_llh_flags) == 4, ""found %lld\n"", (long long)(int)sizeof(((struct llogd_body *)0)->lgd_llh_flags)",1,0,1
"(int)offsetof(struct llog_log_hdr, llh_hdr) == 0, ""found %lld\n"", (long long)(int)offsetof(struct llog_log_hdr, llh_hdr)",1,0,1
lli->lli_mds_read_och != NULL,1,0,1
"__bpf_call_base(0, 0, 0, 0, 0) != 0",1,0,1
_ack == i2400m->bm_ack_buf,1,0,1
!vma->vm_region,1,0,1
commit_transaction->t_nr_buffers <= atomic_read(&commit_transaction->t_outstanding_credits),1,0,1
"ircomm != NULL, return NULL;",1,0,1
"(int)offsetof(struct mdt_body, max_cookiesize) == 160, ""found %lld\n"", (long long)(int)offsetof(struct mdt_body, max_cookiesize)",1,0,1
"test_bit(gts->ts_ctxnum, &gru->gs_context_map) == 0",1,0,1
list_empty(&c->old_buds),1,0,1
target,1,0,1
!system_wq || !system_highpri_wq || !system_long_wq || !system_unbound_wq || !system_freezable_wq || !system_power_efficient_wq || !system_freezable_power_efficient_wq,1,0,1
"""kern_memfd_basic"", MFD_DEF_SIZE, MFD_CLOEXEC",1,0,1
sizeof(*roq_data) > sizeof(skb->cb),1,0,1
"!in_range(map->m_lblk, ee_block, ee_len)",1,0,1
ext4_encrypted_inode(inode) && S_ISREG(inode->i_mode),1,0,1
sdp->sd_log_bio,1,0,1
"!virtio_has_feature(vblk->vdev, VIRTIO_BLK_F_CONFIG_WCE)",1,0,1
iic->regs == NULL,1,0,1
"(int)sizeof(((struct ost_lvb *)0)->lvb_ctime_ns) == 4, ""found %lld\n"", (long long)(int)sizeof(((struct ost_lvb *)0)->lvb_ctime_ns)",1,0,1
rqi->sge_va != 0,1,0,1
"device, list_empty(&device->unplug_work.list)",1,0,1
"(int)offsetof(struct cfg_marker, cm_canceltime) == 24, ""found %lld\n"", (long long)(int)offsetof(struct cfg_marker, cm_canceltime)",1,0,1
"FID_SEQ_OST_MDT0 == 0, ""found %lld\n"", (long long)FID_SEQ_OST_MDT0",1,0,1
"(int)offsetof(struct mdt_rec_setattr, sa_fsgid_h) == 20, ""found %lld\n"", (long long)(int)offsetof(struct mdt_rec_setattr, sa_fsgid_h)",1,0,1
"(int)offsetof(struct mdt_rec_create, cr_suppgid2_h) == 36, ""found %lld\n"", (long long)(int)offsetof(struct mdt_rec_create, cr_suppgid2_h)",1,0,1
"offsetof(struct inet_timewait_sock, tw_family) != offsetof(struct sock, sk_family)",1,0,1
"!test_bit(B_READING, &b->state)",1,0,1
"(int)sizeof(((struct lustre_capa *)0)->lc_gid) == 8, ""found %lld\n"", (long long)(int)sizeof(((struct lustre_capa *)0)->lc_gid)",1,0,1
CLM_WRITE < CLM_GROUP,1,0,1
meta_ac == NULL,1,0,1
"list_empty(&r->res_waitqueue), dlm_dump_rsb(r);",1,0,1
ncallbacks > 0,1,0,1
free == LPROPS_NC || free >= 0,1,0,1
SELFMAG != sizeof word,1,0,1
cmd->request->tag < 0,1,0,1
"(int)sizeof(((struct hsm_action_item *)0)->hai_gid) == 8, ""found %lld\n"", (long long)(int)sizeof(((struct hsm_action_item *)0)->hai_gid)",1,0,1
size < sizeof(*p),1,0,1
((r) & ISP1362_REG_WRITE_OFFSET) && !((r) & REG_ACCESS_W),1,0,1
"apic->cpu_mask_to_apicid_and(mask, d->domain, &d->cfg.dest_apicid)",1,0,1
offset < lseg->pls_range.offset,1,0,1
OBD_FL_NORPC == 0x00000008,1,0,1
owner < BTRFS_FIRST_FREE_OBJECTID && root_objectid == BTRFS_TREE_LOG_OBJECTID,1,0,1
pkmap_count[PKMAP_NR(vaddr)] < 1,1,0,1
param2 > MASK_FIRST_FIELD,1,0,1
!rv,1,0,1
adj_start < hole_start,1,0,1
next_extent < efdp->efd_format.efd_nextents,1,0,1
"(int)offsetof(struct hsm_copy, padding) == 12, ""found %lld\n"", (long long)(int)offsetof(struct hsm_copy, padding)",1,0,1
chip->ac97_sdin[codecs] >= 3,1,0,1
MDS_UNLINK64_REC == 275325956,1,0,1
"self->magic == IAS_MAGIC, return -1;",1,0,1
"(sched->pid_to_task = realloc(sched->pid_to_task, (pid + 1) * sizeof(struct task_desc *))) == NULL",1,0,1
!priv->enter_deep_sleep,1,0,1
"(int)sizeof(((struct obd_connect_data *)0)->paddingC) == 8, ""found %lld\n"", (long long)(int)sizeof(((struct obd_connect_data *)0)->paddingC)",1,0,1
clk_info->parents[0] == -1,1,0,1
atomic_read(&lov->lo_active_ios) > 0,1,0,1
plist_head_empty(head),1,0,1
!atlas7_clks[i],1,0,1
"(int)sizeof(((struct mgs_send_param *)0)->mgs_param[1024]) == 1, ""found %lld\n"", (long long)(int)sizeof(((struct mgs_send_param *)0)->mgs_param[1024])",1,0,1
ring->rd_num < NUM_PACKETS,1,0,1
mutex_is_locked(&ptlrpc_all_services_mutex),1,0,1
"(int)sizeof(((struct lov_mds_md_v3 *)0)->lmm_stripe_size) == 4, ""found %lld\n"", (long long)(int)sizeof(((struct lov_mds_md_v3 *)0)->lmm_stripe_size)",1,0,1
"!PageLocked(old), old",1,0,1
!PagePreLocked(page),1,0,1
ARRAY_SIZE(btrfs_unknown_feature_names[0]) != ARRAY_SIZE(btrfs_feature_attrs[0]),1,0,1
tp->t_ticket == NULL,1,0,1
"((offsetof(struct ncr_reg, nc_sxfer) ^ offsetof(struct tcb , sval )) &3) != 0",1,0,1
vma->vm_userfaultfd_ctx.ctx && vma->vm_userfaultfd_ctx.ctx != ctx,1,0,1
!ip->i_afp,1,0,1
!substream || !buf,1,0,1
"(int)sizeof(((struct mdt_rec_link *)0)->lk_bias) == 4, ""found %lld\n"", (long long)(int)sizeof(((struct mdt_rec_link *)0)->lk_bias)",1,0,1
"ergo(rc == 0, ext != NULL)",1,0,1
CARL9170_NUM_TX_LIMIT_HARD >= CARL9170_BAW_BITS,1,0,1
"LQUOTA_FL_EDQUOT == 1, ""found %lld\n"", (long long)LQUOTA_FL_EDQUOT",1,0,1
"!PageTail(page), page",1,0,1
lp->num_tagged,1,0,1
insert_index >= le16_to_cpu(el->l_count),1,0,1
"btrfs_file_extent_type(leaf, fi) != BTRFS_FILE_EXTENT_PREALLOC",1,0,1
vma->anon_vma,1,0,1
new_file_size != inode->i_size,1,0,1
"(int)sizeof(((struct mdt_body *)0)->aclsize) == 4, ""found %lld\n"", (long long)(int)sizeof(((struct mdt_body *)0)->aclsize)",1,0,1
t->num_targets >= t->num_allocated,1,0,1
dmaengine_ref_count < 0,1,0,1
" FIELD_SIZEOF(struct sk_buff, cb) < sizeof(struct skb_data)",1,0,1
"(int)offsetof(struct obd_connect_data, paddingF) == 184, ""found %lld\n"", (long long)(int)offsetof(struct obd_connect_data, paddingF)",1,0,1
i != DLM_GRANTED_LIST,1,0,1
lsmp,1,0,1
atomic_read(&ctxt->loc_refcount) < LI_POISON,1,0,1
count,1,0,1
"LUSTRE_OST_VERSION == 0x00030000, ""found 0x%.8x\n"", LUSTRE_OST_VERSION",1,0,1
&imx6_pcie->pp,1,0,1
"(int)offsetof(struct obdo, o_parent_ver) == 124, ""found %lld\n"", (long long)(int)offsetof(struct obdo, o_parent_ver)",1,0,1
slot > nritems,1,0,1
m->con != con,1,0,1
(bip->bli_flags & XFS_BLI_STALE) || (xfs_blft_from_flags(&bip->__bli_format) > XFS_BLFT_UNKNOWN_BUF && xfs_blft_from_flags(&bip->__bli_format) < XFS_BLFT_MAX_BUF),1,0,1
"(int)sizeof(((struct obd_dqblk *)0)->dqb_itime) == 8, ""found %lld\n"", (long long)(int)sizeof(((struct obd_dqblk *)0)->dqb_itime)",1,0,1
"(int)offsetof(struct cfg_marker, cm_padding) == 12, ""found %lld\n"", (long long)(int)offsetof(struct cfg_marker, cm_padding)",1,0,1
"sdp, !sdp->sd_log_blks_reserved",1,0,1
!pmgr,1,0,1
left_cpos == 0,1,0,1
DDE_BUFFER_SIZE_MULT % DDE_BUFFER_LAST_MULT,1,0,1
atomic_read(&fs_info->balance_running),1,0,1
eerb->head > eerb->buffersize,1,0,1
!obd_device_cachep,1,0,1
"(int)sizeof(((struct lmv_stripe_md *)0)->mea_padding) == 4, ""found %lld\n"", (long long)(int)sizeof(((struct lmv_stripe_md *)0)->mea_padding)",1,0,1
(flags & (XFS_BMAPI_PREALLOC | XFS_BMAPI_ZERO)) != (XFS_BMAPI_PREALLOC | XFS_BMAPI_ZERO),1,0,1
sizeof(uid) > sizeof(gss_msg->databuf),1,0,1
sizeof(struct io_accel2_cmd) % IOACCEL2_COMMANDLIST_ALIGNMENT,1,0,1
zero_page != NULL,1,0,1
*index >= NR_TLB_ENTRIES,1,0,1
group_pins - pmx->group_pins >= soc_data->ngroups * 4,1,0,1
resp->tr_logflags & XFS_TRANS_PERM_LOG_RES,1,0,1
smpboot_register_percpu_thread(&softirq_threads),1,0,1
host->n_msgs <= CARM_MAX_REQ,1,0,1
iref,1,0,1
sizeof(struct nvme_nvm_addr_format) != 128,1,0,1
substream->dma_buffer.dev.type == SNDRV_DMA_TYPE_UNKNOWN,1,0,1
hscale < 0,1,0,1
topology.coord.x != 0 || topology.coord.y != 0,1,0,1
"OBD_CONNECT_UMASK == 0x40000000000ULL, ""found 0x%.16llxULL\n"", OBD_CONNECT_UMASK",1,0,1
!crypto_is_larval(alg),1,0,1
child->kmemcg_id != kmemcg_id,1,0,1
!pfn_valid(pmd_val(pmd) >> PAGE_SHIFT),1,0,1
"(int)offsetof(struct llog_unlink_rec, lur_hdr) == 0, ""found %lld\n"", (long long)(int)offsetof(struct llog_unlink_rec, lur_hdr)",1,0,1
"test_bit(ATM_DF_REMOVED, &dev->flags)",1,0,1
IS_POW2(VCHIQ_MAX_SLOTS_PER_SIDE),1,0,1
pmode != 0,1,0,1
"OBD_MD_FLHANDLE == (0x00080000ULL), ""found 0x%.16llxULL\n"", OBD_MD_FLHANDLE",1,0,1
"(int)offsetof(struct mdt_rec_setxattr, sx_suppgid2) == 32, ""found %lld\n"", (long long)(int)offsetof(struct mdt_rec_setxattr, sx_suppgid2)",1,0,1
!cmndinfo,1,0,1
NR_PAGEBLOCK_BITS != 4,1,0,1
"(int)offsetof(struct obd_dqblk, dqb_isoftlimit) == 32, ""found %lld\n"", (long long)(int)offsetof(struct obd_dqblk, dqb_isoftlimit)",1,0,1
file == NULL,1,0,1
cur->oe_state == OES_CACHE,1,0,1
mem->ctor,1,0,1
snic_glob == NULL,1,0,1
"offsetof(struct hsm_user_import, hui_gid) == 36, ""found %lld\n"", (long long)offsetof(struct hsm_user_import, hui_gid)",1,0,1
lcc->lcc_cookie == current,1,0,1
"(int)offsetof(struct mdt_rec_reint, rr_atime) == 80, ""found %lld\n"", (long long)(int)offsetof(struct mdt_rec_reint, rr_atime)",1,0,1
!list_empty(&h->loh_layers),1,0,1
"lock->cll_state == CLS_ENQUEUED || lock->cll_state == CLS_HELD, ""Wrong state %d \n"", lock->cll_state",1,0,1
ARRAY_SIZE(mvm->fw_id_to_mac_id) != IWL_MVM_STATION_COUNT,1,0,1
plugin->dst_width <= 0,1,0,1
L2LOGPSIZE >= sb->s_blocksize_bits,1,0,1
"dm_io(&io_req, ms->nr_mirrors, io, NULL)",1,0,1
ubi_num == ubi->ubi_num,1,0,1
i_size_read(vol->mft_ino) > mft_ni->allocated_size,1,0,1
"""Invalid hist entry"", !strcmp(COMM(he), ""perf"") && !strcmp(DSO(he), ""perf"") && !strcmp(SYM(he), ""cmd_record"") && he->stat.period == 100",1,0,1
lov->lls_nr > 0,1,0,1
ac->ac_b_ex.fe_group != e4b->bd_group,1,0,1
TRACE_BUF_SIZE >= PAGE_SIZE,1,0,1
id_priv->cma_dev->device != id->device,1,0,1
"sizeof(((struct hsm_user_import *)0)->hui_archive_id) == 4, ""found %lld\n"", (long long)sizeof(((struct hsm_user_import *)0)->hui_archive_id)",1,0,1
dir != DMA_FROM_DEVICE,1,0,1
"buf, he->stat.period == expected[i].self && !strcmp(COMM(he), expected[i].comm) && !strcmp(DSO(he), expected[i].dso) && !strcmp(SYM(he), expected[i].sym)",1,0,1
hweight32(ALL_INOTIFY_BITS) != 21,1,0,1
"(int)offsetof(struct lustre_capa, lc_uid) == 24, ""found %lld\n"", (long long)(int)offsetof(struct lustre_capa, lc_uid)",1,0,1
"bp, storm, i",1,0,1
"bpf_get_next_key(map_fd, &next_key, &next_key) == 0 && (next_key == 1 || next_key == 2)",1,0,1
wakeups != (wakeups & VALID_WAKEUPS),1,0,1
block_size < 1 << SECTOR_SHIFT || (block_size & (block_size - 1)),1,0,1
FIEMAP_EXTENT_DELALLOC == 0x00000004,1,0,1
prev && prev->va_end > base + end,1,0,1
"(int)sizeof(((struct mdt_rec_setattr *)0)->sa_padding_1) == 4, ""found %lld\n"", (long long)(int)sizeof(((struct mdt_rec_setattr *)0)->sa_padding_1)",1,0,1
vol->eba_tbl[lnum] < 0,1,0,1
!list_empty(&lock->list),1,0,1
"(int)sizeof(((struct ptlrpc_body_v3 *)0)->pb_transno) == (int)sizeof(((struct ptlrpc_body_v2 *)0)->pb_transno), ""%d != %d\n"", (int)sizeof(((struct ptlrpc_body_v3 *)0)->pb_transno), (int)sizeof(((struct ptlrpc_body_v2 *)0)->pb_transno)",1,0,1
"dev_priv, pipe, PCH_HDMIB",1,0,1
"task->magic == IRDA_TASK_MAGIC, return -1;",1,0,1
!create_worker(pool),1,0,1
"MDS_ATTR_GID == 0x0000000000000004ULL, ""found 0x%.16llxULL\n"", (long long)MDS_ATTR_GID",1,0,1
"sizeof(lnet_magicversion_t) == offsetof(lnet_hdr_t, src_nid)",1,0,1
FIEMAP_EXTENT_ENCODED == 0x00000008,1,0,1
!list_empty(&bo->ddestroy),1,0,1
!(di->i_flags & cpu_to_le32(OCFS2_DIO_ORPHANED_FL)),1,0,1
dcplb_nr_bounds > ARRAY_SIZE(dcplb_bounds),1,0,1
written == len,1,0,1
__alignof__ *vq->used > VRING_USED_ALIGN_SIZE,1,0,1
!lli->lli_has_smd,1,0,1
"""Unmatched total period for thread filter"", hists->stats.total_non_filtered_period == 400",1,0,1
!hb_clk->reg,1,0,1
"sdp, sdp->sd_log_num_revoke",1,0,1
req->rq_phase == RQ_PHASE_BULK,1,0,1
notif_event & MSG_CANCEL_NOTIFY_MASK,1,0,1
dip->di_next_unlinked == cpu_to_be32(NULLAGINO),1,0,1
ret != SALRET_OK,1,0,1
desc->pd_compat != NULL,1,0,1
dsize >= count,1,0,1
"(int)sizeof(((struct idx_info *)0)->ii_attrs) == 4, ""found %lld\n"", (long long)(int)sizeof(((struct idx_info *)0)->ii_attrs)",1,0,1
flags & SLAB_POISON,1,0,1
state->buf_kern_offset - (match_size + off) + size_kern > state->buf_kern_len - pad,1,0,1
!sc->status_word,1,0,1
"fd, F_SEAL_SHRINK | F_SEAL_GROW | F_SEAL_WRITE | F_SEAL_SEAL",1,0,1
pmac_pic_host == NULL,1,0,1
npath->p_depth != path->p_depth,1,0,1
sizeof__a1pa > PAGE_SIZE,1,0,1
cap->session != session,1,0,1
!ocfs2_resv_empty(resv),1,0,1
"(int)sizeof(((struct mdt_rec_setxattr *)0)->sx_flags) == 4, ""found %lld\n"", (long long)(int)sizeof(((struct mdt_rec_setxattr *)0)->sx_flags)",1,0,1
bind_node_0 > bind_node_1,1,0,1
start != resv->r_start || old_end < end,1,0,1
!srcu.per_cpu_ref,1,0,1
"(int)offsetof(struct obd_connect_data, ocd_cksum_types) == 52, ""found %lld\n"", (long long)(int)offsetof(struct obd_connect_data, ocd_cksum_types)",1,0,1
"(int)offsetof(struct mdt_rec_setattr, sa_fsgid) == 16, ""found %lld\n"", (long long)(int)offsetof(struct mdt_rec_setattr, sa_fsgid)",1,0,1
sizeof(struct ubifs_ch) != 24,1,0,1
*md->md_eq->eq_refs[cpt] > 0,1,0,1
!cache->ops,1,0,1
root_nr == NR_SECTION_ROOTS,1,0,1
"!(test_bit(R5_UPTODATE, &sh->dev[pd_idx].flags) || test_bit(R5_Wantcompute, &sh->dev[pd_idx].flags))",1,0,1
"(int)sizeof(((struct lu_idxpage *)0)->lip_pad0) == 8, ""found %lld\n"", (long long)(int)sizeof(((struct lu_idxpage *)0)->lip_pad0)",1,0,1
entry->un_nid_count < NIDS_MAX,1,0,1
list_empty(&exp->exp_uncommitted_replies),1,0,1
req->rq_send_state == LUSTRE_IMP_REPLAY,1,0,1
written <= size,1,0,1
"(int)offsetof(struct llog_unlink64_rec, lur_padding3) == 48, ""found %lld\n"", (long long)(int)offsetof(struct llog_unlink64_rec, lur_padding3)",1,0,1
!list_empty(&inc->i_item),1,0,1
root_eb == NULL,1,0,1
"(int)offsetof(struct hsm_progress_kernel, hpk_errval) == 42, ""found %lld\n"", (long long)(int)offsetof(struct hsm_progress_kernel, hpk_errval)",1,0,1
"(int)offsetof(struct mdt_rec_setattr, sa_padding_4) == 128, ""found %lld\n"", (long long)(int)offsetof(struct mdt_rec_setattr, sa_padding_4)",1,0,1
"(int)offsetof(struct mdt_body, suppgid) == 144, ""found %lld\n"", (long long)(int)offsetof(struct mdt_body, suppgid)",1,0,1
"skb_store_bits(skb, offset, &csum, 2)",1,0,1
(unsigned long)asc_dvc->overrun_buf & 7,1,0,1
"skb_headroom(userdata) >= LMP_CONTROL_HEADER, return -1;",1,0,1
plsec->pls_ctx == NULL,1,0,1
qin->pl_nr > 0,1,0,1
!list_empty(&nrq->nr_u.fifo.fr_list),1,0,1
set,1,0,1
"0, kill(child_pid, SIGCONT)",1,0,1
PID_MAX_LIMIT >= PIDNS_HASH_ADDING,1,0,1
next_extent < efip->efi_format.efi_nextents,1,0,1
MAXQUOTAS > XQM_MAXQUOTAS,1,0,1
insn == 0,1,0,1
"!test_bit(RXRPC_CALL_HAS_USERID, &call->flags)",1,0,1
flags & ~RENAME_EXCHANGE,1,0,1
"device, IS_ALIGNED(bio->bi_iter.bi_size, 512)",1,0,1
info->ksi_nthreads > 0,1,0,1
"(int)sizeof(((struct ldlm_gl_lquota_desc *)0)->gl_id) == 16, ""found %lld\n"", (long long)(int)sizeof(((struct ldlm_gl_lquota_desc *)0)->gl_id)",1,0,1
new_size <= XFS_ISIZE(ip),1,0,1
"""Invalid hist entry"", !strcmp(DSO(he), ""bash"") && !strcmp(SYM(he), ""xmalloc"") && !strcmp(COMM(he), ""bash"") && he->stat.period == 100",1,0,1
OCFS2_MAX_CLUSTERSIZE > 1048576,1,0,1
is_over_subscription == NULL,1,0,1
!bqt,1,0,1
CONNLIMIT_LOCK_SLOTS > CONNLIMIT_SLOTS,1,0,1
"ext4_group_lock_ptr(sb, group)",1,0,1
snd_buf->len > snd_buf->buflen,1,0,1
"(int)offsetof(struct obd_dqblk, dqb_itime) == 56, ""found %lld\n"", (long long)(int)offsetof(struct obd_dqblk, dqb_itime)",1,0,1
OBD_FL_IDONLY == 0x00000010,1,0,1
!list_empty(&root->delalloc_root),1,0,1
c->ohead_offs + len <= c->leb_size,1,0,1
"LOV_PATTERN_RAID1 == 0x00000002UL, ""found 0x%.8xUL\n"", (unsigned)LOV_PATTERN_RAID1",1,0,1
!block_ctx->pagev,1,0,1
bio->bi_io_vec[i].bv_len != PAGE_CACHE_SIZE,1,0,1
"(int)offsetof(struct ll_fid, generation) == 8, ""found %lld\n"", (long long)(int)offsetof(struct ll_fid, generation)",1,0,1
req->rq_reply_state == NULL,1,0,1
"(int)sizeof(((struct mdt_rec_create *)0)->cr_opcode) == 4, ""found %lld\n"", (long long)(int)sizeof(((struct mdt_rec_create *)0)->cr_opcode)",1,0,1
"(int)offsetof(struct mdt_rec_unlink, ul_fid1) == 40, ""found %lld\n"", (long long)(int)offsetof(struct mdt_rec_unlink, ul_fid1)",1,0,1
*hpa & ~IOMMU_PAGE_MASK(tbl),1,0,1
"(int)offsetof(struct obdo, o_atime) == 48, ""found %lld\n"", (long long)(int)offsetof(struct obdo, o_atime)",1,0,1
resbuf->tail[0].iov_base >= resbuf->head[0].iov_base + PAGE_SIZE,1,0,1
strlen(name) >= sizeof(id.name),1,0,1
"(int)sizeof(((struct lu_seq_range *)0)->lsr_end) == 8, ""found %lld\n"", (long long)(int)sizeof(((struct lu_seq_range *)0)->lsr_end)",1,0,1
start > cpos,1,0,1
"(int)offsetof(struct lmv_stripe_md, mea_padding) == 12, ""found %lld\n"", (long long)(int)offsetof(struct lmv_stripe_md, mea_padding)",1,0,1
"(int)sizeof(((struct lustre_msg_v2 *)0)->lm_flags) == 4, ""found %lld\n"", (long long)(int)sizeof(((struct lustre_msg_v2 *)0)->lm_flags)",1,0,1
len == in_f->ilf_asize,1,0,1
set->set_oi != NULL,1,0,1
"fd2, O_RDONLY, 0",1,0,1
size == sizeof(struct ldlm_lock),1,0,1
(pos + size) & ~PAGE_CACHE_MASK,1,0,1
"(int)sizeof(((struct ll_fiemap_extent *)0)->fe_flags) == 4, ""found %lld\n"", (long long)(int)sizeof(((struct ll_fiemap_extent *)0)->fe_flags)",1,0,1
locking_max_version.pv_major != 0,1,0,1
CCN_HNF_PMU_EVENT_SEL__ID__MASK != CCN_SBAS_PMU_EVENT_SEL__ID__MASK,1,0,1
type >= TTM_NUM_MEM_TYPES,1,0,1
"(int)offsetof(struct hsm_action_list, padding1) == 28, ""found %lld\n"", (long long)(int)offsetof(struct hsm_action_list, padding1)",1,0,1
index_key->type == NULL,1,0,1
"req->rq_repmsg != NULL, ""rc = %d\n"", rc",1,0,1
"(int)offsetof(struct mdt_rec_setxattr, sx_flags) == 116, ""found %lld\n"", (long long)(int)offsetof(struct mdt_rec_setxattr, sx_flags)",1,0,1
"(int)offsetof(struct ldlm_request, lock_handle) == 88, ""found %lld\n"", (long long)(int)offsetof(struct ldlm_request, lock_handle)",1,0,1
!list_empty(&page_pool),1,0,1
"(int)offsetof(struct link_ea_entry, lee_name) == 18, ""found %lld\n"", (long long)(int)offsetof(struct link_ea_entry, lee_name)",1,0,1
"(int)sizeof(struct lu_dirent) == 32, ""found %lld\n"", (long long)(int)sizeof(struct lu_dirent)",1,0,1
"QUOTABLOCK_BITS == 10, ""found %lld\n"", (long long)QUOTABLOCK_BITS",1,0,1
lock->l_completion_ast == einfo->ei_cb_cp,1,0,1
delayed_node->root,1,0,1
"(int)offsetof(struct lov_mds_md_v3, lmm_magic) == 0, ""found %lld\n"", (long long)(int)offsetof(struct lov_mds_md_v3, lmm_magic)",1,0,1
bulk != NULL,1,0,1
"1, write(pipefd[1], ""!"", 1)",1,0,1
(char *)&atomic_ior32 - (char *)&fixed_code_start != ATOMIC_IOR32 - FIXED_CODE_START,1,0,1
nf_nat_pptp_hook_exp_gre != NULL,1,0,1
"mmio, IMX_P0PHYCR_CR_CAP_DATA, true",1,0,1
"FIELD_SIZEOF(struct sk_buff, tc_index) != 2",1,0,1
"(int)sizeof(((struct obd_connect_data *)0)->paddingE) == 8, ""found %lld\n"", (long long)(int)sizeof(((struct obd_connect_data *)0)->paddingE)",1,0,1
sizeof(struct nvme_nvm_l2ptbl) != 64,1,0,1
"""Unknown Arizona class device"" == NULL",1,0,1
con->out_kvec_bytes < skip,1,0,1
tcd->tcd_max_pages > 0,1,0,1
"(int)sizeof(((struct ldlm_gl_lquota_desc *)0)->gl_ver) == 8, ""found %lld\n"", (long long)(int)sizeof(((struct ldlm_gl_lquota_desc *)0)->gl_ver)",1,0,1
flq != NULL,1,0,1
from_dblock(b) >= from_dblock(cache->discard_nr_blocks),1,0,1
!list_empty(&new_bh->b_assoc_buffers),1,0,1
xfs_dir2_sf_lookup(args) == -ENOENT,1,0,1
pos & (LOGFS_BLOCKSIZE-1),1,0,1
"(int)offsetof(struct cfg_marker, cm_flags) == 4, ""found %lld\n"", (long long)(int)offsetof(struct cfg_marker, cm_flags)",1,0,1
"(int)sizeof(((struct mdt_rec_rename *)0)->rn_suppgid1_h) == 4, ""found %lld\n"", (long long)(int)sizeof(((struct mdt_rec_rename *)0)->rn_suppgid1_h)",1,0,1
osd_req->r_ops[1].op == CEPH_OSD_OP_WRITE || osd_req->r_ops[1].op == CEPH_OSD_OP_WRITEFULL,1,0,1
le16_to_cpu(el->l_next_free_rec) > le16_to_cpu(el->l_count),1,0,1
"(int)offsetof(struct mdt_rec_create, cr_suppgid1_h) == 28, ""found %lld\n"", (long long)(int)offsetof(struct mdt_rec_create, cr_suppgid1_h)",1,0,1
PAGE_SIZE < VIRTIO_BLK_ID_BYTES,1,0,1
(unsigned int)pent & (LV2TABLE_SIZE - 1),1,0,1
list_empty(&con->out_queue),1,0,1
"(int)offsetof(struct lquota_acct_rec, ispace) == 8, ""found %lld\n"", (long long)(int)offsetof(struct lquota_acct_rec, ispace)",1,0,1
"(int)sizeof(((struct mdt_rec_link *)0)->lk_padding_6) == 4, ""found %lld\n"", (long long)(int)sizeof(((struct mdt_rec_link *)0)->lk_padding_6)",1,0,1
index && !item->step,1,0,1
nf_nat_pptp_hook_inbound != NULL,1,0,1
cmd >= CMD_14_INVALID,1,0,1
offset < -256 || offset > 252,1,0,1
"(int)sizeof(((struct ost_id *)0)->oi) == 16, ""found %lld\n"", (long long)(int)sizeof(((struct ost_id *)0)->oi)",1,0,1
active_mm != old_mm,1,0,1
"sbi, dn->data_blkaddr == NULL_ADDR",1,0,1
seq & 1,1,0,1
*adjust_ref != raw,1,0,1
udq_delblks || gdq_delblks || pdq_delblks,1,0,1
!ca->set->gc_mark_valid,1,0,1
(int)id < 0,1,0,1
!wpan_phy,1,0,1
start2 >= start && start2 < end,1,0,1
!netlink_is_kernel(sk),1,0,1
"(int)sizeof(((struct mgs_target_info *)0)->mti_nid_count) == 4, ""found %lld\n"", (long long)(int)sizeof(((struct mgs_target_info *)0)->mti_nid_count)",1,0,1
sizeof(struct cxl_event_header) != 8,1,0,1
"atomic_read(&set->set_remaining) == 0 || atomic_read(&set->set_remaining) == n, ""%d / %d\n"", atomic_read(&set->set_remaining), n",1,0,1
"(int)sizeof(((struct link_ea_entry *)0)->lee_reclen) == 2, ""found %lld\n"", (long long)(int)sizeof(((struct link_ea_entry *)0)->lee_reclen)",1,0,1
!xattr,1,0,1
old_size == 0 || old_bkts != NULL,1,0,1
plugin->src_width <= 0,1,0,1
"HSM_GHOST_COPY == 0x00000002UL, ""found 0x%.8xUL\n"", (unsigned)HSM_GHOST_COPY",1,0,1
imp != LP_POISON,1,0,1
m->offset == 0,1,0,1
XGBE_TX_DESC_CNT,1,0,1
(skreq->id & SKD_ID_INCR) == 0,1,0,1
"bpf_update_elem(map_fd, &key, &value, -1) == -1 && errno == EINVAL",1,0,1
status < 0 || status >= ARRAY_SIZE(status_map),1,0,1
!host->mrq->data,1,0,1
"OBD_MD_FLACL == (0x0000008000000000ULL), ""found 0x%.16llxULL\n"", OBD_MD_FLACL",1,0,1
"!alloc_cpumask_var(&vector_searchmask, GFP_KERNEL)",1,0,1
"DLM_REQ_REC_OFF == 2, ""found %lld\n"", (long long)DLM_REQ_REC_OFF",1,0,1
atomic_read(&pl->pl_granted) > 0,1,0,1
"(int)sizeof(((struct hsm_state_set *)0)->hss_setmask) == 8, ""found %lld\n"", (long long)(int)sizeof(((struct hsm_state_set *)0)->hss_setmask)",1,0,1
"offsetof(struct ipstats_mib, mibs) != 0",1,0,1
dentry->d_lockref.count > 0,1,0,1
uuid_bytes != OCFS2_VOL_UUID_LEN,1,0,1
"self->mytid, 0",1,0,1
FIEMAP_EXTENT_NOT_ALIGNED == 0x00000100,1,0,1
"sdp, dip->i_entries < (1 << 16)",1,0,1
npages > 0 && npages <= LNET_MAX_IOV,1,0,1
IS_POW2(sizeof(VCHIQ_HEADER_T)),1,0,1
"(int)sizeof(((struct mdt_rec_link *)0)->lk_padding_7) == 4, ""found %lld\n"", (long long)(int)sizeof(((struct mdt_rec_link *)0)->lk_padding_7)",1,0,1
!hwdep,1,0,1
bi_size > *tio->len_ptr,1,0,1
"(int)offsetof(struct mdt_rec_create, cr_mode) == 112, ""found %lld\n"", (long long)(int)offsetof(struct mdt_rec_create, cr_mode)",1,0,1
ras->ras_consecutive_stride_requests == 0,1,0,1
(iclog->ic_state == XLOG_STATE_ACTIVE) || (iclog->ic_state == XLOG_STATE_WANT_SYNC),1,0,1
atomic_pool,1,0,1
"(int)offsetof(struct obd_connect_data, padding5) == 104, ""found %lld\n"", (long long)(int)offsetof(struct obd_connect_data, padding5)",1,0,1
"(int)offsetof(struct ldlm_reply, lock_flags) == 0, ""found %lld\n"", (long long)(int)offsetof(struct ldlm_reply, lock_flags)",1,0,1
"(int)offsetof(struct lmv_desc, ld_uuid) == 48, ""found %lld\n"", (long long)(int)offsetof(struct lmv_desc, ld_uuid)",1,0,1
pixels_1 != pixels_current && pixels_1 != pixels_prev,1,0,1
ac->ac_which != OCFS2_AC_USE_LOCAL && ac->ac_which != OCFS2_AC_USE_MAIN,1,0,1
left->header.max_entries != center->header.max_entries,1,0,1
"MDS_FMODE_TRUNC == 000002000000UL, ""found 0%.11oUL\n"", MDS_FMODE_TRUNC",1,0,1
"(int)sizeof(((struct mdt_rec_setattr *)0)->sa_mode) == 4, ""found %lld\n"", (long long)(int)sizeof(((struct mdt_rec_setattr *)0)->sa_mode)",1,0,1
"bval(geo, parent, i) != child",1,0,1
!sample_rate,1,0,1
"which >= 0 && which < _NR_RA_STAT, ""which: %u\n"", which",1,0,1
list_empty(&lock->l_sl_policy),1,0,1
"(int)offsetof(struct hsm_request, hr_itemcount) == 16, ""found %lld\n"", (long long)(int)offsetof(struct hsm_request, hr_itemcount)",1,0,1
"""inserting invalid thread_stat\n""",1,0,1
vol->exclusive == 1 && desc->mode == UBI_EXCLUSIVE,1,0,1
cipher_ctx.active && cipher_ctx.done,1,0,1
n >= 0 && n <= rset->srs_nrule,1,0,1
rx->sk.sk_state > RXRPC_UNCONNECTED,1,0,1
rx->fragment_length == 0,1,0,1
dest & L1_CACHE_MASK,1,0,1
!S_ISDIR(VFS_I(dir_ni)->i_mode),1,0,1
"(int)offsetof(struct mdt_rec_setxattr, sx_padding_1) == 56, ""found %lld\n"", (long long)(int)offsetof(struct mdt_rec_setxattr, sx_padding_1)",1,0,1
sizeof(struct batadv_tvlv_roam_adv) != 8,1,0,1
__GFP_HIGH != (__force gfp_t) ALLOC_HIGH,1,0,1
!pd->ioaddr,1,0,1
!ea->nr_allocated,1,0,1
pa->pa_type != MB_INODE_PA,1,0,1
(cursor->offset & ~PAGE_MASK) + bytes > PAGE_SIZE,1,0,1
!fsc->client->debugfs_dir,1,0,1
bp->b_pincount == 0,1,0,1
!(address & ~HPAGE_PMD_MASK),1,0,1
cend > ocfs2_resv_end(resv),1,0,1
node->start + node->size > end,1,0,1
"(int)sizeof(((struct lov_desc *)0)->ld_default_stripe_offset) == 8, ""found %lld\n"", (long long)(int)sizeof(((struct lov_desc *)0)->ld_default_stripe_offset)",1,0,1
"CFS_RMTOWN_PERM == 0x00000010UL, ""found 0x%.8xUL\n"", (unsigned)CFS_RMTOWN_PERM",1,0,1
list_empty(&queue->c2_qout.pl_pages),1,0,1
"(int)offsetof(struct lov_mds_md_v3, lmm_stripe_size) == 24, ""found %lld\n"", (long long)(int)offsetof(struct lov_mds_md_v3, lmm_stripe_size)",1,0,1
snic_get_state(snic) != SNIC_OFFLINE && snic_get_state(snic) != SNIC_FWRESET,1,0,1
(__total) > FLEX_ARRAY_NR_BASE_PTRS * FLEX_ARRAY_ELEMENTS_PER_PART(__element_size),1,0,1
"FIELD_SIZEOF(STRUCT, FIELD) != sizeof(u16)",1,0,1
tbl == ipv4_route_flush_table,1,0,1
rbits & ~0xfffff,1,0,1
"(int)offsetof(struct hsm_state_set, hss_setmask) == 8, ""found %lld\n"", (long long)(int)offsetof(struct hsm_state_set, hss_setmask)",1,0,1
SOCK_CLOEXEC & SOCK_TYPE_MASK,1,0,1
"(int)offsetof(struct lustre_msg_v2, lm_bufcount) == 0, ""found %lld\n"", (long long)(int)offsetof(struct lustre_msg_v2, lm_bufcount)",1,0,1
!work_pending(&local->rejecter),1,0,1
ar->vif_priv[vif_id].id != vif_id,1,0,1
!urd,1,0,1
"F2FS_I_SB(inode), count == 0 || count > end_offset",1,0,1
"VIRTIO_PCI_CAP_VNDR != offsetof(struct virtio_pci_cap, cap_vndr)",1,0,1
bytes > fifo_state->reserved_size,1,0,1
"OBD_CONNECT_SKIP_ORPHAN == 0x400000000ULL, ""found 0x%.16llxULL\n"", OBD_CONNECT_SKIP_ORPHAN",1,0,1
dfmt->idx >= PERF_HPP_DIFF__MAX_INDEX,1,0,1
!list_empty(&fl->fl_list),1,0,1
EFX_DEFAULT_DMAQ_SIZE < EFX_RXQ_MIN_ENT,1,0,1
!ins->master_mix_scb,1,0,1
kdb_flags_index >= ARRAY_SIZE(kdb_flags_stack),1,0,1
xen_auto_xlat_grant_frames.count < nr_gframes,1,0,1
"(int)sizeof(((struct mdt_rec_create *)0)->cr_rdev) == 8, ""found %lld\n"", (long long)(int)sizeof(((struct mdt_rec_create *)0)->cr_rdev)",1,0,1
&pipe_crc->lock,1,0,1
bus->state != MDIOBUS_UNREGISTERED,1,0,1
!substream->ops->silence,1,0,1
xe >= SP_EMIN,1,0,1
getmd->md_offset == 0,1,0,1
&cfs_b->lock,1,0,1
list_empty(&dying_objects),1,0,1
"offsetof(struct vmw_view_define, sid) != offsetof(SVGA3dCmdDXDefineDepthStencilView, sid)",1,0,1
"(int)sizeof(((struct ll_user_fiemap *)0)->fm_flags) == 4, ""found %lld\n"", (long long)(int)sizeof(((struct ll_user_fiemap *)0)->fm_flags)",1,0,1
"(int)sizeof(((struct changelog_setinfo *)0)->cs_id) == 4, ""found %lld\n"", (long long)(int)sizeof(((struct changelog_setinfo *)0)->cs_id)",1,0,1
users > 0,1,0,1
"err, sb",1,0,1
"(int)offsetof(struct llog_log_hdr, llh_bitmap_offset) == 28, ""found %lld\n"", (long long)(int)offsetof(struct llog_log_hdr, llh_bitmap_offset)",1,0,1
rpc->srpc_ev.ev_fired,1,0,1
maxblocks == 0,1,0,1
BTRFS_SUPER_INFO_SIZE <= root->nodesize,1,0,1
exit_code & 0x80,1,0,1
!sess || !sess->se_sess,1,0,1
val != final,1,0,1
(xm & (DP_HIDDEN_BIT << 3)) == 0,1,0,1
UBIFS_TRUN_NODE_SZ < MIN_WRITE_SZ,1,0,1
res->owner == O2NM_MAX_NODES,1,0,1
tp->t_ticket->t_curr_res >= len,1,0,1
wret == 1,1,0,1
mddev->level != mddev->new_level,1,0,1
"ret == -EAGAIN, ""Inode %llu: EAGAIN return during allocation.\n"", (unsigned long long)OCFS2_I(inode)->ip_blkno",1,0,1
(buf->len - offset - headlen) % blocksize,1,0,1
ETH_ALEN != sizeof(ddi->mac_address),1,0,1
slot == NULL || host->mmc == NULL,1,0,1
!async_codec_scb_desc,1,0,1
band >= 2,1,0,1
g->p.mb_thread < 0,1,0,1
!initialized,1,0,1
r_count > 1,1,0,1
!clk_mgr_base_addr,1,0,1
"(int)sizeof(((posix_acl_xattr_entry *)0)->e_perm) == 2, ""found %lld\n"", (long long)(int)sizeof(((posix_acl_xattr_entry *)0)->e_perm)",1,0,1
"(int)sizeof(((struct ll_fiemap_extent *)0)->fe_physical) == 8, ""found %lld\n"", (long long)(int)sizeof(((struct ll_fiemap_extent *)0)->fe_physical)",1,0,1
end == buf,1,0,1
"LUSTRE_FID_INIT_OID == 1, ""found %lld\n"", (long long)LUSTRE_FID_INIT_OID",1,0,1
ctx->skb == NULL && !skip_page_frags,1,0,1
"env, pg, pg->cp_state == cl_req_type_state(crt)",1,0,1
!netif_carrier_ok(queue->info->netdev),1,0,1
&man->lock,1,0,1
!(wbuf->offs & 7) && wbuf->offs <= c->leb_size,1,0,1
svcpt->scp_nreqs_active == 0,1,0,1
"(int)offsetof(struct ldlm_gl_lquota_desc, gl_flags) == 16, ""found %lld\n"", (long long)(int)offsetof(struct ldlm_gl_lquota_desc, gl_flags)",1,0,1
"req->rq_reqmsg == req->rq_reqbuf, ""req %p: reqmsg %p is not reqbuf %p in null sec\n"", req, req->rq_reqmsg, req->rq_reqbuf",1,0,1
"skb_copy_bits(skb, ptr, skb_transport_header(frag), len)",1,0,1
!TEST_FLAG_VALUE(FLAG),1,0,1
"!validate_cmds_sorted(ring, cmd_tables, cmd_table_count)",1,0,1
buf->begin,1,0,1
!psdev,1,0,1
block >= max,1,0,1
"(int)offsetof(posix_acl_xattr_entry, e_tag) == 0, ""found %lld\n"", (long long)(int)offsetof(posix_acl_xattr_entry, e_tag)",1,0,1
crypt_stat->iv_bytes > MD5_DIGEST_SIZE,1,0,1
end - offset <= (u64)SIZE_MAX,1,0,1
"(int)offsetof(struct ptlrpc_body_v3, pb_last_seen) == (int)offsetof(struct ptlrpc_body_v2, pb_last_seen), ""%d != %d\n"", (int)offsetof(struct ptlrpc_body_v3, pb_last_seen), (int)offsetof(struct ptlrpc_body_v2, pb_last_seen)",1,0,1
from <= to,1,0,1
"!page_count(p), p",1,0,1
cache->fstop_percent >= 0 && cache->fstop_percent < cache->fcull_percent && cache->fcull_percent < cache->frun_percent && cache->frun_percent < 100,1,0,1
sbi->s_stripe == 0,1,0,1
"(int)sizeof(((struct mdt_rec_rename *)0)->rn_suppgid1) == 4, ""found %lld\n"", (long long)(int)sizeof(((struct mdt_rec_rename *)0)->rn_suppgid1)",1,0,1
!atomic_read(&md->holders),1,0,1
CLM_PHANTOM < CLM_READ,1,0,1
!node->count,1,0,1
ord <= 0,1,0,1
LLOG_ORIGIN_HANDLE_CLOSE == 505,1,0,1
init_worker_pool(pool),1,0,1
i >= le16_to_cpu(root_el->l_next_free_rec),1,0,1
"(int)offsetof(struct mdt_rec_unlink, ul_suppgid2_h) == 36, ""found %lld\n"", (long long)(int)offsetof(struct mdt_rec_unlink, ul_suppgid2_h)",1,0,1
sizeof(lum) == sizeof(struct lov_mds_md_v3),1,0,1
subclass <= XFS_IOLOCK_MAX_SUBCLASS,1,0,1
"(int)sizeof(((struct obd_connect_data *)0)->ocd_max_easize) == 4, ""found %lld\n"", (long long)(int)sizeof(((struct obd_connect_data *)0)->ocd_max_easize)",1,0,1
crashk_res.start % KEXEC_CRASH_MEM_ALIGN || size % KEXEC_CRASH_MEM_ALIGN,1,0,1
!pcount,1,0,1
bytes < (DEVCONF_MAX * 4),1,0,1
list_empty(&osc->oo_read_item),1,0,1
PageLocked(vmf->page),1,0,1
list_empty(&udl->urbs.list),1,0,1
"fd, MFD_DEF_SIZE * 8",1,0,1
group != EXT4_SB(sb)->s_groups_count,1,0,1
alias != dentry,1,0,1
list_empty(&head->fh_list),1,0,1
"shift, part, inst, rstctrl_offs",1,0,1
dest->bu_blocks != src->bu_blocks,1,0,1
!usbcan,1,0,1
((PTLRPC_BULK_OPS_COUNT - 1) & PTLRPC_BULK_OPS_COUNT) == 0,1,0,1
sizeof(struct sockaddr_sco) > sizeof(struct sockaddr),1,0,1
ppc440spe_chan_is_busy(chan),1,0,1
!cancel_count || cancel_count == nbufs,1,0,1
skreq->state == SKD_REQ_STATE_IDLE,1,0,1
"irlmp->magic == LMP_MAGIC, return NULL;",1,0,1
NR_MPIPE_MAX != 2,1,0,1
rblock->bb_u.l.bb_leftsib == cpu_to_be64(NULLFSBLOCK),1,0,1
ex->fe_len <= 0,1,0,1
__insn_mfspr(SPR_UDN_DEMUX_CA_COUNT) != 0,1,0,1
(offset + length) > PAGE_CACHE_SIZE,1,0,1
!kfd->doorbell_kernel_ptr,1,0,1
!*pages,1,0,1
"test_bit(R5_Wantcompute, &dev->flags)",1,0,1
cnt > 7,1,0,1
"LDLM_ENQUEUE == 101, ""found %lld\n"", (long long)LDLM_ENQUEUE",1,0,1
"PageLRU(page) || PageUnevictable(page), page",1,0,1
SOCK_CLOEXEC != O_CLOEXEC,1,0,1
"LCK_MODE_NUM == 8, ""found %lld\n"", (long long)LCK_MODE_NUM",1,0,1
"object->fscache.parent, ==, NULL",1,0,1
sizeof(exp_result2) >= string_get_size_maxbuf,1,0,1
"offsetof(typeof(*b), padding_5) != 0",1,0,1
"name_len < IAS_MAX_CLASSNAME + 1, return;",1,0,1
sbio->page_count > SCRUB_PAGES_PER_RD_BIO,1,0,1
"(int)offsetof(struct mdt_rec_unlink, ul_suppgid1) == 24, ""found %lld\n"", (long long)(int)offsetof(struct mdt_rec_unlink, ul_suppgid1)",1,0,1
"hashbin->magic == HB_MAGIC, return -1;",1,0,1
"check_sysreg_table(sys_reg_descs, ARRAY_SIZE(sys_reg_descs))",1,0,1
"Q_INITQUOTA == 0x800101, ""found 0x%.8x\n"", Q_INITQUOTA",1,0,1
!scr,1,0,1
CONFIG_PS3_HTAB_SIZE < HTAB_SIZE_MIN,1,0,1
nr_pages <= 0,1,0,1
sizeof(*tm) != sizeof(efi_data(op).u.set_time),1,0,1
"(int)sizeof(((struct llog_cookie *)0)->lgc_padding) == 4, ""found %lld\n"", (long long)(int)sizeof(((struct llog_cookie *)0)->lgc_padding)",1,0,1
args->fi_blkno != le64_to_cpu(fe->i_blkno),1,0,1
"LUSTRE_APPEND_FL == 0x00000020, ""found 0x%.8x\n"", LUSTRE_APPEND_FL",1,0,1
type->cnt >= type->max,1,0,1
"ergo(conf->nc_compat == nrs_policy_compat_one, conf->nc_compat_svc_name != NULL)",1,0,1
"(int)sizeof(((struct llogd_body *)0)->lgd_ctxt_idx) == 4, ""found %lld\n"", (long long)(int)sizeof(((struct llogd_body *)0)->lgd_ctxt_idx)",1,0,1
"offsetof(struct logfs_disk_inode, di_flags) != 4",1,0,1
VALUES_32_COUNT > INDEX_32_COUNT,1,0,1
B43_TAB_NOISEG2_SIZE != ARRAY_SIZE(b43_tab_noiseg2),1,0,1
rpc->srpc_reqstbuf->buf_msg.msg_body.tes_reqst.tsr_is_client,1,0,1
!bus_addr,1,0,1
!PageLocked(pg),1,0,1
"(int)sizeof(((struct mgs_target_info *)0)->mti_params) == 4096, ""found %lld\n"", (long long)(int)sizeof(((struct mgs_target_info *)0)->mti_params)",1,0,1
INDEX_64_COUNT & 0x7,1,0,1
"(int)sizeof(((struct lustre_msg_v2 *)0)->lm_cksum) == 4, ""found %lld\n"", (long long)(int)sizeof(((struct lustre_msg_v2 *)0)->lm_cksum)",1,0,1
list_empty(&entry->root_extent_list),1,0,1
"(int)sizeof(((struct mdt_rec_setxattr *)0)->sx_padding_1) == 8, ""found %lld\n"", (long long)(int)sizeof(((struct mdt_rec_setxattr *)0)->sx_padding_1)",1,0,1
"plpar_hcall_norets(H_PROD, thread) != H_SUCCESS",1,0,1
dst_start & ~PAGE_MASK,1,0,1
!epq,1,0,1
gap_end < gap_start,1,0,1
!spdifo_scb_desc,1,0,1
page_private(page) != SWP_CONTINUED,1,0,1
cookie == cle,1,0,1
argc >= 2,1,0,1
(item->ri_buf[item_index].i_len % XFS_BLF_CHUNK) == 0,1,0,1
req->rq_reqbuf_len >= msgsize,1,0,1
"(int)offsetof(struct mdt_rec_create, cr_old_handle) == 72, ""found %lld\n"", (long long)(int)offsetof(struct mdt_rec_create, cr_old_handle)",1,0,1
"(int)sizeof(union lu_page) == 4096, ""found %lld\n"", (long long)(int)sizeof(union lu_page)",1,0,1
"Q_FINVALIDATE == 0x800104, ""found 0x%.8x\n"", Q_FINVALIDATE",1,0,1
"(int)sizeof(((struct obdo *)0)->o_handle) == 8, ""found %lld\n"", (long long)(int)sizeof(((struct obdo *)0)->o_handle)",1,0,1
"sb->s_flags, &, MS_ACTIVE",1,0,1
"(int)offsetof(struct mdt_rec_create, cr_cap) == 4, ""found %lld\n"", (long long)(int)offsetof(struct mdt_rec_create, cr_cap)",1,0,1
pkmap_count[PKMAP_NR(vaddr)] < 2,1,0,1
"(int)sizeof(((struct mdt_rec_create *)0)->cr_padding_1) == 8, ""found %lld\n"", (long long)(int)sizeof(((struct mdt_rec_create *)0)->cr_padding_1)",1,0,1
wbuf->used == 0,1,0,1
sizeof(struct acpi_nfit_smbios) != 9,1,0,1
serial_number_eeprom_length > sizeof(devpriv->serial_number),1,0,1
"einfo->ei_type == LDLM_FLOCK, ""lock type %d\n"", einfo->ei_type",1,0,1
PERF_MAX_TRACE_SIZE % sizeof(unsigned long),1,0,1
sizeof(struct mdt_rec_setxattr) == sizeof(struct mdt_rec_reint),1,0,1
found && found != mr,1,0,1
csum_ctx.pad_descs == NULL,1,0,1
"(int)sizeof(((struct hsm_action_item *)0)->hai_dfid) == 16, ""found %lld\n"", (long long)(int)sizeof(((struct hsm_action_item *)0)->hai_dfid)",1,0,1
!expected,1,0,1
task_pri >= CPUPRI_NR_PRIORITIES,1,0,1
"start_blk != ocfs2_clusters_to_blocks(bitmap_inode->i_sb, ocfs2_blocks_to_clusters(bitmap_inode->i_sb, start_blk))",1,0,1
ah->bslot[avf->bslot] != NULL,1,0,1
!jeb->allocated_refs,1,0,1
CRIME_VICE_IRQ - MACE_VID_IN1_IRQ != 31,1,0,1
!upper,1,0,1
res->backup->base.num_pages * PAGE_SIZE < size,1,0,1
"bitmap_weight(block->alias_map, LOGFS_BLOCK_FACTOR)",1,0,1
end & ~huge_page_mask(h),1,0,1
"(int)sizeof(((struct hsm_progress_kernel *)0)->hpk_errval) == 2, ""found %lld\n"", (long long)(int)sizeof(((struct hsm_progress_kernel *)0)->hpk_errval)",1,0,1
"(int)sizeof(struct lu_seq_range) == 24, ""found %lld\n"", (long long)(int)sizeof(struct lu_seq_range)",1,0,1
p < c->gap_lebs + sizeof(int) * c->lst.idx_lebs,1,0,1
sess->deleted != QLA_SESS_DELETION_PENDING,1,0,1
"(int)sizeof(((struct update_buf *)0)->ub_bufs) == 0, ""found %lld\n"", (long long)(int)sizeof(((struct update_buf *)0)->ub_bufs)",1,0,1
tp->t_flags & XFS_TRANS_DIRTY,1,0,1
"(int)sizeof(struct hsm_progress_kernel) == 64, ""found %lld\n"", (long long)(int)sizeof(struct hsm_progress_kernel)",1,0,1
offset & 0x7,1,0,1
offset + SZ_64K > IO_SPACE_LIMIT,1,0,1
"(int)sizeof(((struct changelog_ext_rec *)0)->cr_time) == 8, ""found %lld\n"", (long long)(int)sizeof(((struct changelog_ext_rec *)0)->cr_time)",1,0,1
task_is_stopped_or_traced(tsk),1,0,1
OBD_FL_CKSUM_RSVD2 == 0x00008000,1,0,1
"(int)offsetof(struct idx_info, ii_hash_start) == 40, ""found %lld\n"", (long long)(int)offsetof(struct idx_info, ii_hash_start)",1,0,1
sizeof(void *) <= 8 && sizeof(struct epitem) > 128,1,0,1
cursor->data->type != CEPH_MSG_DATA_PAGES,1,0,1
pa == 0,1,0,1
efx_nic_rev(efx) < EFX_REV_FALCON_B0,1,0,1
sizeof(struct semid64_ds) != 80,1,0,1
!nd->tx.linked || !nd->rx.linked,1,0,1
"offsetof(struct mld2_grec, grec_mca) % 4",1,0,1
"(int)offsetof(struct obd_dqinfo, dqi_flags) == 16, ""found %lld\n"", (long long)(int)offsetof(struct obd_dqinfo, dqi_flags)",1,0,1
sizeof(lumv3) == sizeof(*lumv3p),1,0,1
"(int)offsetof(posix_acl_xattr_header, a_entries) == 4, ""found %lld\n"", (long long)(int)offsetof(posix_acl_xattr_header, a_entries)",1,0,1
!list_empty(&node->entry),1,0,1
pos != start,1,0,1
"(int)offsetof(struct ldlm_lock_desc, l_policy_data) == 48, ""found %lld\n"", (long long)(int)offsetof(struct ldlm_lock_desc, l_policy_data)",1,0,1
"(int)offsetof(struct ost_lvb, lvb_atime) == 16, ""found %lld\n"", (long long)(int)offsetof(struct ost_lvb, lvb_atime)",1,0,1
"(int)offsetof(struct lmv_desc, ld_padding_3) == 40, ""found %lld\n"", (long long)(int)offsetof(struct lmv_desc, ld_padding_3)",1,0,1
DO_INDEX(ip),1,0,1
me == me->me_md->md_me,1,0,1
rcba_base == NULL,1,0,1
mutex_is_locked(&c->umount_mutex),1,0,1
"OBD_CONNECT_MDS_CAPA == 0x100000ULL, ""found 0x%.16llxULL\n"", OBD_CONNECT_MDS_CAPA",1,0,1
chex != path->p_ext,1,0,1
"ols->ols_state == OLS_NEW, ""Impossible state: %d\n"", ols->ols_state",1,0,1
(info->flags & DMAC_CHANNELS_CONFIGURED) && !info->channels,1,0,1
nblocks > 0,1,0,1
OBD_FL_SRVLOCK == 0x00000800,1,0,1
pipe >= ARRAY_SIZE(dev_priv->plane_to_crtc_mapping) || dev_priv->plane_to_crtc_mapping[gma_crtc->plane] != NULL,1,0,1
"(int)sizeof(((struct getinfo_fid2path *)0)->gf_pathlen) == 4, ""found %lld\n"", (long long)(int)sizeof(((struct getinfo_fid2path *)0)->gf_pathlen)",1,0,1
"OBD_CONNECT_ATTRFID == 0x4000ULL, ""found 0x%.16llxULL\n"", OBD_CONNECT_ATTRFID",1,0,1
e >= es->end,1,0,1
"lsap != NULL, return;",1,0,1
lprops->free + lprops->dirty >= c->min_idx_node_sz,1,0,1
"(int)sizeof(((struct llog_setattr64_rec *)0)->lsr_oi) == 16, ""found %lld\n"", (long long)(int)sizeof(((struct llog_setattr64_rec *)0)->lsr_oi)",1,0,1
"OBD_BRW_GRANTED == 0x40, ""found 0x%.8x\n"", OBD_BRW_GRANTED",1,0,1
" (ARRAY_SIZE(asihpi_src_names) == (HPI_SOURCENODE_LAST_INDEX-HPI_SOURCENODE_NONE+1)), assert_src_names_size",1,0,1
"(int)offsetof(struct ptlrpc_body_v3, pb_transno) == 48, ""found %lld\n"", (long long)(int)offsetof(struct ptlrpc_body_v3, pb_transno)",1,0,1
"(int)offsetof(struct update, u_type) == 0, ""found %lld\n"", (long long)(int)offsetof(struct update, u_type)",1,0,1
"(int)sizeof(((struct ll_user_fiemap *)0)->fm_start) == 8, ""found %lld\n"", (long long)(int)sizeof(((struct ll_user_fiemap *)0)->fm_start)",1,0,1
list_empty(&td_chan->queue),1,0,1
packet_len > ec_dev->dout_size,1,0,1
flush_len <= vol->usable_leb_size,1,0,1
mutex_is_locked(&root->fs_info->delete_unused_bgs_mutex),1,0,1
cloned_bio == NULL,1,0,1
d_count(de) == 1,1,0,1
!rdev->deferred_disables,1,0,1
(sizeof(*flow) - FLOW_KEYS_HASH_OFFSET) % sizeof(u32),1,0,1
"test_bit(LIOD_STOP, &pc->pc_flags) == 0",1,0,1
(osb->max_slots / si->si_slots_per_block) > blocks,1,0,1
"ergo(refcheck != NULL, cle->ce_ref == *refcheck)",1,0,1
"(int)sizeof(((struct mdt_remote_perm *)0)->rp_fsgid) == 4, ""found %lld\n"", (long long)(int)sizeof(((struct mdt_remote_perm *)0)->rp_fsgid)",1,0,1
"(int)offsetof(struct mdt_rec_rename, rn_mode) == 116, ""found %lld\n"", (long long)(int)offsetof(struct mdt_rec_rename, rn_mode)",1,0,1
"(int)offsetof(struct mdt_rec_create, cr_fsuid) == 8, ""found %lld\n"", (long long)(int)offsetof(struct mdt_rec_create, cr_fsuid)",1,0,1
!copied && !err,1,0,1
!(NULL == b || BTRFSIC_BLOCK_MAGIC_NUMBER == b->magic_num),1,0,1
sibling->rt6i_nsiblings != rt->rt6i_nsiblings,1,0,1
cluster_end > PAGE_SIZE,1,0,1
xen_initial_domain(),1,0,1
sizeof(struct pv_node) > 5*sizeof(struct mcs_spinlock),1,0,1
SHA1_DIGEST_SIZE > sizeof(struct buffer_desc),1,0,1
"(int)offsetof(struct obd_ioobj, ioo_bufcnt) == 20, ""found %lld\n"", (long long)(int)offsetof(struct obd_ioobj, ioo_bufcnt)",1,0,1
"(int)sizeof(((struct lov_mds_md_v1 *)0)->lmm_objects[0]) == 24, ""found %lld\n"", (long long)(int)sizeof(((struct lov_mds_md_v1 *)0)->lmm_objects[0])",1,0,1
p_blkno == 0 || num_clusters == 0 || first_hash > name_hash,1,0,1
"(int)offsetof(struct hsm_state_set, hss_archive_id) == 4, ""found %lld\n"", (long long)(int)offsetof(struct hsm_state_set, hss_archive_id)",1,0,1
(req->wr_status == FW_SUCCESS) || (req->wr_status == FW_EINVAL),1,0,1
new->thread_keyring,1,0,1
n >= 0 && n < c->fanout,1,0,1
remote >= NR_CPUS,1,0,1
!ret->d_lockref.count,1,0,1
"(int)sizeof(((struct ldlm_gl_lquota_desc *)0)->gl_softlimit) == 8, ""found %lld\n"", (long long)(int)sizeof(((struct ldlm_gl_lquota_desc *)0)->gl_softlimit)",1,0,1
iss->ref_count == 0,1,0,1
tmp == grants,1,0,1
"(int)offsetof(struct mdt_body, nlink) == 136, ""found %lld\n"", (long long)(int)offsetof(struct mdt_body, nlink)",1,0,1
&q->sysfs_lock,1,0,1
sink_pad >= sink->num_pads,1,0,1
MAX14577_CHARGER_EOC_CURRENT_LIMIT_MIN + MAX14577_CHARGER_EOC_CURRENT_LIMIT_STEP * 0xf != MAX14577_CHARGER_EOC_CURRENT_LIMIT_MAX,1,0,1
s->magic != HDLCDRV_MAGIC,1,0,1
!fn->func,1,0,1
part->act_state != XPC_P_AS_DEACTIVATING && part->act_state != XPC_P_AS_INACTIVE,1,0,1
bcs->b_out.tx_skb,1,0,1
pool->users == 0,1,0,1
!rdev->sb_page,1,0,1
page_good->page == NULL,1,0,1
"FIELD_SIZEOF(struct qdisc_skb_cb, data) < 20",1,0,1
"FIELD_SIZEOF(struct sk_buff, priority) != 4",1,0,1
block > rec_block,1,0,1
read_cred_subscribers(cred) != 0,1,0,1
count > ARRAY_SIZE(i->rport_attrs),1,0,1
cl_env_peek(refcheck) == NULL,1,0,1
lprops->dirty >= c->dead_wm || (pick_free && lprops->free + lprops->dirty == c->leb_size),1,0,1
sizeof(struct cxl_event_afu_error) != 16,1,0,1
"req->rq_type != LI_POISON, ""req %p freed\n"", req",1,0,1
"irlmp != NULL, return TRUE;",1,0,1
sizeof(*tm) != sizeof(efi_data(op).u.get_wakeup_time),1,0,1
"(int)sizeof(posix_acl_xattr_entry) == 8, ""found %lld\n"", (long long)(int)sizeof(posix_acl_xattr_entry)",1,0,1
early_req->rq_repbuf,1,0,1
!(pmd_flags(gpmd) & _PAGE_PRESENT),1,0,1
"index != 0, return;",1,0,1
"ext->oe_start <= index, ext, ""trunc index = %lu/%d.\n"", index, partial",1,0,1
lli->lli_pending_och == NULL,1,0,1
node->back_pointer != parent,1,0,1
"(int)sizeof(((struct hsm_action_list *)0)->padding1) == 4, ""found %lld\n"", (long long)(int)sizeof(((struct hsm_action_list *)0)->padding1)",1,0,1
!(fields & XFS_ILOG_DFORK) || (len == in_f->ilf_dsize),1,0,1
"test_bit(chan, rxch_free)",1,0,1
index < 0 || index >= OCFS2_CACHE_INFO_MAX_ARRAY,1,0,1
"""Invalid hist entry"", !strcmp(DSO(he), ""libc"") && !strcmp(SYM(he), ""free"") && !strcmp(COMM(he), ""perf"") && he->stat.period == 100",1,0,1
"(int)offsetof(struct ldlm_reply, lock_desc) == 8, ""found %lld\n"", (long long)(int)offsetof(struct ldlm_reply, lock_desc)",1,0,1
"""failed to synthesize maps"", !err",1,0,1
*ahc_targp != NULL,1,0,1
!radix_tree_is_indirect_ptr(to_free),1,0,1
"(int)sizeof(((struct mdt_body *)0)->valid) == 8, ""found %lld\n"", (long long)(int)sizeof(((struct mdt_body *)0)->valid)",1,0,1
"(int)offsetof(struct mdt_rec_reint, rr_padding_4) == 132, ""found %lld\n"", (long long)(int)offsetof(struct mdt_rec_reint, rr_padding_4)",1,0,1
pos < 0,1,0,1
"(int)sizeof(((struct obd_connect_data *)0)->padding5) == 8, ""found %lld\n"", (long long)(int)sizeof(((struct obd_connect_data *)0)->padding5)",1,0,1
rc == 0 || rc == -ENOENT,1,0,1
riov.used == 1,1,0,1
p->header.flag & BT_INTERNAL,1,0,1
"(int)sizeof(((struct idx_info *)0)->ii_hash_start) == 8, ""found %lld\n"", (long long)(int)sizeof(((struct idx_info *)0)->ii_hash_start)",1,0,1
"""Failed to access to dso"", dso__data_fd(dso, &machine) >= 0",1,0,1
"LDF_COLLIDE == 2, ""found %lld\n"", (long long)LDF_COLLIDE",1,0,1
"F2FS_P_SB(page), !PageLocked(page)",1,0,1
!gameport->poll_interval,1,0,1
failed_wr != &reg_wr.wr,1,0,1
txq->len == 0,1,0,1
psr & IA64_PSR_UP,1,0,1
"""Invalid hist entry"", CPU(he) == 0 && PID(he) == 100 && !strcmp(COMM(he), ""perf"") && !strcmp(DSO(he), ""[kernel]"") && !strcmp(SYM(he), ""schedule"") && he->stat.period == 100",1,0,1
disk_num_bytes > btrfs_super_total_bytes(root->fs_info->super_copy),1,0,1
state->end <= end,1,0,1
alg > BULK_HASH_ALG_NULL && alg < BULK_HASH_ALG_MAX,1,0,1
req_pos != num_cmds,1,0,1
!subsys->su_group.cg_item.ci_type,1,0,1
left_el->l_next_free_rec != left_el->l_count,1,0,1
!do_send || msg->msg_tx_delayed,1,0,1
ncfspgs > 0 && ncfspgs <= op_data->op_npages,1,0,1
"(int)sizeof(((struct mdt_rec_unlink *)0)->ul_suppgid2) == 4, ""found %lld\n"", (long long)(int)sizeof(((struct mdt_rec_unlink *)0)->ul_suppgid2)",1,0,1
read_size > 512,1,0,1
"(int)sizeof(((struct obd_dqblk *)0)->dqb_isoftlimit) == 8, ""found %lld\n"", (long long)(int)sizeof(((struct obd_dqblk *)0)->dqb_isoftlimit)",1,0,1
i < IMP_AT_MAX_PORTALS,1,0,1
"msg->msg_control, ==, NULL",1,0,1
pj->oper != NULL,1,0,1
!rq->nr_phys_segments,1,0,1
lnet_ptl_is_unique(ptl),1,0,1
"device, device->ldev == NULL",1,0,1
!ops->wait || !ops->enable_signaling || !ops->get_driver_name || !ops->get_timeline_name,1,0,1
list_empty(&sptlrpc_confs),1,0,1
"""failed to find other leader"", other_leader",1,0,1
skb_headlen(skb) < sizeof(*vh),1,0,1
pmd_flags(pmd) & _PAGE_SPECIAL,1,0,1
debug_buf == string_buf,1,0,1
"(int)offsetof(struct mdt_ioepoch, padding) == 20, ""found %lld\n"", (long long)(int)offsetof(struct mdt_ioepoch, padding)",1,0,1
!rl_write_locked,1,0,1
(lock_flags & ~(XFS_IOLOCK_EXCL|XFS_MMAPLOCK_EXCL|XFS_ILOCK_EXCL)) == 0,1,0,1
"sdp, !tr->tr_num_buf_new && !tr->tr_num_databuf_new",1,0,1
"(int)offsetof(struct mdt_remote_perm, rp_uid) == 0, ""found %lld\n"", (long long)(int)offsetof(struct mdt_remote_perm, rp_uid)",1,0,1
VCHIQ_VERSION >= VCHIQ_VERSION_MIN,1,0,1
!is_atomic_lock(irqlock_word),1,0,1
!vol->mftmirr_size,1,0,1
" irias_objects != NULL, return -EINVAL;",1,0,1
"(int)sizeof(struct lov_desc) == 88, ""found %lld\n"", (long long)(int)sizeof(struct lov_desc)",1,0,1
"(int)offsetof(struct update_buf, ub_count) == 4, ""found %lld\n"", (long long)(int)offsetof(struct update_buf, ub_count)",1,0,1
loc >= SIDTAB_CACHE_LEN,1,0,1
pte_exec(prot),1,0,1
vol->vol_type != UBI_STATIC_VOLUME,1,0,1
"(int)sizeof(((struct getinfo_fid2path *)0)->gf_fid) == 16, ""found %lld\n"", (long long)(int)sizeof(((struct getinfo_fid2path *)0)->gf_fid)",1,0,1
"(int)sizeof(((struct mdt_rec_link *)0)->lk_padding_4) == 8, ""found %lld\n"", (long long)(int)sizeof(((struct mdt_rec_link *)0)->lk_padding_4)",1,0,1
!region,1,0,1
"cw1200_queue_remove(queue, priv->pending_frame_id)",1,0,1
object->cookie->stores.rnode == NULL,1,0,1
rsp->cb_state == CB_IDLE,1,0,1
!list_empty(&res->blocked),1,0,1
ARRAY_SIZE(phy_regs) != ARRAY_SIZE(ar->noise),1,0,1
"qd->qd_gl->gl_name.ln_sbd, test_bit(QDF_LOCKED, &qd->qd_flags)",1,0,1
(*cpu_in_lp2 & BIT(phy_cpu_id)),1,0,1
!list_empty(&init_task.tasks),1,0,1
!PAGE_ALIGNED(ring->buf),1,0,1
!ELV_ON_HASH(rq),1,0,1
!find_watch(token),1,0,1
!IS_MODULE(CONFIG_LIBNVDIMM),1,0,1
cl->magic != CLOSURE_MAGIC_ALIVE,1,0,1
dev < 0 || dev >= dp->max_synthdev,1,0,1
param3 > MASK_DSP_WORD,1,0,1
"(int)sizeof(struct hsm_state_set) == 24, ""found %lld\n"", (long long)(int)sizeof(struct hsm_state_set)",1,0,1
"!test_bit(RUNNING_MERGE, &s->state_bits)",1,0,1
node->bytenr != buf->start && node->new_bytenr != buf->start,1,0,1
*min_uA > *max_uA,1,0,1
dev->control >= 0,1,0,1
ubi->vtbl[vol->vol_id].upd_marker,1,0,1
28 > SG_ENTRIES_IN_CMD + 4,1,0,1
NULL == next_block,1,0,1
sizeof(dev->out_eps) < __MT_EP_OUT_MAX,1,0,1
err == -EINVAL,1,0,1
PTRS_PER_PMD * sizeof(pmd_t) != PAGE_SIZE,1,0,1
"sbi, !inode->i_blocks",1,0,1
"(int)offsetof(struct mdt_remote_perm, rp_gid) == 4, ""found %lld\n"", (long long)(int)offsetof(struct mdt_remote_perm, rp_gid)",1,0,1
"self->parent, self->mypid",1,0,1
lnum != le1->lnum,1,0,1
(subdevice_id & 0xfff0) != INDIGO_IOX,1,0,1
ret > 0 || read > 0,1,0,1
info->h_iter != nr_gfn,1,0,1
"(int)offsetof(struct mdt_rec_setattr, sa_padding_5) == 132, ""found %lld\n"", (long long)(int)offsetof(struct mdt_rec_setattr, sa_padding_5)",1,0,1
"(int)sizeof(struct obd_uuid) == 40, ""found %lld\n"", (long long)(int)sizeof(struct obd_uuid)",1,0,1
lu_keys[key->lct_index] == key,1,0,1
"LMAC_HSM == 0x00000001UL, ""found 0x%.8xUL\n"", (unsigned)LMAC_HSM",1,0,1
sec == &null_sec,1,0,1
msg_slot->msg_slot_number != msg->hdr.msg_slot_number,1,0,1
size != pages * sizeof(struct page),1,0,1
!pm || !buffer || !ib,1,0,1
riov.iov[0].iov_len == 1,1,0,1
opcode != CEPH_OSD_OP_SETXATTR && opcode != CEPH_OSD_OP_CMPXATTR,1,0,1
level == -1,1,0,1
"offsetof(struct cbe_mic_tm_regs, mic_fir) != 0x230",1,0,1
lpar_addr < r->offset,1,0,1
active_stack->sp_count == 0,1,0,1
rec->lrh_type == OBD_CFG_REC,1,0,1
RB_EMPTY_ROOT(&dd->sort_list[READ]),1,0,1
"slsap_sel != LSAP_ANY, return TRUE;",1,0,1
!ins->the_null_scb,1,0,1
queue > MWL8K_TX_WMM_QUEUES - 1,1,0,1
"(int)sizeof(((struct ptlrpc_body_v3 *)0)->pb_op_flags) == 4, ""found %lld\n"", (long long)(int)sizeof(((struct ptlrpc_body_v3 *)0)->pb_op_flags)",1,0,1
MAX_SWAPFILES_SHIFT > 5,1,0,1
cache->nr_nodes,1,0,1
(unsigned long)((__p1) + 1) != (unsigned long)(__p2),1,0,1
size < count,1,0,1
(offset + datasize + rdatasize + ctxsize) > SOFT_COMMAND_BUFFER_SIZE,1,0,1
!ice->pcm,1,0,1
MC_CMD_FREE_PIOBUF_OUT_LEN != 0,1,0,1
(vnode->flags & ((1 << AFS_VNODE_READLOCKED) | (1 << AFS_VNODE_WRITELOCKED))) != 0,1,0,1
"OBD_CONNECT_RMT_CLIENT_FORCE == 0x20000ULL, ""found 0x%.16llxULL\n"", OBD_CONNECT_RMT_CLIENT_FORCE",1,0,1
"(int)offsetof(struct obdo, o_ctime) == 56, ""found %lld\n"", (long long)(int)offsetof(struct obdo, o_ctime)",1,0,1
sizeof(struct CommandList) % COMMANDLIST_ALIGNMENT,1,0,1
next == lblock,1,0,1
sizeof(priv->channels) != sizeof(adm8211_channels),1,0,1
"(int)offsetof(struct ldlm_resource_desc, lr_padding) == 4, ""found %lld\n"", (long long)(int)offsetof(struct ldlm_resource_desc, lr_padding)",1,0,1
!hlist_unhashed(&fl->fl_link),1,0,1
dev->written,1,0,1
"(int)offsetof(struct hsm_action_item, hai_cookie) == 56, ""found %lld\n"", (long long)(int)offsetof(struct hsm_action_item, hai_cookie)",1,0,1
ee != NULL,1,0,1
__CARL9170_NUM_BW != 3,1,0,1
"!list_empty(&oi->ip_io_markers), ""Clear inode of %llu, inode has io markers\n"", (unsigned long long)oi->ip_blkno",1,0,1
insert_index < 0,1,0,1
mutex_is_locked(&new_ui->ui_mutex),1,0,1
kfifo_len(&tcp_task->r2tqueue),1,0,1
CYCLE_LSN(tail_lsn)+1 == log->l_prev_cycle,1,0,1
!cxt->profile,1,0,1
node->processed,1,0,1
"t->size && bset_written(&b->keys, t) && bkey_cmp(&b->key, &t->end) < 0, b, ""found short btree key in gc""",1,0,1
f->compressed > SMIAPP_COMPRESSED_MAX,1,0,1
ra->sqnum != rb->sqnum,1,0,1
fi->writectr < 0,1,0,1
flags != LDLM_FL_WAIT_NOREPROC,1,0,1
rds_info_funcs[offset],1,0,1
"(int)sizeof(((struct idx_info *)0)->ii_pad1) == 4, ""found %lld\n"", (long long)(int)sizeof(((struct idx_info *)0)->ii_pad1)",1,0,1
"bpf_lookup_elem(map_fd[0], &key, &icmp_cnt) == 0",1,0,1
"ext->oe_nr_pages == 0, ext",1,0,1
request->rq_repdata == NULL,1,0,1
id >= TPACPI_RFK_SW_MAX || tpacpi_rfkill_switches[id],1,0,1
desc->bd_enc_iov[i].kiov_page != NULL,1,0,1
ubi->mtd->writesize == 1,1,0,1
"(int)offsetof(struct mgs_send_param, mgs_param[1024]) == 1024, ""found %lld\n"", (long long)(int)offsetof(struct mgs_send_param, mgs_param[1024])",1,0,1
fr_seq(fp),1,0,1
!i915_gem_obj_is_pinned(from->legacy_hw_ctx.rcs_state),1,0,1
!hlist_empty(&cookie->backing_objects),1,0,1
"!PageKsm(page), page",1,0,1
"device, rv == SS_SUCCESS",1,0,1
*p == '\0',1,0,1
fp_old == NULL,1,0,1
div < 0,1,0,1
"(int)sizeof(((struct mdt_rec_setattr *)0)->sa_fsuid_h) == 4, ""found %lld\n"", (long long)(int)sizeof(((struct mdt_rec_setattr *)0)->sa_fsuid_h)",1,0,1
d->mmio->cfg.guest_feature_select == 1,1,0,1
"call->state, >=, RXRPC_CALL_COMPLETE",1,0,1
"(int)offsetof(struct ptlrpc_body_v3, pb_last_committed) == (int)offsetof(struct ptlrpc_body_v2, pb_last_committed), ""%d != %d\n"", (int)offsetof(struct ptlrpc_body_v3, pb_last_committed), (int)offsetof(struct ptlrpc_body_v2, pb_last_committed)",1,0,1
"(int)offsetof(struct mdt_rec_link, lk_suppgid1) == 24, ""found %lld\n"", (long long)(int)offsetof(struct mdt_rec_link, lk_suppgid1)",1,0,1
"LAYOUT_INTENT_RELEASE == 5, ""found %lld\n"", (long long)LAYOUT_INTENT_RELEASE",1,0,1
len < sizeof(tmp),1,0,1
"DLM_LOCKREQ_OFF == 1, ""found %lld\n"", (long long)DLM_LOCKREQ_OFF",1,0,1
kmem_cache_node->size < sizeof(struct kmem_cache_node),1,0,1
sp->role.direct,1,0,1
ep->use_count == 0,1,0,1
!dl,1,0,1
list_empty(&node->li_group),1,0,1
!fcn,1,0,1
"MF_MDC_CANCEL_FID3 == 0x00000020UL, ""found 0x%.8xUL\n"", (unsigned)MF_MDC_CANCEL_FID3",1,0,1
sizeof(*tx) > DLN2_SPI_BUF_SIZE || sizeof(*rx) > DLN2_SPI_BUF_SIZE,1,0,1
"(int)offsetof(struct ll_fiemap_extent, fe_device) == 44, ""found %lld\n"", (long long)(int)offsetof(struct ll_fiemap_extent, fe_device)",1,0,1
"offsetof(union irq_stack_union, stack_canary) != 40",1,0,1
(clkout == 0) && (source > PRCMU_CLKSRC_CLK009),1,0,1
mddev->delta_disks != 0,1,0,1
"(int)offsetof(struct changelog_ext_rec, cr_tfid) == 32, ""found %lld\n"", (long long)(int)offsetof(struct changelog_ext_rec, cr_tfid)",1,0,1
!pool->high_count,1,0,1
"(int)sizeof(((struct mdt_rec_create *)0)->cr_fsgid) == 4, ""found %lld\n"", (long long)(int)sizeof(((struct mdt_rec_create *)0)->cr_fsgid)",1,0,1
lock->cll_state >= CLS_QUEUING,1,0,1
"(int)sizeof(((struct ldlm_reply *)0)->lock_policy_res1) == 8, ""found %lld\n"", (long long)(int)sizeof(((struct ldlm_reply *)0)->lock_policy_res1)",1,0,1
!list_empty(&migratepages),1,0,1
tp->t_blk_res_used <= tp->t_blk_res,1,0,1
"(int)offsetof(struct llog_unlink64_rec, lur_padding2) == 40, ""found %lld\n"", (long long)(int)offsetof(struct llog_unlink64_rec, lur_padding2)",1,0,1
"((offsetof(struct ncr_reg, nc_sxfer) ^ offsetof(struct tcb , sval )) &3) != 3",1,0,1
CUSE_INIT_INFO_MAX > PAGE_SIZE,1,0,1
"&ctxt->loc_refcount, 0, LI_POISON",1,0,1
"(int)sizeof(((struct mdt_rec_setxattr *)0)->sx_padding_3) == 4, ""found %lld\n"", (long long)(int)sizeof(((struct mdt_rec_setxattr *)0)->sx_padding_3)",1,0,1
"server->fs_vnodes.rb_node, ==, NULL",1,0,1
*dbuf == finished,1,0,1
&IWL_TRANS_GET_PCIE_TRANS(trans)->irq_lock,1,0,1
sizeof(struct signalfd_siginfo) != 128,1,0,1
ext->oe_obj == obj,1,0,1
"(int)offsetof(struct mdt_body, eadatasize) == 148, ""found %lld\n"", (long long)(int)offsetof(struct mdt_body, eadatasize)",1,0,1
"(int)offsetof(struct ost_body, oa) == 0, ""found %lld\n"", (long long)(int)offsetof(struct ost_body, oa)",1,0,1
"(int)sizeof(((struct ll_user_fiemap *)0)->fm_length) == 8, ""found %lld\n"", (long long)(int)sizeof(((struct ll_user_fiemap *)0)->fm_length)",1,0,1
free_pfn == 0,1,0,1
wl_e,1,0,1
"(int)offsetof(struct llog_unlink_rec, lur_count) == 28, ""found %lld\n"", (long long)(int)offsetof(struct llog_unlink_rec, lur_count)",1,0,1
md->md_threshold > 0,1,0,1
extent_op,1,0,1
!cie_tmp,1,0,1
"(int)sizeof(((struct ll_fid *)0)->generation) == 4, ""found %lld\n"", (long long)(int)sizeof(((struct ll_fid *)0)->generation)",1,0,1
"""failed with sythesizing all"", !mmap_events(synth_all)",1,0,1
*pos < 0 || *pos > erst_record_id_cache.len,1,0,1
sizeof(struct xhci_cap_regs) != 8*32/8,1,0,1
cpu < 0 || cpu >= NR_CPUS,1,0,1
!wrapped_hblks,1,0,1
!rbd_obj_request_cache,1,0,1
"(int)offsetof(struct lustre_msg_v2, lm_secflvr) == 4, ""found %lld\n"", (long long)(int)offsetof(struct lustre_msg_v2, lm_secflvr)",1,0,1
"pmd != pmd_offset(pud, 0)",1,0,1
"vma->anon_vma != next->anon_vma, vma",1,0,1
length > SIZE_MAX - cursor->page_offset,1,0,1
lock->ml.convert_type != LKM_IVMODE,1,0,1
"(int)offsetof(struct obd_connect_data, ocd_grant) == 12, ""found %lld\n"", (long long)(int)offsetof(struct obd_connect_data, ocd_grant)",1,0,1
"gpio_request(H2_NAND_RB_GPIO_PIN, ""NAND ready"") < 0",1,0,1
"(int)offsetof(struct llog_gen_rec, lgr_hdr) == 0, ""found %lld\n"", (long long)(int)offsetof(struct llog_gen_rec, lgr_hdr)",1,0,1
!(c->lst.total_free & 7) && !(c->lst.total_dirty & 7),1,0,1
size == KSOCK_NOOP_TX_SIZE,1,0,1
ret != xpSuccess,1,0,1
!nrq->nr_finalized,1,0,1
PageWriteback(old),1,0,1
"atomic_read(&op->usage), ==, 0",1,0,1
"offsetof(typeof(*cmd), u_body.sid) != offsetof(typeof(*cmd), sid)",1,0,1
!scb->next_scb_ptr,1,0,1
node->scanned_block,1,0,1
info->clt_counters[i].ctc_nr_used == 0,1,0,1
rcd->rqID != rq->qid && rcd->rqID != rq->qid2,1,0,1
entries > MAX_MEM_ARRAY_ENTRIES,1,0,1
!avic_base,1,0,1
"st_shift, 0, inst, rstst_offs",1,0,1
"(int)sizeof(((struct lustre_capa *)0)->lc_hmac[64]) == 1, ""found %lld\n"", (long long)(int)sizeof(((struct lustre_capa *)0)->lc_hmac[64])",1,0,1
MDS_SETATTR64_REC == 275325953,1,0,1
lock->l_resource != NULL,1,0,1
ovs_identifier_is_ufid(&flow->id),1,0,1
"((offsetof(struct sym_reg, nc_sxfer) ^ offsetof(struct sym_tcb, head.sval)) &3) == 0",1,0,1
LUSTRE_RES_ID_QUOTA_SEQ_OFF == 2,1,0,1
c->space_fixup,1,0,1
"(int)offsetof(struct llog_unlink_rec, lur_oid) == 16, ""found %lld\n"", (long long)(int)offsetof(struct llog_unlink_rec, lur_oid)",1,0,1
pcpu_verify_alloc_info(ai) < 0,1,0,1
orphan->new,1,0,1
UBIFS_ORPH_NODE_SZ & 7,1,0,1
BGMAC_PC_MCT_SHIFT != BCMA_GMAC_CMN_PC_MCT_SHIFT,1,0,1
"!IS_ALIGNED(adapter->ringStatePA, PAGE_SIZE)",1,0,1
REG_DUMP_COUNT_AR6003 % 4,1,0,1
desc->pd_ops->op_req_enqueue != NULL,1,0,1
!sc,1,0,1
"(int)sizeof(((struct lmv_desc *)0)->ld_default_stripe_count) == 4, ""found %lld\n"", (long long)(int)sizeof(((struct lmv_desc *)0)->ld_default_stripe_count)",1,0,1
imm & ~(SZ_4K - 1),1,0,1
page_count(page_tail) <= 0,1,0,1
"(offsetof(struct perf_event_mmap_page, data_head)) != 1024",1,0,1
"FID_SEQ_IGIF_MAX == 0x00000000ffffffffULL, ""found 0x%.16llxULL\n"", (long long)FID_SEQ_IGIF_MAX",1,0,1
"(int)offsetof(struct mdt_rec_setattr, sa_padding_3) == 124, ""found %lld\n"", (long long)(int)offsetof(struct mdt_rec_setattr, sa_padding_3)",1,0,1
offset >= bitmap_start,1,0,1
"gfn != kvm_mmu_page_get_gfn(sp, index)",1,0,1
"(int)sizeof(struct quota_body) == 112, ""found %lld\n"", (long long)(int)sizeof(struct quota_body)",1,0,1
(*res_ptr & mask) != mask,1,0,1
opcode > 15,1,0,1
(bx) >= DP_EMIN - 1 + DP_EBIAS && (bx) <= DP_EMAX + 1 + DP_EBIAS,1,0,1
(ev->md.options & LNET_MD_MANAGE_REMOTE) != 0,1,0,1
ctx->bank2.dma & ((1 << MFC_BANK2_ALIGN_ORDER) - 1),1,0,1
"(int)offsetof(struct mdt_body, padding_6) == 176, ""found %lld\n"", (long long)(int)offsetof(struct mdt_body, padding_6)",1,0,1
atomic_read(&obj->oo_nr_reads) >= 0,1,0,1
ai->dyn_size < PERCPU_DYNAMIC_EARLY_SIZE,1,0,1
memblock.memory.cnt != 2,1,0,1
LUSTRE_RES_ID_HSH_OFF == 3,1,0,1
"offsetof(typeof(*b), pb_padding) != 0",1,0,1
UBIFS_CS_NODE_SZ & 7,1,0,1
"(int)sizeof(((struct lov_desc *)0)->ld_uuid) == 40, ""found %lld\n"", (long long)(int)sizeof(((struct lov_desc *)0)->ld_uuid)",1,0,1
"(int)sizeof(struct ldlm_res_id) == 32, ""found %lld\n"", (long long)(int)sizeof(struct ldlm_res_id)",1,0,1
"(int)sizeof(((struct mdt_rec_create *)0)->cr_fsuid) == 4, ""found %lld\n"", (long long)(int)sizeof(((struct mdt_rec_create *)0)->cr_fsuid)",1,0,1
reply_len > 15,1,0,1
"0, ""unsupported opcode %u\n"", idx",1,0,1
PageLocked(dst_page),1,0,1
!list_empty(&fi->write_files),1,0,1
compression,1,0,1
B43_TXRING_SLOTS % TX_SLOTS_PER_FRAME != 0,1,0,1
"(int)offsetof(struct obd_quotactl, qc_dqblk) == 40, ""found %lld\n"", (long long)(int)offsetof(struct obd_quotactl, qc_dqblk)",1,0,1
mbo->bus_address == 0,1,0,1
!cl->cl_next_free_rec,1,0,1
"(int)sizeof(struct ll_fiemap_extent) == 56, ""found %lld\n"", (long long)(int)sizeof(struct ll_fiemap_extent)",1,0,1
reason & ~(VM_UFFD_MISSING|VM_UFFD_WP),1,0,1
mpic->save_data == NULL,1,0,1
thread != atoms->thread,1,0,1
"(int)sizeof(struct llogd_body) == 48, ""found %lld\n"", (long long)(int)sizeof(struct llogd_body)",1,0,1
"(int)offsetof(struct mdt_rec_create, cr_bias) == 116, ""found %lld\n"", (long long)(int)offsetof(struct mdt_rec_create, cr_bias)",1,0,1
(PAGE_SIZE % RADEON_GPU_PAGE_SIZE) != 0,1,0,1
ref_offset(ref) != jeb->offset,1,0,1
page_bad->page == NULL,1,0,1
rblock->bb_u.l.bb_rightsib == cpu_to_be64(NULLFSBLOCK),1,0,1
"(int)offsetof(struct obd_statfs, os_spare9) == 140, ""found %lld\n"", (long long)(int)offsetof(struct obd_statfs, os_spare9)",1,0,1
dev->mod_info != pa_pdc_cell->mod_info,1,0,1
lock->cll_error,1,0,1
!(obj->active & (1 << ring)),1,0,1
"(int)offsetof(struct hsm_action_item, hai_extent) == 40, ""found %lld\n"", (long long)(int)offsetof(struct hsm_action_item, hai_extent)",1,0,1
!mpio,1,0,1
"(int)sizeof(((struct mdt_body *)0)->t_state) == 8, ""found %lld\n"", (long long)(int)sizeof(((struct mdt_body *)0)->t_state)",1,0,1
"(int)sizeof(((struct llog_unlink64_rec *)0)->lur_hdr) == 16, ""found %lld\n"", (long long)(int)sizeof(((struct llog_unlink64_rec *)0)->lur_hdr)",1,0,1
(sizeof(*stk->pool) % COMMANDLIST_ALIGNMENT) != 0,1,0,1
"r->res_nodeid >= 0, dlm_print_rsb(r);",1,0,1
"(int)offsetof(struct mdt_rec_reint, rr_fsgid_h) == 20, ""found %lld\n"", (long long)(int)offsetof(struct mdt_rec_reint, rr_fsgid_h)",1,0,1
kaddr < PAGE_OFFSET,1,0,1
shift > LOCAL_BUF_LEN,1,0,1
sv->sv_id <= SRPC_FRAMEWORK_SERVICE_MAX_ID,1,0,1
"OBD_PING == 400, ""found %lld\n"", (long long)OBD_PING",1,0,1
"offsetof(typeof(*ocd), padding2) != 0",1,0,1
"OST_REPLY == 0, ""found %lld\n"", (long long)OST_REPLY",1,0,1
sizeof(struct lov_user_md_v3) == sizeof(struct lov_mds_md_v3),1,0,1
"(value) & ~(mask), ""Incorrect value for mask""",1,0,1
iclog,1,0,1
info->policy == NULL,1,0,1
obj_request_type_valid(orig_request->type),1,0,1
"MDS_SETXATTR == 50, ""found %lld\n"", (long long)MDS_SETXATTR",1,0,1
page_count(page) > 1,1,0,1
scb->index < 0 || scb->index >= ins->nscb || (ins->scbs + scb->index) != scb,1,0,1
"CFS_SETUID_PERM == 0x00000001UL, ""found 0x%.8xUL\n"", (unsigned)CFS_SETUID_PERM",1,0,1
"(int)sizeof(((struct llog_setattr64_rec *)0)->lsr_uid) == 4, ""found %lld\n"", (long long)(int)sizeof(((struct llog_setattr64_rec *)0)->lsr_uid)",1,0,1
!imp->imp_dlm_fake,1,0,1
ring->type != PACKET_TX_RING,1,0,1
"MDS_LAST_OPC == 62, ""found %lld\n"", (long long)MDS_LAST_OPC",1,0,1
IS_POW2(VCHIQ_MAX_SERVICES),1,0,1
"(int)sizeof(((struct lu_dirent *)0)->lde_attrs) == 4, ""found %lld\n"", (long long)(int)sizeof(((struct lu_dirent *)0)->lde_attrs)",1,0,1
range_start >= range_end,1,0,1
sc->cmd_len > VSCSIIF_MAX_COMMAND_SIZE,1,0,1
delta > ISL38XX_CB_RX_QSIZE,1,0,1
!mmu_is_nested(vcpu),1,0,1
sync_blocks < (PAGE_SIZE>>9),1,0,1
skmsg->state == SKD_MSG_STATE_IDLE,1,0,1
start > orig_start,1,0,1
"VIRTIO_PCI_COMMON_DF != offsetof(struct virtio_pci_common_cfg, device_feature)",1,0,1
KASAN_SHADOW_OFFSET != KASAN_SHADOW_END - (1UL << 61),1,0,1
(unsigned long)(&(pcp2)) != (unsigned long)(&(pcp1)) + sizeof(pcp1),1,0,1
"(int)sizeof(((struct llog_size_change_rec *)0)->lsc_padding1) == 4, ""found %lld\n"", (long long)(int)sizeof(((struct llog_size_change_rec *)0)->lsc_padding1)",1,0,1
BGMAC_MAX_RX_RINGS > ARRAY_SIZE(ring_base),1,0,1
"ergo(rc == 0, opg->ops_transfer_pinned == 0)",1,0,1
crpc->crp_posted && !crpc->crp_finished,1,0,1
"(sizeof(union hpi_message_buffer_v1) <= HPI_MAX_PAYLOAD_SIZE), message_buffer_ok",1,0,1
"(int)sizeof(((struct niobuf_remote *)0)->len) == 4, ""found %lld\n"", (long long)(int)sizeof(((struct niobuf_remote *)0)->len)",1,0,1
lio->lis_nr_subios > 0,1,0,1
req->rq_rqbd != NULL,1,0,1
atomic_read(&rpipe->segs_available) > maxrequests,1,0,1
conf->r1buf_pool,1,0,1
!list_empty(&node->list),1,0,1
crossed_boundary != 1,1,0,1
num_devices < 1,1,0,1
!rxd->addr,1,0,1
next_agino != NULLAGINO,1,0,1
"LUSTRE_MSG_MAGIC_V2 == 0x0BD00BD3, ""found 0x%.8x\n"", LUSTRE_MSG_MAGIC_V2",1,0,1
"(int)offsetof(struct mdt_body, fid1) == 0, ""found %lld\n"", (long long)(int)offsetof(struct mdt_body, fid1)",1,0,1
"(int)offsetof(struct mdt_rec_setxattr, sx_time) == 80, ""found %lld\n"", (long long)(int)offsetof(struct mdt_rec_setxattr, sx_time)",1,0,1
rdma->state != P9_RDMA_INIT,1,0,1
c == p,1,0,1
"list_empty(&pool->prp_req_list) || size == pool->prp_rq_size, ""Trying to change pool size with nonempty pool from %d to %d bytes\n"", pool->prp_rq_size, size",1,0,1
num_afmt > ARRAY_SIZE(eg_offsets),1,0,1
d_unhashed(alias),1,0,1
!xe || ocfs2_xattr_is_local(xe),1,0,1
bits_not_wanted,1,0,1
"OBD_CONNECT_LRU_RESIZE == 0x2000000ULL, ""found 0x%.16llxULL\n"", OBD_CONNECT_LRU_RESIZE",1,0,1
list->rb_tree.rb_node,1,0,1
"buf, he->stat_acc->period == expected[i].children",1,0,1
list_empty(&exp->exp_req_replay_queue),1,0,1
!pio->regs,1,0,1
order < 1,1,0,1
"(int)offsetof(struct mdt_rec_setxattr, sx_padding_7) == 104, ""found %lld\n"", (long long)(int)offsetof(struct mdt_rec_setxattr, sx_padding_7)",1,0,1
iclog->ic_offset <= iclog->ic_size,1,0,1
skmsg->state == SKD_MSG_STATE_BUSY,1,0,1
"MDS_GETATTR_NAME == 34, ""found %lld\n"", (long long)MDS_GETATTR_NAME",1,0,1
ARRAY_SIZE(max14577_supported_regulators) != MAX14577_REGULATOR_NUM,1,0,1
MAX_PORTS != I915_MAX_PORTS,1,0,1
part->reason == xpSuccess,1,0,1
(unsigned long)dst & 0x1,1,0,1
!nlh,1,0,1
q >= h->nreply_queues,1,0,1
req->inode != inode,1,0,1
found->seq > cur->seq,1,0,1
"(int)offsetof(struct mdt_body, fid2) == 16, ""found %lld\n"", (long long)(int)offsetof(struct mdt_body, fid2)",1,0,1
"(int)offsetof(struct obdo, o_gid_h) == 172, ""found %lld\n"", (long long)(int)offsetof(struct obdo, o_gid_h)",1,0,1
nf_nat_decode_session_hook != NULL,1,0,1
"(int)offsetof(struct hsm_copy, hc_errval) == 10, ""found %lld\n"", (long long)(int)offsetof(struct hsm_copy, hc_errval)",1,0,1
"(int)sizeof(((struct mdt_rec_unlink *)0)->ul_fsgid_h) == 4, ""found %lld\n"", (long long)(int)sizeof(((struct mdt_rec_unlink *)0)->ul_fsgid_h)",1,0,1
ubi->hdrs_min_io_size > 0,1,0,1
"uuid_equal(&rblock->bb_u.l.bb_uuid, &mp->m_sb.sb_meta_uuid)",1,0,1
"DISP_OPEN_LOCK == 0x02000000UL, ""found 0x%.8xUL\n"", (unsigned)DISP_OPEN_LOCK",1,0,1
"obd->obd_magic == OBD_DEVICE_MAGIC, ""obd %p obd_magic %08X != %08X\n"", obd, obd->obd_magic, OBD_DEVICE_MAGIC",1,0,1
"dev_priv, pipe, PCH_DP_C, TRANS_DP_PORT_SEL_C",1,0,1
range.start + range.size > list_va,1,0,1
"(int)sizeof(((struct llog_gen_rec *)0)->lgr_gen) == 16, ""found %lld\n"", (long long)(int)sizeof(((struct llog_gen_rec *)0)->lgr_gen)",1,0,1
tp->t_log_res == 0 || tp->t_log_res == resp->tr_logres,1,0,1
!(dlm->reco.state & DLM_RECO_STATE_ACTIVE),1,0,1
!PagePinned(page),1,0,1
"offsetof(typeof(*os), os_spare5) != 0",1,0,1
str == NULL,1,0,1
"(int)sizeof(((struct mdt_body *)0)->padding_10) == 8, ""found %lld\n"", (long long)(int)sizeof(((struct mdt_body *)0)->padding_10)",1,0,1
"(int)offsetof(struct lmv_desc, ld_pattern) == 12, ""found %lld\n"", (long long)(int)offsetof(struct lmv_desc, ld_pattern)",1,0,1
"q, ==, p + 256",1,0,1
KVM_PREALLOC_LEVEL != 2,1,0,1
idx <= FIX_HOLE || idx >= __end_of_fixed_addresses,1,0,1
!capsnap->need_flush,1,0,1
"offsetof(typeof(*ocd), padding6) != 0",1,0,1
lockres->l_blocking != DLM_LOCK_NL,1,0,1
"(int)sizeof(((struct mdt_rec_create *)0)->cr_padding_4) == 4, ""found %lld\n"", (long long)(int)sizeof(((struct mdt_rec_create *)0)->cr_padding_4)",1,0,1
!clockevent_state_detached(dev),1,0,1
array->ptrs[i] != NULL,1,0,1
"MSG_CONNECT_RECONNECT == 0x00000002UL, ""found 0x%.8xUL\n"", (unsigned)MSG_CONNECT_RECONNECT",1,0,1
"(int)sizeof(((struct mdt_rec_link *)0)->lk_padding_5) == 4, ""found %lld\n"", (long long)(int)sizeof(((struct mdt_rec_link *)0)->lk_padding_5)",1,0,1
tx_slot >= priv->omsg_ring[ch].size,1,0,1
"obd->obd_starting == 1 || obd->obd_stopping == 1 || obd->obd_set_up == 0, ""wrong obd state: %d/%d/%d\n"", !!obd->obd_starting, !!obd->obd_stopping, !!obd->obd_set_up",1,0,1
UBIFS_REF_NODE_SZ != 64,1,0,1
bio->bi_iter.bi_size != bh->b_size,1,0,1
strlen(fsname) < sizeof(logname) / 2,1,0,1
"(int)sizeof(((struct mdt_rec_unlink *)0)->ul_suppgid1_h) == 4, ""found %lld\n"", (long long)(int)sizeof(((struct mdt_rec_unlink *)0)->ul_suppgid1_h)",1,0,1
ppga != NULL,1,0,1
bp->b_flags & XBF_DONE,1,0,1
"(int)offsetof(struct mdt_rec_reint, rr_fsuid) == 8, ""found %lld\n"", (long long)(int)offsetof(struct mdt_rec_reint, rr_fsuid)",1,0,1
!numentries,1,0,1
"MDS_OPEN_HAS_OBJS == 020000000000UL, ""found 0%.11oUL\n"", MDS_OPEN_HAS_OBJS",1,0,1
!ex->parent_port,1,0,1
"atomic_read(&cell->usage), >=, 0",1,0,1
!cpu_is_valid_lotar(cpu),1,0,1
!skb || (skb->data != urb->transfer_buffer),1,0,1
"OBD_MD_FLDIREA == (0x10000000ULL), ""found 0x%.16llxULL\n"", OBD_MD_FLDIREA",1,0,1
"cl_page_is_vmlocked(env, pg)",1,0,1
!b->last_set_unwritten,1,0,1
!list_empty(&task->ptraced),1,0,1
spec->image_id,1,0,1
reboot_code_buffer == NULL,1,0,1
(reason & __SI_MASK) != __SI_POLL,1,0,1
KEY_INODE(k) != dc->disk.id,1,0,1
"(int)sizeof(((struct mdt_rec_link *)0)->lk_padding_3) == 8, ""found %lld\n"", (long long)(int)sizeof(((struct mdt_rec_link *)0)->lk_padding_3)",1,0,1
!emu || !card,1,0,1
"(int)sizeof(struct mdt_rec_reint) == 136, ""found %lld\n"", (long long)(int)sizeof(struct mdt_rec_reint)",1,0,1
"(int)sizeof(((struct mdt_rec_link *)0)->lk_suppgid1) == 4, ""found %lld\n"", (long long)(int)sizeof(((struct mdt_rec_link *)0)->lk_suppgid1)",1,0,1
conn->ibc_nrx > 0,1,0,1
MAX_BINDINGS != 4,1,0,1
best >= le16_to_cpu(cl->cl_next_free_rec),1,0,1
"(int)offsetof(struct lquota_lvb, lvb_id_qunit) == 24, ""found %lld\n"", (long long)(int)offsetof(struct lquota_lvb, lvb_id_qunit)",1,0,1
max * 2 == max2,1,0,1
!mutex_is_locked(&cbe_spu_info[spu->node].list_mutex),1,0,1
"""failed to close dso_1"", dso_1->data.fd == -1",1,0,1
file && mddev->bitmap_info.offset,1,0,1
lock->task == NULL,1,0,1
"atomic_read(&vl->usage), >, 0",1,0,1
block != bh->b_blocknr,1,0,1
"REINT_LINK == 3, ""found %lld\n"", (long long)REINT_LINK",1,0,1
bkey_next(p) != m,1,0,1
sizeof(struct xpc_vars_part_sn2) != L1_CACHE_BYTES / 2,1,0,1
list_empty(&the_lnet.ln_nis_cpt),1,0,1
vq_tx != cfv->vq_tx,1,0,1
cgrp1->root != cgrp2->root,1,0,1
nritems == BTRFS_NODEPTRS_PER_BLOCK(root),1,0,1
nrs->nrs_policy_fallback == NULL,1,0,1
d_inode(*de) == NULL,1,0,1
UBIFS_MAX_DATA_NODE_SZ > UBIFS_MAX_NODE_SZ,1,0,1
!DCR_MAP_OK(rb->dhost),1,0,1
atomic_read(&cli->cl_lru_in_list) > 0,1,0,1
priv->scan.req,1,0,1
!lock->l_readers && !lock->l_writers,1,0,1
src_format->rate == dst_format->rate,1,0,1
"offsetof(typeof(*cmd), r_body.sid) != offsetof(typeof(*cmd), sid)",1,0,1
"MDS_SWAP_LAYOUTS == 61, ""found %lld\n"", (long long)MDS_SWAP_LAYOUTS",1,0,1
(start >> PAGE_SHIFT) & page_mask,1,0,1
"(int)offsetof(struct obd_quotactl, qc_id) == 8, ""found %lld\n"", (long long)(int)offsetof(struct obd_quotactl, qc_id)",1,0,1
!tgt,1,0,1
"(int)offsetof(struct mdt_rec_reint, rr_opcode) == 0, ""found %lld\n"", (long long)(int)offsetof(struct mdt_rec_reint, rr_opcode)",1,0,1
evsel->evlist == NULL,1,0,1
ts->hardwall[hwt->index].info == NULL,1,0,1
!(vi->vi_ih) || !vi->vi_item,1,0,1
a->mp[index] != mp,1,0,1
"""Unmatched nr samples for dso filter"", hists->stats.nr_non_filtered_samples == 3",1,0,1
"(int)sizeof(((struct mdt_rec_rename *)0)->rn_fsgid_h) == 4, ""found %lld\n"", (long long)(int)sizeof(((struct mdt_rec_rename *)0)->rn_fsgid_h)",1,0,1
pages_needed,1,0,1
!desc->ipr_offsets[p->ipr_idx],1,0,1
sizeof(struct zbud_header) > ZHDR_SIZE_ALIGNED,1,0,1
shortcut->back_pointer != parent,1,0,1
!spdifi_scb_desc,1,0,1
idx < lio->lis_nr_subios,1,0,1
NR_CPUS != 1 && !spin_is_locked(&lruvec_zone(lruvec)->lru_lock),1,0,1
blocks[count+1] != dest,1,0,1
"(int)sizeof(((struct llog_cookie *)0)->lgc_lgl) == 20, ""found %lld\n"", (long long)(int)sizeof(((struct llog_cookie *)0)->lgc_lgl)",1,0,1
"device, ap_bio >= 0",1,0,1
"(int)offsetof(struct llog_size_change_rec, lsc_tail) == 56, ""found %lld\n"", (long long)(int)offsetof(struct llog_size_change_rec, lsc_tail)",1,0,1
"sbi, list_empty(&nm_i->free_nid_list)",1,0,1
ino == LOGFS_INO_SEGFILE,1,0,1
(e->target & J_ALIGN_MASK) != J_ISA_BIT,1,0,1
IWL_MVM_SCAN_STOPPING_MASK & IWL_MVM_SCAN_MASK,1,0,1
fc->ctl_ndents >= FUSE_CTL_NUM_DENTRIES,1,0,1
atomic_read(&bo->list_kref.refcount),1,0,1
"lkb->lkb_wait_count, dlm_print_lkb(lkb);",1,0,1
"(int)sizeof(struct lustre_capa) == 120, ""found %lld\n"", (long long)(int)sizeof(struct lustre_capa)",1,0,1
!pcm || !rsubstream,1,0,1
skb->queue_mapping < priv->ae_handle->q_num,1,0,1
!port || !ev,1,0,1
je16_to_cpu(node->u.magic) != 0x1985 && je16_to_cpu(node->u.magic) != 0,1,0,1
d_inode(child),1,0,1
args->min_agbno <= args->max_agbno,1,0,1
writepos < reshape_sectors,1,0,1
"""wrong config"", PERF_COUNT_SW_TASK_CLOCK == evsel->attr.config",1,0,1
"(value) & 0xffff0000, ""Incorrect value""",1,0,1
!pagelist->length,1,0,1
"(int)sizeof(((struct lu_dirpage *)0)->ldp_flags) == 4, ""found %lld\n"", (long long)(int)sizeof(((struct lu_dirpage *)0)->ldp_flags)",1,0,1
end < start,1,0,1
"(int)sizeof(struct mdt_rec_setattr) == 136, ""found %lld\n"", (long long)(int)sizeof(struct mdt_rec_setattr)",1,0,1
!sg_page(dst),1,0,1
sizeof(struct batadv_bla_claim_dst) != 6,1,0,1
second,1,0,1
res.sr_bits != 1,1,0,1
"OST_SETATTR == 2, ""found %lld\n"", (long long)OST_SETATTR",1,0,1
"(int)offsetof(struct mdt_rec_create, cr_fid1) == 40, ""found %lld\n"", (long long)(int)offsetof(struct mdt_rec_create, cr_fid1)",1,0,1
"(int)sizeof(struct hsm_user_request) == 24, ""found %lld\n"", (long long)(int)sizeof(struct hsm_user_request)",1,0,1
memcg->kmem_acct_active,1,0,1
!irq,1,0,1
current->journal_info != BTRFS_SEND_TRANS_STUB,1,0,1
"fd, MFD_DEF_SIZE * 4",1,0,1
!entry && cache != _PAGE_CACHE_MODE_WB,1,0,1
"(int)sizeof(((struct ost_lvb *)0)->lvb_padding) == 4, ""found %lld\n"", (long long)(int)sizeof(((struct ost_lvb *)0)->lvb_padding)",1,0,1
"(int)offsetof(struct lustre_msg_v2, lm_cksum) == 16, ""found %lld\n"", (long long)(int)offsetof(struct lustre_msg_v2, lm_cksum)",1,0,1
pmdp == NULL,1,0,1
plugin->access != SNDRV_PCM_ACCESS_RW_INTERLEAVED && format->channels > 1,1,0,1
"1, ""Unhandled _halt_status (%d)\n"", halt_status",1,0,1
meta_group_info[i]->bb_bitmap == NULL,1,0,1
npath != NULL,1,0,1
atomic_long_read(&ubifs_clean_zn_cnt) == 0,1,0,1
!chan->device || !chan->device->dev,1,0,1
mft_ni->initialized_size > i_size_read(vol->mft_ino),1,0,1
pcol_src->nr_pages < ios->nr_pages,1,0,1
tmp,1,0,1
ts->hardwall[hwt->index].info != info,1,0,1
!leader->fd,1,0,1
xpc_arch_ops.any_partition_engaged(),1,0,1
(laddr + pages) > rrpc->nr_pages,1,0,1
OBD_FL_CREATE_CROW == 0x00000400,1,0,1
"offsetof(struct iovec, iov_base) != offsetof(struct kvec, iov_base)",1,0,1
runtime->dma_bytes <= 0 || runtime->dma_bytes >= (emu->address_mode ? MAXPAGES1 : MAXPAGES0) * EMUPAGESIZE,1,0,1
!lli->lli_open_fd_exec_count,1,0,1
lp->tagged_cmds[ent->orig_tag[1]],1,0,1
"(int)offsetof(struct mdt_rec_create, cr_suppgid1) == 24, ""found %lld\n"", (long long)(int)offsetof(struct mdt_rec_create, cr_suppgid1)",1,0,1
"(int)sizeof(((struct ll_fiemap_extent *)0)->fe_length) == 8, ""found %lld\n"", (long long)(int)sizeof(((struct ll_fiemap_extent *)0)->fe_length)",1,0,1
dev->rstc,1,0,1
"lprops == ubifs_lpt_lookup_dirty(c, lprops->lnum)",1,0,1
sizeof(struct pvscsi_sg_list) > SGL_SIZE,1,0,1
handle_base != 0ULL,1,0,1
order > state->page_order,1,0,1
"(int)offsetof(struct obd_connect_data, ocd_group) == 48, ""found %lld\n"", (long long)(int)offsetof(struct obd_connect_data, ocd_group)",1,0,1
"SEQ_ALLOC_SUPER == 0, ""found %lld\n"", (long long)SEQ_ALLOC_SUPER",1,0,1
node->start < start,1,0,1
cipher_name_len > ECRYPTFS_MAX_CIPHER_NAME_SIZE,1,0,1
fid_is_sane(&op_data->op_fid1),1,0,1
"r, ==, p",1,0,1
lov->lo_owner != current,1,0,1
"offsetof(struct cbe_mic_tm_regs, mic_df_config) != 0x218",1,0,1
!delayed_root,1,0,1
k < max2,1,0,1
"0, ""Free of address %p that was never allocated or already freed %s:%d"", addr, func, line",1,0,1
"txq->descs != PTR_ALIGN(txq->descs, MVPP2_CPU_D_CACHE_LINE_SIZE)",1,0,1
anon_vma->degree,1,0,1
(PAGE_SIZE << ADDITIONAL_HUGE_SHIFT) != ADDITIONAL_HUGE_SIZE,1,0,1
"op->state, >=, FSCACHE_OP_ST_PENDING",1,0,1
dev < 0 || dev >= SNDRV_OSS_INFO_DEV_COUNT,1,0,1
OCFS2_XATTR_BUCKET_SIZE == OCFS2_SB(sb)->s_clustersize,1,0,1
"memcmp(__user_addr_max - 3, ""bc"", 2) == 0",1,0,1
!list_empty(&conn->c_retrans),1,0,1
!shadow,1,0,1
tdt != tx_ring->next_to_use,1,0,1
ins->pcm_input,1,0,1
icptr,1,0,1
atomic_read(&txq->used),1,0,1
"(int)sizeof(((struct ptlrpc_body_v3 *)0)->pb_service_time) == 4, ""found %lld\n"", (long long)(int)sizeof(((struct ptlrpc_body_v3 *)0)->pb_service_time)",1,0,1
"(int)offsetof(struct lu_dirent, lde_name[0]) == 32, ""found %lld\n"", (long long)(int)offsetof(struct lu_dirent, lde_name[0])",1,0,1
!mutex_is_locked(&ocfs2_control_lock),1,0,1
"FALSE, (""Unknown RFChipID: %d\n"", pHalData->RFChipID)",1,0,1
atomic64_dec_if_positive(&v) != (-one - one),1,0,1
delayed_work_pending(&cmd->abort_work),1,0,1
atomic_read(&tunnel->ref_count) != 0,1,0,1
OCFS2_XATTR_SIZE(loc->xl_entry->xe_name_len) != name_size,1,0,1
mutex_is_locked(&ubifs_inode(old_dir)->ui_mutex),1,0,1
mp->m_sb.sb_pquotino == NULLFSINO,1,0,1
offset_in_page(ai->unit_size),1,0,1
"(int)sizeof(struct obdo) == 208, ""found %lld\n"", (long long)(int)sizeof(struct obdo)",1,0,1
fmt->rf_fields[i].nr >= old->rf_fields[i].nr,1,0,1
this->base + this->size > next->base,1,0,1
list_empty(&lock->l_pending_chain),1,0,1
"(int)sizeof(((struct mdt_rec_setxattr *)0)->sx_suppgid1) == 4, ""found %lld\n"", (long long)(int)sizeof(((struct mdt_rec_setxattr *)0)->sx_suppgid1)",1,0,1
"*start <= *hash, ""start = %#llx,end = %#llx,hash = %#llx\n"", *start, *end, *hash",1,0,1
"Q_QUOTACHECK == 0x800100, ""found 0x%.8x\n"", Q_QUOTACHECK",1,0,1
!cmd->data_length,1,0,1
"(int)offsetof(struct ptlrpc_body_v3, pb_last_xid) == 24, ""found %lld\n"", (long long)(int)offsetof(struct ptlrpc_body_v3, pb_last_xid)",1,0,1
"ergo(ext->oe_state == OES_ACTIVE, !ext->oe_hp && ext->oe_urgent), ext",1,0,1
TASK_SIZE_32 > TASK_SIZE_64,1,0,1
"(int)sizeof(struct mdt_rec_rename) == 136, ""found %lld\n"", (long long)(int)sizeof(struct mdt_rec_rename)",1,0,1
"PageUnevictable(page), page",1,0,1
"(int)sizeof(struct ldlm_intent) == 8, ""found %lld\n"", (long long)(int)sizeof(struct ldlm_intent)",1,0,1
sgl->list_pos < UBI_MAX_SG_COUNT,1,0,1
"(int)sizeof(((struct mdt_body *)0)->padding_7) == 8, ""found %lld\n"", (long long)(int)sizeof(((struct mdt_body *)0)->padding_7)",1,0,1
sizeof(struct batadv_tvlv_tt_vlan_data) != 8,1,0,1
!list_empty(&schan->active),1,0,1
lock->cll_state <= state || (lock->cll_state == CLS_CACHED && (state == CLS_HELD || state == CLS_NEW || state == CLS_INTRANSIT)) || lock->cll_state == CLS_INTRANSIT,1,0,1
property,1,0,1
"(int)sizeof(((posix_acl_xattr_header *)0)->a_version) == 4, ""found %lld\n"", (long long)(int)sizeof(((posix_acl_xattr_header *)0)->a_version)",1,0,1
"(int)sizeof(((struct hsm_state_set *)0)->hss_archive_id) == 4, ""found %lld\n"", (long long)(int)sizeof(((struct hsm_state_set *)0)->hss_archive_id)",1,0,1
count > ATA_PORT_ATTRS,1,0,1
tun->numqueues != 0,1,0,1
"ostid_seq(&lsm->lsm_oi) == FID_SEQ_ECHO, DOSTID""\n"", POSTID(&lsm->lsm_oi)",1,0,1
"(int)offsetof(struct llog_gen_rec, lgr_tail) == 56, ""found %lld\n"", (long long)(int)offsetof(struct llog_gen_rec, lgr_tail)",1,0,1
use_eager_fpu(),1,0,1
"offsetof(struct hsm_user_import, hui_mode) == 40, ""found %lld\n"", (long long)offsetof(struct hsm_user_import, hui_mode)",1,0,1
"device, dp_flags & DP_SEND_WRITE_ACK",1,0,1
"atomic_read(&rxrpc_n_skbs), ==, 0",1,0,1
freq <= 0,1,0,1
!pdbgdev || !pdev,1,0,1
"(int)offsetof(struct mdt_rec_setxattr, sx_suppgid1_h) == 28, ""found %lld\n"", (long long)(int)offsetof(struct mdt_rec_setxattr, sx_suppgid1_h)",1,0,1
retry_op != READ_INLINE,1,0,1
cnt != PROLOGUE_SIZE,1,0,1
last_half_cycle != 0,1,0,1
req->rq_ctx_fini == 0,1,0,1
dlm->num_joins,1,0,1
&hugetlb_lock,1,0,1
!page_aligned(p[0].base) || !page_aligned(p[1].base),1,0,1
IWL_MVM_STATION_COUNT > 32,1,0,1
"(int)offsetof(struct ptlrpc_body_v3, pb_handle) == (int)offsetof(struct ptlrpc_body_v2, pb_handle), ""%d != %d\n"", (int)offsetof(struct ptlrpc_body_v3, pb_handle), (int)offsetof(struct ptlrpc_body_v2, pb_handle)",1,0,1
"FID_SEQ_START == 0x0000000200000000ULL, ""found 0x%.16llxULL\n"", (long long)FID_SEQ_START",1,0,1
"(int)sizeof(((struct ldlm_flock_wire *)0)->lfw_pid) == 4, ""found %lld\n"", (long long)(int)sizeof(((struct ldlm_flock_wire *)0)->lfw_pid)",1,0,1
"env, pg, !(pg->cp_flags & CPF_READ_COMPLETED)",1,0,1
mode != ATA_DITER_ENABLED && mode != ATA_DITER_ENABLED_REVERSE && mode != ATA_DITER_ALL && mode != ATA_DITER_ALL_REVERSE,1,0,1
"(int)sizeof(((struct ldlm_reply *)0)->lock_desc) == 80, ""found %lld\n"", (long long)(int)sizeof(((struct ldlm_reply *)0)->lock_desc)",1,0,1
reg > NI660X_IO_CFG_38_39,1,0,1
SKB_MAX_ALLOC < PAGE_SIZE,1,0,1
type >= ARRAY_SIZE(salinfo_log_name),1,0,1
oio->oi_trunc == NULL,1,0,1
EXT4_AES_128_ECB_KEY_SIZE != EXT4_KEY_DERIVATION_NONCE_SIZE,1,0,1
len > EXT4_CLUSTERS_PER_GROUP(sb),1,0,1
lock->cll_state == CLS_CACHED,1,0,1
right_cpos == 0,1,0,1
btrfs_root_refs(&root->root_item) != 0 && root->root_key.objectid != BTRFS_ROOT_TREE_OBJECTID,1,0,1
le32_to_cpu(left_rec->e_cpos) + le16_to_cpu(left_rec->e_leaf_clusters) != le32_to_cpu(split_rec->e_cpos),1,0,1
lnet_acceptor_state.pta_sock != NULL,1,0,1
cred == current->cred,1,0,1
"sizeof(struct dccp_skb_cb) > FIELD_SIZEOF(struct sk_buff, cb)",1,0,1
ll_d2d(dentry) != NULL,1,0,1
"(int)sizeof(((struct mdt_rec_create *)0)->cr_suppgid1) == 4, ""found %lld\n"", (long long)(int)sizeof(((struct mdt_rec_create *)0)->cr_suppgid1)",1,0,1
is_root_cache(s),1,0,1
e->size == 0,1,0,1
(bootmap_pfn - bootmap_start_pfn) != bootmap_pages,1,0,1
"!drbd_test_flag(mdev, BITMAP_IO_QUEUED)",1,0,1
bip->bli_item.li_desc->lid_flags & XFS_LID_DIRTY,1,0,1
controller->platform_data == NULL,1,0,1
ATH79_PCI_IRQ_COUNT < AR71XX_PCI_IRQ_COUNT,1,0,1
"__mlx5_bit_sz(typ, fld) != 64",1,0,1
RB_EMPTY_NODE(&entry->rb_node),1,0,1
"q, ==, p + 256 + 8",1,0,1
segCnt <= 1,1,0,1
RB > CARL9170_MAX_CMD_PAYLOAD_LEN,1,0,1
sizeof(*cmd) != sizeof(i2400m_barker_db[0].data),1,0,1
"(int)offsetof(struct lustre_capa, lc_flags) == 40, ""found %lld\n"", (long long)(int)offsetof(struct lustre_capa, lc_flags)",1,0,1
"mod->mod_open_req != NULL && mod->mod_open_req->rq_type != LI_POISON, ""POISONED setattr %p!\n"", mod->mod_open_req",1,0,1
versions,1,0,1
"(PAGE_SIZE << b->page_order) < (bset_byte_offset(b, t->data) + set_bytes(t->data))",1,0,1
list_empty(&scd->scd_rpc_active),1,0,1
"test_bit(RXRPC_CALL_RELEASED, &call->flags)",1,0,1
sizeof(struct batadv_unicast_tvlv_packet) != 20,1,0,1
pic == NULL,1,0,1
level1 > MV64x60_LEVEL1_GPP,1,0,1
ADDITIONAL_HUGE_SIZE >= PMD_SIZE || ADDITIONAL_HUGE_SIZE <= PAGE_SIZE,1,0,1
ticket->t_flags & XLOG_TIC_PERM_RESERV,1,0,1
new_fm,1,0,1
"list_is_last(&cursor->page->lru, &pagelist->head)",1,0,1
(subdevice_id & 0xfff0) != MONA,1,0,1
!di_bh && (oi->ip_dyn_features & OCFS2_HAS_REFCOUNT_FL),1,0,1
block_offset != ((nameval_offset + size - 1) >> sb->s_blocksize_bits),1,0,1
ac->avail > 0 || !n,1,0,1
"OBJ_INDEX_DELETE == 11, ""found %lld\n"", (long long)OBJ_INDEX_DELETE",1,0,1
atomic64_dec_return(&v) != r,1,0,1
(res->state & (DLM_LOCK_RES_MIGRATING| DLM_LOCK_RES_RECOVERING| DLM_LOCK_RES_IN_PROGRESS)),1,0,1
(u_long) p != (u_long)&scr->data_out + sizeof (scr->data_out),1,0,1
cl2lov(slice->cpl_obj) == lio->lis_object,1,0,1
&ocfs2_dlm_tracking_lock,1,0,1
audio >= chip->audio_outs,1,0,1
"ohri->rst_shift, ohri->st_shift, 0, oh->prcm.omap2.module_offs, 0, 0",1,0,1
"test_bit(FSCACHE_OBJECT_IS_LOOKED_UP, &object->flags)",1,0,1
"""Unmatched nr samples for thread filter"", hists->stats.nr_non_filtered_samples == 4",1,0,1
nhead < 0,1,0,1
"atomic64_add_return(onestwos, &v) != r",1,0,1
!mirror_num,1,0,1
tail_room < sizeof(*msg),1,0,1
dev->coherent_dma_mask,1,0,1
!is_first_page(src_page),1,0,1
"(int)offsetof(struct mdt_rec_create, cr_rdev) == 88, ""found %lld\n"", (long long)(int)offsetof(struct mdt_rec_create, cr_rdev)",1,0,1
stream->state != AMPDU_STREAM_IN_PROGRESS,1,0,1
"PageTransHuge(oldpage) != PageTransHuge(newpage), newpage",1,0,1
!(lock_mode & (XFS_IOLOCK_SHARED | XFS_MMAPLOCK_SHARED | XFS_ILOCK_SHARED)),1,0,1
"OBD_CONNECT_RDONLY == 0x1ULL, ""found 0x%.16llxULL\n"", OBD_CONNECT_RDONLY",1,0,1
le16_to_cpu(root_el->l_tree_depth) <= le16_to_cpu(left_el->l_tree_depth),1,0,1
ctx->cc_ops->verify,1,0,1
adapter->intr.type != VMXNET3_IT_INTX,1,0,1
"(int)offsetof(struct hsm_user_item, hui_fid) == 0, ""found %lld\n"", (long long)(int)offsetof(struct hsm_user_item, hui_fid)",1,0,1
"!test_bit(CACHEFILES_OBJECT_ACTIVE, &xobject->flags)",1,0,1
ca->invalidate_needs_gc,1,0,1
"OST_DESTROY == 6, ""found %lld\n"", (long long)OST_DESTROY",1,0,1
vc_map->vcc,1,0,1
XFS_FORCED_SHUTDOWN(ailp->xa_mount),1,0,1
!ocfs2_supports_discontig_bg(osb),1,0,1
addr + size - 1 > chunk->end_addr,1,0,1
completed <= bufs,1,0,1
"(int)sizeof(((struct mgs_target_info *)0)->mti_fsname) == 64, ""found %lld\n"", (long long)(int)sizeof(((struct mgs_target_info *)0)->mti_fsname)",1,0,1
"(int)sizeof(((struct ll_fid *)0)->id) == 8, ""found %lld\n"", (long long)(int)sizeof(((struct ll_fid *)0)->id)",1,0,1
kobj == NULL,1,0,1
!ins->asynch_rx_scb,1,0,1
context->in_syscall || context->name_count,1,0,1
p != plugin,1,0,1
wi->nr_vecs <= 0,1,0,1
wc->refs[level] > 1 && !path->locks[level],1,0,1
!device->device_tx_status,1,0,1
"(int)offsetof(struct mdt_rec_create, cr_flags_h) == 124, ""found %lld\n"", (long long)(int)offsetof(struct mdt_rec_create, cr_flags_h)",1,0,1
"ergo(page->cp_type == CPT_CACHEABLE, !PageWriteback(cl_page_vmpage(env, page)))",1,0,1
lc->lc_element[i]->lc_index != i,1,0,1
"ocfs2_skip_dir_trailer(dir, de, offset, size), ""Hit dir trailer trying to insert %.*s "" ""(namelen %d) into directory %llu. "" ""offset is %lu, trailer offset is %d\n"", namelen, name, namelen, (unsigned long long)parent_fe_bh->b_blocknr, offset, ocfs2_dir_trailer_blk_off(dir->i_sb)",1,0,1
s->count != 2,1,0,1
start < bdata->node_min_pfn,1,0,1
ret == -EBADMSG,1,0,1
!bhs_per_rec,1,0,1
res->sr_bits != 1,1,0,1
"OBD_MD_FLCOOKIE == (0x00800000ULL), ""found 0x%.16llxULL\n"", OBD_MD_FLCOOKIE",1,0,1
!(inode->i_state & I_NEW),1,0,1
le16_to_cpu(xb->xb_flags) & OCFS2_XATTR_INDEXED,1,0,1
!(flags & (MPOL_MF_MOVE | MPOL_MF_MOVE_ALL)),1,0,1
musb->config->num_eps > MUSB_C_NUM_EPS,1,0,1
page->cp_owner->ci_owned_nr > 0,1,0,1
ulen == proglen,1,0,1
"offsetof(typeof(*r), lr_padding) != 0",1,0,1
"(int)offsetof(struct llog_catid, lci_padding2) == 24, ""found %lld\n"", (long long)(int)offsetof(struct llog_catid, lci_padding2)",1,0,1
rb->rf_clusters,1,0,1
!pte_present(pteval) || pte_huge(pteval),1,0,1
mutex_is_locked(&zd_rf_to_chip(rf)->mutex),1,0,1
MIN_MAX_COMMANDS <= HPSA_NRESERVED_CMDS,1,0,1
(mask & JOBCTL_TRAPPING) && !(mask & JOBCTL_PENDING_MASK),1,0,1
"OBD_MD_FLGID == (0x00000400ULL), ""found 0x%.16llxULL\n"", OBD_MD_FLGID",1,0,1
atomic_read(&commit_transaction->t_outstanding_credits) <= journal->j_max_transaction_buffers,1,0,1
"(int)sizeof(((struct obdo *)0)->o_oi) == 16, ""found %lld\n"", (long long)(int)sizeof(((struct obdo *)0)->o_oi)",1,0,1
"(int)offsetof(struct lu_dirent, lde_attrs) == 28, ""found %lld\n"", (long long)(int)offsetof(struct lu_dirent, lde_attrs)",1,0,1
"skb_queue_is_last(list, skb)",1,0,1
offset_in_page(start),1,0,1
mutex_is_locked(&old_dir->i_mutex),1,0,1
btree_bset_first(b)->seq != i->seq,1,0,1
offset >= lseg_end_offset,1,0,1
!ll_sa_entry_unhashed(entry),1,0,1
block_offset + from == pos,1,0,1
pgd_val(merged_hyp_pgd[0]),1,0,1
cq == conn->ibc_cq,1,0,1
tid > 7,1,0,1
cur_bits > 0,1,0,1
"sbi, i->state == NID_ALLOC",1,0,1
!trident || !blk,1,0,1
IS_ROOT(mntpt),1,0,1
!dev->is_added,1,0,1
info->magic == cpu_to_be16(XFS_DA_NODE_MAGIC) || info->magic == cpu_to_be16(XFS_DIR2_LEAFN_MAGIC) || info->magic == cpu_to_be16(XFS_ATTR_LEAF_MAGIC),1,0,1
busa < iommu->start,1,0,1
inode->i_nlink > 0,1,0,1
PS3AV_RES_MASK_50 << SHIFT_50 & PS3AV_RES_MASK_VESA << SHIFT_VESA,1,0,1
num < 0 || num >= SNDRV_CARDS,1,0,1
!di_bh && !(oi->ip_flags & OCFS2_INODE_SYSTEM_FILE),1,0,1
"sbi, nm_i->fcnt",1,0,1
lnet_ptl_is_wildcard(the_lnet.ln_portals[mtable->mt_portal]),1,0,1
"(int)sizeof(struct mgs_target_info) == 4544, ""found %lld\n"", (long long)(int)sizeof(struct mgs_target_info)",1,0,1
"offsetof(typeof(desc->lquota_desc), gl_pad2) != 0",1,0,1
net_dev->local->master,1,0,1
"OBD_CONNECT_REAL == 0x8000000ULL, ""found 0x%.16llxULL\n"", OBD_CONNECT_REAL",1,0,1
md->body->valid & OBD_MD_FLID,1,0,1
nfdt->max_fds < ofdt->max_fds,1,0,1
"self->magic == TTP_TSAP_MAGIC, return NULL;",1,0,1
!rinfo->head->is_target,1,0,1
!hdlc->proto->netif_rx,1,0,1
sizeof(struct nvme_nvm_bb_tbl) != 512,1,0,1
size % sizeof(u64),1,0,1
"bpf_prog_create(&ptp_insns, &ptp_prog)",1,0,1
rssi == NULL,1,0,1
plugin == active_stack,1,0,1
"(int)sizeof(((struct hsm_action_item *)0)->hai_action) == 4, ""found %lld\n"", (long long)(int)sizeof(((struct hsm_action_item *)0)->hai_action)",1,0,1
!(le32_to_cpu(root_rb->rf_flags) & OCFS2_REFCOUNT_TREE_FL),1,0,1
*och_usecount == 0,1,0,1
"LUSTRE_NOATIME_FL == 0x00000080, ""found 0x%.8x\n"", LUSTRE_NOATIME_FL",1,0,1
d->revmap[realblock] == PAGE_UNDEF,1,0,1
"peer_device->device, data_size == 0",1,0,1
length % 4,1,0,1
len != (OCFS2_LOCK_ID_MAX_LEN - 1),1,0,1
"(int)offsetof(struct llog_changelog_user_rec, cur_tail) == 32, ""found %lld\n"", (long long)(int)offsetof(struct llog_changelog_user_rec, cur_tail)",1,0,1
"gpio_request(FSAMPLE_NAND_RB_GPIO_PIN, ""NAND ready"") < 0",1,0,1
"(int)sizeof(((struct lu_dirent *)0)->lde_reclen) == 2, ""found %lld\n"", (long long)(int)sizeof(((struct lu_dirent *)0)->lde_reclen)",1,0,1
!waitqueue_active(&state->wq),1,0,1
"(int)offsetof(struct llog_setattr64_rec, lsr_padding) == 48, ""found %lld\n"", (long long)(int)offsetof(struct llog_setattr64_rec, lsr_padding)",1,0,1
"bh, !buffer_shadow(bh)",1,0,1
c->cmdindex != index,1,0,1
count > ATA_DEV_ATTRS,1,0,1
q->pi_state,1,0,1
!list_empty(&cil->xc_cil),1,0,1
!data->pages,1,0,1
"(int)offsetof(posix_acl_xattr_entry, e_perm) == 2, ""found %lld\n"", (long long)(int)offsetof(posix_acl_xattr_entry, e_perm)",1,0,1
sizeof(struct osd_capability) != OSD_CAP_LEN,1,0,1
"(int)sizeof(((struct hsm_progress_kernel *)0)->hpk_cookie) == 8, ""found %lld\n"", (long long)(int)sizeof(((struct hsm_progress_kernel *)0)->hpk_cookie)",1,0,1
!(ioc->clscode == BFI_PCIFN_CLASS_FC),1,0,1
"PageAnon(oldpage) != PageAnon(newpage), newpage",1,0,1
cmp.done,1,0,1
gh_a->gh_gl->gl_ops->go_type == gh_b->gh_gl->gl_ops->go_type,1,0,1
page->index > I3_BLOCKS,1,0,1
!fence || !sync_buf || !ops,1,0,1
id != 0,1,0,1
QED_RSS_IND_TABLE_SIZE != ETH_RSS_IND_TABLE_ENTRIES_NUM,1,0,1
de,1,0,1
num_of_bits == 0,1,0,1
rval == -ENOSPC,1,0,1
!list_empty(&lprops->list),1,0,1
end_chunk + 1 == chunk,1,0,1
"mem_cgroup_is_root(memcg), page",1,0,1
sess != NULL,1,0,1
"(int)offsetof(struct obd_connect_data, padding9) == 136, ""found %lld\n"", (long long)(int)offsetof(struct obd_connect_data, padding9)",1,0,1
!first_hdr,1,0,1
"!cfs_hash_with_assert_empty(hs), ""hash %s bucket %u(%u) is not empty: %u items left\n"", hs->hs_name, bd.bd_bucket->hsb_index, bd.bd_offset, bd.bd_bucket->hsb_count",1,0,1
eq->eq_callback != LNET_EQ_HANDLER_NONE,1,0,1
sizeof(struct b43_private_tx_info) > sizeof(info->rate_driver_data),1,0,1
cur_th->t_super != th->t_super,1,0,1
partid < 0 || partid >= XP_MAX_NPARTITIONS_SN2,1,0,1
"page[1].compound_dtor >= NR_COMPOUND_DTORS, page",1,0,1
fun >= MAX_FLAGS,1,0,1
sgcnt < 0 || sgcnt > adapter->sglen,1,0,1
"(int)offsetof(struct lov_desc, ld_pattern) == 12, ""found %lld\n"", (long long)(int)offsetof(struct lov_desc, ld_pattern)",1,0,1
"(int)sizeof(((struct llog_unlink64_rec *)0)->lur_padding2) == 8, ""found %lld\n"", (long long)(int)sizeof(((struct llog_unlink64_rec *)0)->lur_padding2)",1,0,1
!list_empty(&transaction->list),1,0,1
m != 0,1,0,1
flag == PAGE_CHECK_ADDRESS_PMD_SPLITTING_FLAG && !pmd_trans_splitting(*pmd),1,0,1
"(int)sizeof(struct llog_logid) == 20, ""found %lld\n"", (long long)(int)sizeof(struct llog_logid)",1,0,1
0 == (byte_cnt & ~iovp_mask),1,0,1
req->rq_repbuf_len,1,0,1
group != audit_fsnotify_group,1,0,1
sizeof(struct acpi_nfit_data_region) != 40,1,0,1
SV_ADCMULT % 512,1,0,1
"(int)offsetof(struct link_ea_entry, lee_parent_fid) == 2, ""found %lld\n"", (long long)(int)offsetof(struct link_ea_entry, lee_parent_fid)",1,0,1
p > 1000000,1,0,1
!(BBTOB(blkno) & (xfs_off_t)btp->bt_meta_sectormask),1,0,1
"MDS_OPEN_BY_FID == 000040000000UL, ""found 0%.11oUL\n"", MDS_OPEN_BY_FID",1,0,1
last > epq->buf_count,1,0,1
"(int)sizeof(((struct obdo *)0)->o_grant) == 8, ""found %lld\n"", (long long)(int)sizeof(((struct obdo *)0)->o_grant)",1,0,1
size > wa->nep_buffer_size,1,0,1
"env, page, allowed_transitions[old][state]",1,0,1
"(int)offsetof(struct getinfo_fid2path, gf_pathlen) == 28, ""found %lld\n"", (long long)(int)offsetof(struct getinfo_fid2path, gf_pathlen)",1,0,1
!list_empty(&schan->prepared),1,0,1
rt288x_wdt_reset,1,0,1
lksb->lksb_conn == NULL,1,0,1
vxattrs,1,0,1
SKB_GSO_TCPV6 != (NETIF_F_TSO6 >> NETIF_F_GSO_SHIFT),1,0,1
get_Opcode_X1(__single_step_auli_insn) != AULI_OPCODE_X1,1,0,1
"!request->rq_replay, ""req %p\n"", request",1,0,1
atomic_read(&vha->vref_count),1,0,1
CHANGELOG_REC == 275120128,1,0,1
!s->iop.replace,1,0,1
"(int)sizeof(struct ll_fid) == 16, ""found %lld\n"", (long long)(int)sizeof(struct ll_fid)",1,0,1
"(int)sizeof(((struct mdt_rec_unlink *)0)->ul_padding_9) == 4, ""found %lld\n"", (long long)(int)sizeof(((struct mdt_rec_unlink *)0)->ul_padding_9)",1,0,1
&page_pools.epp_lock,1,0,1
iovix != NULL,1,0,1
(((perms) >> 3) & 4) < ((perms) & 4),1,0,1
"compound && compound_order(page) != order, page",1,0,1
"OBD_MD_MDS == (0x0000000100000000ULL), ""found 0x%.16llxULL\n"", OBD_MD_MDS",1,0,1
"!IS_ALIGNED(adapter->reqRingPA, PAGE_SIZE)",1,0,1
"DWC_CIRCLEQ_EMPTY(&notifier->observers), ""Notifier %p has active observers when removing"", notifier",1,0,1
sdesc->mark != DESC_IDLE,1,0,1
"(int)offsetof(struct llog_cookie, lgc_padding) == 28, ""found %lld\n"", (long long)(int)offsetof(struct llog_cookie, lgc_padding)",1,0,1
"(int)sizeof(((struct luda_type *)0)->lt_type) == 2, ""found %lld\n"", (long long)(int)sizeof(((struct luda_type *)0)->lt_type)",1,0,1
"!IS_ALIGNED(this->size, 512)",1,0,1
"(int)offsetof(struct lquota_slv_rec, qsr_granted) == 0, ""found %lld\n"", (long long)(int)offsetof(struct lquota_slv_rec, qsr_granted)",1,0,1
btrfs_inode->delayed_node != node,1,0,1
!pipe->nrbufs,1,0,1
"(fid_seq_in_fldb(fid_seq(fid)) || fid_seq_is_local_file(fid_seq(fid))) && fid_is_sane(fid), DFID"" is insane!\n"", PFID(fid)",1,0,1
req->rq_receiving_reply == 0,1,0,1
ff->reserved_req,1,0,1
atomic_read(&rds_iw_allocation) < 0,1,0,1
phyinfo->id == phyid,1,0,1
info->max_indirect_segments == 0 && GREFS(req->nr_phys_segments) > BLKIF_MAX_SEGMENTS_PER_REQUEST,1,0,1
ARRAY_SIZE(names) != CSP_PROGRAM_COUNT,1,0,1
vmas,1,0,1
!assoc_array_ptr_is_shortcut(cursor),1,0,1
isp1362_hcd->irq_active++,1,0,1
path1->slots[0],1,0,1
!pcm_channel->active || chip->dsp_spos_instance->npcm_channels <= 0,1,0,1
(MODULES_VADDR & ~PMD_MASK) != 0,1,0,1
"(int)sizeof(((struct mdt_rec_rename *)0)->rn_opcode) == 4, ""found %lld\n"", (long long)(int)sizeof(((struct mdt_rec_rename *)0)->rn_opcode)",1,0,1
xb_flags & OCFS2_XATTR_INDEXED,1,0,1
"!it_disposition(it, DISP_OPEN_CREATE)",1,0,1
host->bus_ops,1,0,1
!war_list,1,0,1
!payload,1,0,1
info->clt_counters[i].ctc_nr_held == 0,1,0,1
"LUSTRE_DIRSYNC_FL == 0x00010000, ""found 0x%.8x\n"", LUSTRE_DIRSYNC_FL",1,0,1
"(int)sizeof(((struct mdt_rec_create *)0)->cr_fid1) == 16, ""found %lld\n"", (long long)(int)sizeof(((struct mdt_rec_create *)0)->cr_fid1)",1,0,1
!ocfs2_iocb_is_rw_locked(iocb),1,0,1
ARRAY_SIZE(evergreen_reg_safe_bm) != REG_SAFE_BM_SIZE,1,0,1
sizeof(struct xen_processor_px) != sizeof(struct acpi_processor_px),1,0,1
wiov.iov[1].iov_len == 1,1,0,1
"le64_to_cpu(fe->i_dtime) || !(fe->i_flags & cpu_to_le32(OCFS2_VALID_FL)), ""Stale dinode %llu dtime: %llu flags: 0x%x\n"", (unsigned long long)oi->ip_blkno, (unsigned long long)le64_to_cpu(fe->i_dtime), le32_to_cpu(fe->i_flags)",1,0,1
"offsetof(struct cl_env, ce_magic) == 0",1,0,1
"ALIGN((unsigned long) ioc->pdir_base, 4*1024) == (unsigned long) ioc->pdir_base",1,0,1
ceph_msg_cache,1,0,1
req->rq_reqmsg || rc != SECSVC_OK,1,0,1
sizeof(struct osdv1_cdb) != OSDv1_TOTAL_CDB_LEN,1,0,1
roq->log->out > roq->log->in,1,0,1
"(int)sizeof(((struct mgs_target_info *)0)->mti_stripe_index) == 4, ""found %lld\n"", (long long)(int)sizeof(((struct mgs_target_info *)0)->mti_stripe_index)",1,0,1
mig && mle->master == dlm->node_num,1,0,1
(___GFP_MOVABLE >> GFP_MOVABLE_SHIFT) != MIGRATE_MOVABLE,1,0,1
!l->l_tree_node,1,0,1
"(int)offsetof(struct mdt_body, atime) == 64, ""found %lld\n"", (long long)(int)offsetof(struct mdt_body, atime)",1,0,1
IS_ERR(devmap),1,0,1
TPACKET_ALIGN(sizeof(*h.h2)) != 32,1,0,1
tm->slot < n,1,0,1
"sbi, left_start >= MAIN_SECS(sbi)",1,0,1
"mfd, F_SEAL_WRITE",1,0,1
ios->nr_pages > (pgbase + count + PAGE_SIZE - 1) >> PAGE_SHIFT,1,0,1
chunk_count <= 0,1,0,1
info->vq,1,0,1
count > FC_VPORT_NUM_ATTRS,1,0,1
this_chunk_bytes == 0,1,0,1
sizeof(union nic_mbx) > 16,1,0,1
"OBD_MD_FLFID == (0x02000000ULL), ""found 0x%.16llxULL\n"", OBD_MD_FLFID",1,0,1
m->count + num > m->size,1,0,1
"(int)offsetof(struct ll_fid, f_type) == 12, ""found %lld\n"", (long long)(int)offsetof(struct ll_fid, f_type)",1,0,1
info->channel >= hdspm->max_channels_in,1,0,1
path->p_idx == NULL,1,0,1
req->rq_reqmsg != NULL,1,0,1
ppi[0] == NULL,1,0,1
*ialloc_context == NULL,1,0,1
sizeof(struct compat_xt_entry_match) != sizeof(struct xt_entry_match),1,0,1
cpa->numpages > numpages || !cpa->numpages,1,0,1
"(int)sizeof(struct obd_dqinfo) == 24, ""found %lld\n"", (long long)(int)sizeof(struct obd_dqinfo)",1,0,1
"lockres->l_flags & OCFS2_LOCK_FREEING, ""Cluster lock called on freeing lockres %s! flags "" ""0x%lx\n"", lockres->l_name, lockres->l_flags",1,0,1
!nq,1,0,1
!(is_long_mode(vcpu) && !is_pae(vcpu)),1,0,1
list_empty(&em->em_list) || em->em_num_items == 0,1,0,1
dst_channels->area.first % 8 || dst_channels->area.step % 8,1,0,1
!(oa->o_valid & bits),1,0,1
!hlist_unhashed(&res->hash_node),1,0,1
!header,1,0,1
epod_state == EPOD_STATE_RAMRET && !ram_retention,1,0,1
desc->bd_iov_count != LI_POISON,1,0,1
cfs_hash_with_no_bktlock(hs),1,0,1
"(int)sizeof(((struct mdt_rec_unlink *)0)->ul_fsgid) == 4, ""found %lld\n"", (long long)(int)sizeof(((struct mdt_rec_unlink *)0)->ul_fsgid)",1,0,1
"!test_bit(__FM10K_SERVICE_SCHED, &interface->state)",1,0,1
!ah->sbands,1,0,1
"(int)sizeof(((struct niobuf_remote *)0)->offset) == 8, ""found %lld\n"", (long long)(int)sizeof(((struct niobuf_remote *)0)->offset)",1,0,1
sublock->cll_state == CLS_HELD || sublock->cll_state == CLS_ENQUEUED,1,0,1
next->new_bytenr,1,0,1
devpriv->ai_mite_chan,1,0,1
atomic_read(&osc->oo_nr_reads) == 0,1,0,1
bytenr != node->bytenr,1,0,1
region->vm_usage != 1,1,0,1
"scsi_host_set_state(shost, SHOST_DEL)",1,0,1
"(int)sizeof(((struct lov_mds_md_v1 *)0)->lmm_magic) == 4, ""found %lld\n"", (long long)(int)sizeof(((struct lov_mds_md_v1 *)0)->lmm_magic)",1,0,1
"(int)offsetof(struct mdt_rec_rename, rn_fsuid_h) == 12, ""found %lld\n"", (long long)(int)offsetof(struct mdt_rec_rename, rn_fsuid_h)",1,0,1
udq_unres || gdq_unres || pdq_unres,1,0,1
"priv->magic == IRTTY_MAGIC, return -EBADR;",1,0,1
!cursor,1,0,1
"offsetof(typeof(*os), os_spare7) != 0",1,0,1
n > dblks,1,0,1
MSDOS_I(inode)->i_start == 0,1,0,1
c->dark_wm > 0,1,0,1
timer->stt_expires > ktime_get_real_seconds(),1,0,1
CEPH_OSD_MAX_OP > U16_MAX,1,0,1
skb->nohdr,1,0,1
list_empty(&sec->ps_gc_list),1,0,1
bus->state != MDIOBUS_REGISTERED,1,0,1
atomic_read(&rds_ibdev->refcount) <= 0,1,0,1
group >= EXT4_SB(sb)->s_groups_count,1,0,1
policy->sp_sops->authorize,1,0,1
(unsigned long)(current_top_of_stack() - current_stack_pointer()) >= THREAD_SIZE,1,0,1
!vmw_piter_next(&pt_iter),1,0,1
" entry != NULL, return NULL;",1,0,1
"OBD_CONNECT_JOIN == 0x2000ULL, ""found 0x%.16llxULL\n"", OBD_CONNECT_JOIN",1,0,1
mp->clsn,1,0,1
event->one_shot,1,0,1
"(int)offsetof(struct changelog_ext_rec, cr_prev) == 16, ""found %lld\n"", (long long)(int)offsetof(struct changelog_ext_rec, cr_prev)",1,0,1
"(int)sizeof(((struct obd_connect_data *)0)->paddingB) == 8, ""found %lld\n"", (long long)(int)sizeof(((struct obd_connect_data *)0)->paddingB)",1,0,1
pg_offset != 0,1,0,1
"(int)sizeof(((struct llogd_body *)0)->lgd_logid) == 20, ""found %lld\n"", (long long)(int)sizeof(((struct llogd_body *)0)->lgd_logid)",1,0,1
"dev->netdev != NULL, return -1;",1,0,1
plist->pl_nr == 0,1,0,1
mask & ~ab8505_reg_init[i].mask,1,0,1
&chain->lock,1,0,1
"!IS_ALIGNED(sizeof(struct p_header100), 8)",1,0,1
"bpf_update_elem(map_fd[0], &key, &pmu_fd, BPF_ANY) == 0",1,0,1
"(int)offsetof(struct mdt_rec_reint, rr_suppgid1_h) == 28, ""found %lld\n"", (long long)(int)offsetof(struct mdt_rec_reint, rr_suppgid1_h)",1,0,1
HZ > USEC_PER_SEC,1,0,1
list_empty(&lock->l_cp_ast),1,0,1
req->rq_cli_ctx == newctx,1,0,1
!chip->pcm_spdif,1,0,1
(vcc->vpi >= 0) && (vcc->vpi < 1<<FORE200E_VPI_BITS),1,0,1
iip->ili_lock_flags == 0,1,0,1
atomic_read(&bh->b_count) == 0,1,0,1
"(int)offsetof(struct mdt_body, padding_7) == 184, ""found %lld\n"", (long long)(int)offsetof(struct mdt_body, padding_7)",1,0,1
"!keys_cmp(c, &zbr1->key, &zbr2->key)",1,0,1
nagcount == oagcount || be32_to_cpu(agi->agi_length) == mp->m_sb.sb_agblocks,1,0,1
"FID_SEQ_LOCAL_FILE == 0x0000000200000001ULL, ""found 0x%.16llxULL\n"", (long long)FID_SEQ_LOCAL_FILE",1,0,1
groupnr == e4b->bd_group,1,0,1
host->state == cur_state,1,0,1
domain->i915,1,0,1
bar_len >= 2,1,0,1
MDS_UNLINK_REC == 274801668,1,0,1
mask & ~(JOBCTL_PENDING_MASK | JOBCTL_STOP_CONSUME | JOBCTL_STOP_SIGMASK | JOBCTL_TRAPPING),1,0,1
"(!(tblk->xflag & COMMIT_DELETE)) || ((tblk->u.ip->i_nlink == 0) && !test_cflag(COMMIT_Nolink, tblk->u.ip))",1,0,1
copy->out_len == sum_iovec_len(copy),1,0,1
assoc_array_ptr_is_leaf(edit->excised_subtree),1,0,1
!plug || !params,1,0,1
bits == 0,1,0,1
next == hc->tx_seqt,1,0,1
flags & CLOSURE_GUARD_MASK,1,0,1
size_change < 0,1,0,1
!default_desc,1,0,1
"(int)sizeof(((struct mdt_rec_setxattr *)0)->sx_valid) == 8, ""found %lld\n"", (long long)(int)sizeof(((struct mdt_rec_setxattr *)0)->sx_valid)",1,0,1
sizeof(struct batadv_icmp_packet) != 20,1,0,1
"1, ""kernel_neon_begin() called from NEON code""",1,0,1
elfcorehdr_size > alloc_size,1,0,1
bucket == -1,1,0,1
vf->evq0_count & (vf->evq0_count - 1),1,0,1
"ahd, AHD_MODE_DFF0_MSK|AHD_MODE_DFF1_MSK, AHD_MODE_DFF0_MSK|AHD_MODE_DFF1_MSK",1,0,1
msg->sgt.nents != (unsigned int)(skb_shinfo(skb)->nr_frags + 1),1,0,1
best_cpu < 0,1,0,1
drv_data->msgs != NULL,1,0,1
"(int)sizeof(((struct ptlrpc_body_v3 *)0)->pb_last_seen) == 8, ""found %lld\n"", (long long)(int)sizeof(((struct ptlrpc_body_v3 *)0)->pb_last_seen)",1,0,1
__ksp0 & MAX_CPU_ID,1,0,1
event >= NR_FSCACHE_OBJECT_EVENTS,1,0,1
jbd2_slab[i] == NULL,1,0,1
!last_eb_bh || !*last_eb_bh,1,0,1
le16_to_cpu(map->layout_map_count) != 2,1,0,1
"!cpumask_subset(cpu_present_mask, cpu_possible_mask)",1,0,1
!iim_base,1,0,1
"(int)sizeof(((struct mdt_body *)0)->max_cookiesize) == 4, ""found %lld\n"", (long long)(int)sizeof(((struct mdt_body *)0)->max_cookiesize)",1,0,1
"(int)offsetof(struct lov_mds_md_v1, lmm_stripe_count) == 28, ""found %lld\n"", (long long)(int)offsetof(struct lov_mds_md_v1, lmm_stripe_count)",1,0,1
!(vnode->flags & (1 << AFS_VNODE_LOCKING)),1,0,1
"(int)sizeof(struct llog_logid_rec) == 64, ""found %lld\n"", (long long)(int)sizeof(struct llog_logid_rec)",1,0,1
journal != NULL,1,0,1
"self->magic == TTP_TSAP_MAGIC, return -EBADR;",1,0,1
*map == 0,1,0,1
buddy,1,0,1
"OST_MAX_PRECREATE == 20000, ""found %lld\n"", (long long)OST_MAX_PRECREATE",1,0,1
vlan->numvtaps,1,0,1
"atomic64_add_return(-one, &v) != r",1,0,1
atomic_read(&pool->events[i].free) != 1,1,0,1
!recs,1,0,1
iattr->ia_valid & (ATTR_ATIME|ATTR_CTIME|ATTR_MTIME),1,0,1
key->type == BTRFS_METADATA_ITEM_KEY,1,0,1
!(shift),1,0,1
clock != ECHO_CLOCK_INTERNAL && clock != ECHO_CLOCK_SPDIF,1,0,1
"MDS_REINT == 36, ""found %lld\n"", (long long)MDS_REINT",1,0,1
!*arr,1,0,1
"(int)sizeof(((struct lmv_stripe_md *)0)->mea_master) == 4, ""found %lld\n"", (long long)(int)sizeof(((struct lmv_stripe_md *)0)->mea_master)",1,0,1
qpn < dev->steer_qpn_base,1,0,1
CONFIG_NR_CPUS >= (1U << _Q_TAIL_CPU_BITS),1,0,1
"offsetof(typeof(*ocd), padding7) != 0",1,0,1
"(int)offsetof(struct llog_setattr64_rec, lsr_oi) == 16, ""found %lld\n"", (long long)(int)offsetof(struct llog_setattr64_rec, lsr_oi)",1,0,1
ocfs2_resv_end(new) >= tmp->r_start,1,0,1
list_empty(&log->l_buf_cancel_table[i]),1,0,1
!getmsg->msg_target_is_router,1,0,1
INT_MAX / fprog->len < sizeof(struct sock_filter),1,0,1
"(int)offsetof(struct idx_info, ii_fid) == 16, ""found %lld\n"", (long long)(int)offsetof(struct idx_info, ii_fid)",1,0,1
"page_to_nid(page) != zone_to_nid(zone), page",1,0,1
"page->pmd_huge_pte, page",1,0,1
dest->root_key.objectid == BTRFS_TREE_RELOC_OBJECTID,1,0,1
"FID_SEQ_ROOT == 0x0000000200000007ULL, ""found 0x%.16llxULL\n"", (long long)FID_SEQ_ROOT",1,0,1
"(int)offsetof(struct mdt_rec_reint, rr_umask) == 128, ""found %lld\n"", (long long)(int)offsetof(struct mdt_rec_reint, rr_umask)",1,0,1
rxd->btype != VMXNET3_RXD_BTYPE_HEAD || rcd->rqID != rq->qid,1,0,1
"(int)sizeof(((struct obd_dqinfo *)0)->dqi_flags) == 4, ""found %lld\n"", (long long)(int)sizeof(((struct obd_dqinfo *)0)->dqi_flags)",1,0,1
&vchan->vc.lock,1,0,1
"""kern_memfd_seal_write"", MFD_DEF_SIZE, MFD_CLOEXEC | MFD_ALLOW_SEALING",1,0,1
osd_req->r_num_ops <= CEPH_OSD_MAX_OP,1,0,1
index < the_lnet.ln_nportals,1,0,1
sctx->send_size,1,0,1
!task->atoms,1,0,1
hqvdp->reset,1,0,1
!dmac || !caps,1,0,1
"(int)offsetof(struct obdo, o_valid) == 0, ""found %lld\n"", (long long)(int)offsetof(struct obdo, o_valid)",1,0,1
FIEMAP_FLAG_SYNC == 0x00000001,1,0,1
ANT_A != BIT(0),1,0,1
"gl, gl->gl_demote_state == LM_ST_EXCLUSIVE",1,0,1
i->i_sb,1,0,1
MC_CMD_INIT_RXQ_OUT_LEN != 0,1,0,1
md->lsm_lock_owner != current_pid(),1,0,1
p->pasid != pasid,1,0,1
vol->vol_type == UBI_DYNAMIC_VOLUME || vol->vol_type == UBI_STATIC_VOLUME,1,0,1
!ext->oe_intree,1,0,1
"ring, ring->next_to_clean",1,0,1
epoch != NULL,1,0,1
sizeof(struct uffd_msg) != 32,1,0,1
page_pools.epp_pools[p_idx_max2],1,0,1
(mlc->opacket & (HIL_CTRL_APE | HIL_CTRL_IPF)) == HIL_CTRL_APE,1,0,1
!usb->in_async,1,0,1
"(int)sizeof(((struct lu_dirent *)0)->lde_name[0]) == 1, ""found %lld\n"", (long long)(int)sizeof(((struct lu_dirent *)0)->lde_name[0])",1,0,1
"(int)offsetof(struct mdt_rec_rename, rn_padding_8) == 132, ""found %lld\n"", (long long)(int)offsetof(struct mdt_rec_rename, rn_padding_8)",1,0,1
MC_CMD_TRIGGER_INTERRUPT_OUT_LEN != 0,1,0,1
"obj->magic == IAS_OBJECT_MAGIC, return NULL;",1,0,1
"(int)sizeof(((struct hsm_action_list *)0)->hal_archive_id) == 4, ""found %lld\n"", (long long)(int)sizeof(((struct hsm_action_list *)0)->hal_archive_id)",1,0,1
cmid->context == (void *)conn,1,0,1
"(int)sizeof(((struct obdo *)0)->o_padding_6) == 8, ""found %lld\n"", (long long)(int)sizeof(((struct obdo *)0)->o_padding_6)",1,0,1
u > 0 && u < ring->desc_num,1,0,1
bind_len <= 0 || bind_len > g->p.nr_cpus,1,0,1
"vringh_iov_push_user(&wiov, buf, 5) == 0",1,0,1
"offsetof(struct mld2_report, mld2r_grec) % 4",1,0,1
"(int)offsetof(struct changelog_rec, cr_tfid) == 32, ""found %lld\n"", (long long)(int)offsetof(struct changelog_rec, cr_tfid)",1,0,1
"(int)offsetof(struct mdt_rec_create, cr_flags_l) == 120, ""found %lld\n"", (long long)(int)offsetof(struct mdt_rec_create, cr_flags_l)",1,0,1
"*grants >= chunksize + cli->cl_extent_tax, ""%u/%u/%u.\n"", *grants, chunksize, cli->cl_extent_tax",1,0,1
rsp->cb_state != CB_IDLE,1,0,1
"(int)offsetof(struct obdo, o_data_version) == 176, ""found %lld\n"", (long long)(int)offsetof(struct obdo, o_data_version)",1,0,1
!cid,1,0,1
"(int)offsetof(struct update_buf, ub_magic) == 0, ""found %lld\n"", (long long)(int)offsetof(struct update_buf, ub_magic)",1,0,1
"(int)sizeof(((struct llog_unlink64_rec *)0)->lur_padding1) == 4, ""found %lld\n"", (long long)(int)sizeof(((struct llog_unlink64_rec *)0)->lur_padding1)",1,0,1
fields & (XFS_SB_UNIT | XFS_SB_WIDTH | XFS_SB_UUID | XFS_SB_FEATURES2 | XFS_SB_VERSIONNUM),1,0,1
sgi_proc_dir != NULL,1,0,1
"offsetof(struct STRUCT_NAME(r_name), f_name) != f_offset",1,0,1
"(int)offsetof(struct ll_user_fiemap, fm_mapped_extents) == 20, ""found %lld\n"", (long long)(int)offsetof(struct ll_user_fiemap, fm_mapped_extents)",1,0,1
rbp < &the_lnet.ln_rtrpools[cpt][LNET_NRBPOOLS],1,0,1
"(int)offsetof(struct lquota_lvb, lvb_id_may_rel) == 8, ""found %lld\n"", (long long)(int)offsetof(struct lquota_lvb, lvb_id_may_rel)",1,0,1
bmval2 & ~nfsd_suppattrs2(minorversion),1,0,1
cmd != cmd_orig + cmd_size / sizeof(*cmd),1,0,1
field->rmf_offset[i][j] == 0,1,0,1
!atslave->dma_dev || atslave->dma_dev != atdma->dma_common.dev,1,0,1
"OBD_MD_FLQOS == (0x00200000ULL), ""found 0x%.16llxULL\n"", OBD_MD_FLQOS",1,0,1
subcode > 127,1,0,1
!ni->name,1,0,1
cpt < cfs_cpt_number(lnet_cpt_table()),1,0,1
sizeof(struct ath9k_htc_tx_ctl) > IEEE80211_TX_INFO_DRIVER_DATA_SIZE,1,0,1
"(int)sizeof(((struct obdo *)0)->o_valid) == 8, ""found %lld\n"", (long long)(int)sizeof(((struct obdo *)0)->o_valid)",1,0,1
sbp->s_blocksize % bsize,1,0,1
gk5e->mk_key == NULL,1,0,1
lov->u.raid0.lo_sub[los->lso_index] == los,1,0,1
hrp->hrp_nthrs > 0,1,0,1
(blkno & (BPERDMAP - 1)) == 0,1,0,1
"OBD_BRW_ASYNC == 0x400, ""found 0x%.8x\n"", OBD_BRW_ASYNC",1,0,1
!bp->b_iodone,1,0,1
diff < level + ASSOC_ARRAY_LEVEL_STEP,1,0,1
ref->node->next_in_ino != (void *)ref,1,0,1
pref_bias_copy_load % (8 * copy_word_size),1,0,1
last->vm_top < last->vm_end,1,0,1
(SOCK_MAX | SOCK_TYPE_MASK) != SOCK_TYPE_MASK,1,0,1
"(int)offsetof(struct link_ea_header, leh_len) == 8, ""found %lld\n"", (long long)(int)offsetof(struct link_ea_header, leh_len)",1,0,1
conn->server_key->payload.data[0] != NULL,1,0,1
"OBJ_CREATE == 1, ""found %lld\n"", (long long)OBJ_CREATE",1,0,1
!list_empty(&rm->m_conn_item),1,0,1
bundle != NULL,1,0,1
"(int)offsetof(struct quota_body, qb_padding) == 36, ""found %lld\n"", (long long)(int)offsetof(struct quota_body, qb_padding)",1,0,1
dlm->joining_node != cancel->node_idx,1,0,1
mlen <= msg->msg_len,1,0,1
!irqfd_is_active(irqfd),1,0,1
proflen == (strlen(prof) + 1),1,0,1
"sdp, rgd == tmp_rgd",1,0,1
SUPPORTED_100baseT_Half != ADVERTISED_100baseT_Half,1,0,1
CCP_PASSTHRU_KSB_COUNT != 1,1,0,1
EFX_MIN_EVQ_SIZE < (1 << ERF_DD_EVQ_IND_RPTR_WIDTH),1,0,1
"MDS_READPAGE == 37, ""found %lld\n"", (long long)MDS_READPAGE",1,0,1
SVGA_3D_CMD_DX_DESTROY_RENDERTARGET_VIEW != SVGA_3D_CMD_DX_DEFINE_SHADERRESOURCE_VIEW + 3,1,0,1
"!(lockres->l_flags & OCFS2_LOCK_BUSY), ""lock %s, invalid flags: 0x%lx\n"", lockres->l_name, lockres->l_flags",1,0,1
nesting < ARRAY_SIZE(info->clt_counters),1,0,1
"0, ""unknown return code: %d\n"", rc",1,0,1
sizeof(opts) > sizeof(match->key->tun_opts),1,0,1
"is_hash_key(c, key)",1,0,1
"device, esector < nr_sectors",1,0,1
*bpp == NULL,1,0,1
lock->l_flags & LDLM_FL_CANCELING,1,0,1
"(int)offsetof(struct obdo, o_lcookie) == 136, ""found %lld\n"", (long long)(int)offsetof(struct obdo, o_lcookie)",1,0,1
"(int)sizeof(((struct ldlm_lock_desc *)0)->l_policy_data) == 32, ""found %lld\n"", (long long)(int)sizeof(((struct ldlm_lock_desc *)0)->l_policy_data)",1,0,1
svcpt->scp_hist_nrqbds == 0,1,0,1
"it_disposition(it, DISP_ENQ_OPEN_REF)",1,0,1
!amd || !amd->card,1,0,1
raw->next_in_ino,1,0,1
(subdevice_id & 0xfff0) != GINA24,1,0,1
!fs_info->balance_ctl,1,0,1
"(int)sizeof(((struct llog_logid_rec *)0)->lid_hdr) == 16, ""found %lld\n"", (long long)(int)sizeof(((struct llog_logid_rec *)0)->lid_hdr)",1,0,1
NULL == eli,1,0,1
obd->obd_self_export,1,0,1
"LDLM_CP_CALLBACK == 105, ""found %lld\n"", (long long)LDLM_CP_CALLBACK",1,0,1
thread_is_stopped(&sai->sai_thread),1,0,1
list_empty(&tmpl->list),1,0,1
spec->snap_name,1,0,1
total_size < sizeof(struct pasemi_dmachan),1,0,1
pf != NULL,1,0,1
has_group_leader_pid(tsk),1,0,1
"(int)sizeof(((struct quota_body *)0)->qb_fid) == 16, ""found %lld\n"", (long long)(int)sizeof(((struct quota_body *)0)->qb_fid)",1,0,1
pref_bias_copy_store % (8 * copy_word_size),1,0,1
"d_ancestor(target, dentry)",1,0,1
"VIRTIO_PCI_COMMON_Q_DESCLO != offsetof(struct virtio_pci_common_cfg, queue_desc_lo)",1,0,1
ioctx->sense_data != cmd->sense_buffer,1,0,1
"(int)sizeof(((struct obdo *)0)->o_ctime) == 8, ""found %lld\n"", (long long)(int)sizeof(((struct obdo *)0)->o_ctime)",1,0,1
!selector_exists(sel),1,0,1
"objp != index_to_obj(cachep, page, objnr)",1,0,1
"sdp, maxres >= reserved",1,0,1
op_data->op_namelen != 0,1,0,1
sizeof(struct cdg) > ICSK_CA_PRIV_SIZE,1,0,1
snic->cq_count == 0,1,0,1
idx > oe->numlower,1,0,1
vrh.vring.used->idx % RINGSIZE != 0,1,0,1
"(int)offsetof(struct llog_rec_hdr, lrh_id) == 12, ""found %lld\n"", (long long)(int)offsetof(struct llog_rec_hdr, lrh_id)",1,0,1
VMW_MAX_VIEW_BINDINGS < SVGA3D_DX_MAX_SRVIEWS,1,0,1
"""failed to create dsos\n"", !dsos__create(dso_cnt, TEST_FILE_SIZE)",1,0,1
!list_empty(&node->li_group),1,0,1
IS_ERR(pit_clk),1,0,1
"MF_SOM_CHANGE == 0x00000001UL, ""found 0x%.8xUL\n"", (unsigned)MF_SOM_CHANGE",1,0,1
!ppi_handle,1,0,1
"(int)offsetof(struct mdt_rec_setxattr, sx_padding_11) == 132, ""found %lld\n"", (long long)(int)offsetof(struct mdt_rec_setxattr, sx_padding_11)",1,0,1
"lap->magic == LMP_LAP_MAGIC, goto errlap;",1,0,1
self == NULL,1,0,1
sizeof(loff_t) != sizeof(compat_loff_t),1,0,1
!lli->lli_open_fd_read_count,1,0,1
"OST_QUOTACTL == 19, ""found %lld\n"", (long long)OST_QUOTACTL",1,0,1
coda_file->private_data != NULL,1,0,1
pmd_trans_huge(*dst_pmd),1,0,1
ARRAY_SIZE(max14577_dt_match) != MAXIM_DEVICE_TYPE_NUM,1,0,1
cpu_stop > g->p.nr_cpus,1,0,1
region->vm_start < last->vm_top,1,0,1
"(int)sizeof(((struct mdt_rec_create *)0)->cr_time) == 8, ""found %lld\n"", (long long)(int)sizeof(((struct mdt_rec_create *)0)->cr_time)",1,0,1
req->rq_reqdata_len <= req->rq_reqbuf_len,1,0,1
policy->pol_req_started == 0,1,0,1
"(int)sizeof(((struct ll_user_fiemap *)0)->fm_mapped_extents) == 4, ""found %lld\n"", (long long)(int)sizeof(((struct ll_user_fiemap *)0)->fm_mapped_extents)",1,0,1
&mvm->queue_info_lock,1,0,1
sysctls_root_table,1,0,1
!list_empty(&req->timeout_list),1,0,1
!encoder,1,0,1
"cur_pte != pte_offset_kernel(pmd, 0)",1,0,1
"!rwsem_is_locked(&vma->vm_mm->mmap_sem), vma",1,0,1
"lsap->lap->magic == LMP_LAP_MAGIC, return -1;",1,0,1
"(int)sizeof(((struct lustre_msg_v2 *)0)->lm_magic) == 4, ""found %lld\n"", (long long)(int)sizeof(((struct lustre_msg_v2 *)0)->lm_magic)",1,0,1
se->start_page + se->nr_pages != start_page,1,0,1
"(int)offsetof(struct obdo, o_uid) == 88, ""found %lld\n"", (long long)(int)offsetof(struct obdo, o_uid)",1,0,1
ins->asynch_tx_scb->parent_scb_ptr != ins->master_mix_scb,1,0,1
"(int)sizeof(((struct lquota_slv_rec *)0)->qsr_granted) == 8, ""found %lld\n"", (long long)(int)sizeof(((struct lquota_slv_rec *)0)->qsr_granted)",1,0,1
"dma_has_cap(DMA_XOR, device->cap_mask) && !device->device_prep_dma_xor",1,0,1
imap.br_blockcount,1,0,1
cq->sw_in_use < 1,1,0,1
!(fs_info->sb->s_flags & MS_RDONLY),1,0,1
old_i_size != (loff_t) sle64_to_cpu(a->data.non_resident.data_size),1,0,1
list_empty(&mdsc->caps_list),1,0,1
"dma_has_cap(DMA_SG, device->cap_mask) && !device->device_prep_dma_sg",1,0,1
!list_empty(&fence->cb_list),1,0,1
!is_power_of_2(slots),1,0,1
pages[i],1,0,1
sizeof(struct pismo_eeprom) != 256,1,0,1
newpos <= tail,1,0,1
"LUSTRE_MGS_VERSION == 0x00060000, ""found 0x%.8x\n"", LUSTRE_MGS_VERSION",1,0,1
"sdp, list_empty(&tr->tr_ail2_list)",1,0,1
!dl_se,1,0,1
log->l_iclog_size >= 4096,1,0,1
!c->need_recovery,1,0,1
sizeof(struct ubi_vid_hdr) != 64,1,0,1
&oo->oo_owner.so_client->cl_lock,1,0,1
(notif_event & MSG_TYPE_MASK) != MSG_TYPE_NOTIFY,1,0,1
"(int)offsetof(struct obd_statfs, os_spare3) == 116, ""found %lld\n"", (long long)(int)offsetof(struct obd_statfs, os_spare3)",1,0,1
!new_rl,1,0,1
hlist_unhashed(&pool->pool_hash),1,0,1
buf > (string + INFO_STRING_LEN),1,0,1
"strncmp(obd->obd_name, name, strlen(name)) == 0, ""%p obd_name %s != %s\n"", obd, obd->obd_name, name",1,0,1
"(int)offsetof(struct mdt_body, size) == 48, ""found %lld\n"", (long long)(int)offsetof(struct mdt_body, size)",1,0,1
"(int)offsetof(struct obd_dqblk, dqb_curinodes) == 40, ""found %lld\n"", (long long)(int)offsetof(struct obd_dqblk, dqb_curinodes)",1,0,1
"II_FL_VARREC == 4, ""found %lld\n"", (long long)II_FL_VARREC",1,0,1
call->acks_window != NULL,1,0,1
!ssr,1,0,1
(reg) != 0x400 && (reg) != 0x420 && (reg) != 0x830 && (reg) != 0x83c && (reg) != 0xa18 && (reg) != 0xa1c,1,0,1
hwmon_type >= EFX_HWMON_TYPES_COUNT,1,0,1
"(sizeof(union hpi_response_buffer_v1) <= HPI_MAX_PAYLOAD_SIZE), response_buffer_ok",1,0,1
nr_right + count > max_entries,1,0,1
jinode->i_next_transaction == NULL,1,0,1
SKB_GSO_UDP != (NETIF_F_UFO >> NETIF_F_GSO_SHIFT),1,0,1
wiov.iov[0].iov_len == 2,1,0,1
!idx || idx > MAX_SUBSTREAMS,1,0,1
phys_start_pfn & ~PAGE_SECTION_MASK,1,0,1
c->oc_conn == NULL,1,0,1
size > tx_ring->count,1,0,1
mutex_is_locked(&root->fs_info->chunk_mutex),1,0,1
"(int)sizeof(((struct ldlm_flock_wire *)0)->lfw_padding) == 4, ""found %lld\n"", (long long)(int)sizeof(((struct ldlm_flock_wire *)0)->lfw_padding)",1,0,1
"OBD_MD_FLGETATTRLOCK == (0x0000200000000000ULL), ""found 0x%.16llxULL\n"", OBD_MD_FLGETATTRLOCK",1,0,1
"(int)sizeof(((struct ldlm_lock_desc *)0)->l_req_mode) == 4, ""found %lld\n"", (long long)(int)sizeof(((struct ldlm_lock_desc *)0)->l_req_mode)",1,0,1
kvm->arch.ept_identity_pagetable_done,1,0,1
!(lr.state & LR_STATE_MASK),1,0,1
iter->rq_xid != req->rq_xid,1,0,1
"(int)sizeof(((struct obd_statfs *)0)->os_spare8) == 4, ""found %lld\n"", (long long)(int)sizeof(((struct obd_statfs *)0)->os_spare8)",1,0,1
size % PAGE_SIZE != 0,1,0,1
new_level != DLM_LOCK_NL && new_level != DLM_LOCK_PR,1,0,1
mutex_is_locked(&mac->chip.mutex),1,0,1
chip->slot[nr].irq_handler != NULL,1,0,1
*n >= -1 && *n < znode->child_cnt,1,0,1
"(int)sizeof(struct ldlm_inodebits) == 8, ""found %lld\n"", (long long)(int)sizeof(struct ldlm_inodebits)",1,0,1
fd == -1,1,0,1
LUSTRE_RES_ID_SEQ_OFF == 0,1,0,1
ctx->state != SPU_STATE_SAVED,1,0,1
ctxt != NULL,1,0,1
BITS_TO_LONGS(IEEE80211_NUM_TIDS) > 1,1,0,1
msg->msg_type == LNET_MSG_GET,1,0,1
"equi(page_count == 0, list_empty(&rpclist))",1,0,1
n_layers > EDAC_MAX_LAYERS || n_layers == 0,1,0,1
sizeof(struct hlist_nulls_head) != sizeof(struct hlist_head),1,0,1
sizeof(struct sigcontext) % 8 != 0,1,0,1
64 != sizeof (struct sysv_inode),1,0,1
mode == CLM_READ || mode == CLM_WRITE || mode == CLM_GROUP,1,0,1
rb->rf_records.rl_recs[index].r_refcount != rb->rf_records.rl_recs[index+1].r_refcount,1,0,1
"(int)offsetof(struct lu_seq_range, lsr_end) == 8, ""found %lld\n"", (long long)(int)offsetof(struct lu_seq_range, lsr_end)",1,0,1
"(int)sizeof(((struct ptlrpc_body_v3 *)0)->pb_status) == 4, ""found %lld\n"", (long long)(int)sizeof(((struct ptlrpc_body_v3 *)0)->pb_status)",1,0,1
!req->rq_pool || req->rq_reqbuf_len >= newmsg_size,1,0,1
!pm || !rlib_size || !over_subscription,1,0,1
"atomic_read(&afs_outstanding_calls), ==, 0",1,0,1
CHANGELOG_USER_REC == 275185664,1,0,1
"OST_SET_INFO == 17, ""found %lld\n"", (long long)OST_SET_INFO",1,0,1
__drm_mm_hole_node_start(node) == __drm_mm_hole_node_end(node),1,0,1
"!test_bit(BCACHE_DEV_DETACHING, &dc->disk.flags)",1,0,1
"(int)offsetof(struct llog_gen, mnt_cnt) == 0, ""found %lld\n"", (long long)(int)offsetof(struct llog_gen, mnt_cnt)",1,0,1
mutex_is_locked(&pinger_mutex),1,0,1
"lock->cll_state == CLS_INTRANSIT, ""Wrong state %d.\n"", lock->cll_state",1,0,1
start_blk <= INT_MAX && (xfs_daddr_t) log_bbnum-start_blk >= 0,1,0,1
*num_inodes == __XFS_SORT_INODES,1,0,1
"ofs <= 0, sb",1,0,1
"sizeof(((struct hsm_user_import *)0)->hui_mtime) == 8, ""found %lld\n"", (long long)sizeof(((struct hsm_user_import *)0)->hui_mtime)",1,0,1
!pi,1,0,1
uwb_dev == NULL,1,0,1
"0x200, msg",1,0,1
"(int)offsetof(struct ptlrpc_body_v3, pb_limit) == (int)offsetof(struct ptlrpc_body_v2, pb_limit), ""%d != %d\n"", (int)offsetof(struct ptlrpc_body_v3, pb_limit), (int)offsetof(struct ptlrpc_body_v2, pb_limit)",1,0,1
"!pfn_to_dma_pte(dmar_domain, iova >> VTD_PAGE_SHIFT, &level)",1,0,1
"VIRTIO_PCI_COMMON_NUMQ != offsetof(struct virtio_pci_common_cfg, num_queues)",1,0,1
"attrib != NULL, return -1;",1,0,1
"(int)sizeof(((struct obd_connect_data *)0)->padding6) == 8, ""found %lld\n"", (long long)(int)sizeof(((struct obd_connect_data *)0)->padding6)",1,0,1
sdio->block_in_file > sdio->final_block_in_request,1,0,1
hdr->minorversion == 0,1,0,1
"pos < fill && keycmp(geo, node, pos, key) == 0",1,0,1
"LAYOUT_INTENT_TRUNC == 4, ""found %lld\n"", (long long)LAYOUT_INTENT_TRUNC",1,0,1
"(int)offsetof(struct ost_lvb_v1, lvb_ctime) == 24, ""found %lld\n"", (long long)(int)offsetof(struct ost_lvb_v1, lvb_ctime)",1,0,1
LLOG_HDR_MAGIC == 275010873,1,0,1
"!PageAnon(page), page",1,0,1
!list_empty(&td_chan->active_list),1,0,1
"(int)sizeof(struct mdt_body) == 216, ""found %lld\n"", (long long)(int)sizeof(struct mdt_body)",1,0,1
desc->bd_nob_transferred == 0,1,0,1
"(int)offsetof(struct mdt_rec_reint, rr_flags) == 120, ""found %lld\n"", (long long)(int)offsetof(struct mdt_rec_reint, rr_flags)",1,0,1
lp->lp_txqnob == 0,1,0,1
magic == cpu_to_be16(XFS_DIR2_LEAFN_MAGIC) || magic == cpu_to_be16(XFS_ATTR_LEAF_MAGIC),1,0,1
"(int)offsetof(struct quota_body, qb_count) == 40, ""found %lld\n"", (long long)(int)offsetof(struct quota_body, qb_count)",1,0,1
"((lsmp)->lsm_magic == LOV_MAGIC_V1 || (lsmp)->lsm_magic == LOV_MAGIC_V3), ""%p->lsm_magic=%x\n"", (lsmp), (lsmp)->lsm_magic",1,0,1
mbp != NULL,1,0,1
i2400m->boot_mode == 0,1,0,1
mutex_is_locked(&new_inode->i_mutex),1,0,1
"VIRTIO_PCI_CAP_NEXT != offsetof(struct virtio_pci_cap, cap_next)",1,0,1
i > AL_UPDATES_PER_TRANSACTION,1,0,1
"(int)sizeof(((struct obd_connect_data *)0)->padding4) == 8, ""found %lld\n"", (long long)(int)sizeof(((struct obd_connect_data *)0)->padding4)",1,0,1
res->sr_blkno != di_blkno,1,0,1
fence != NULL,1,0,1
packet_len > ec_dev->din_size,1,0,1
msg->number != get,1,0,1
ARRAY_SIZE(efx->rx_hash_key) != MC_CMD_RSS_CONTEXT_SET_KEY_IN_TOEPLITZ_KEY_LEN,1,0,1
host->sdio_irqs < 1,1,0,1
!(obj->active & intel_ring_flag(obj->last_write_req->ring)),1,0,1
(1LLU << RX_PTR_MAX_SHIFT) > UINT_MAX,1,0,1
"(int)offsetof(struct hsm_action_list, hal_fsname) == 32, ""found %lld\n"", (long long)(int)offsetof(struct hsm_action_list, hal_fsname)",1,0,1
do_leftright,1,0,1
tar->ft_srv != NULL || tar->ft_exp != NULL,1,0,1
insert_bh != parent_fe_bh,1,0,1
"virtqueue_get_buf(vq, &len) != NULL",1,0,1
ADF_PFVF_COMPATIBILITY_VERSION > 255,1,0,1
"key_type(c, &sa->key) != UBIFS_DATA_KEY && key_type(c, &sb->key) != UBIFS_DATA_KEY",1,0,1
con->out_msg->con != con,1,0,1
atomic_read(&anchor->csi_sync_nr) == 0,1,0,1
!is_power_of_2(rcd->rcvegrbufs_perchunk),1,0,1
((unsigned long)kernel_context) & 0x7,1,0,1
nr_bhs,1,0,1
atomic64_inc_return(&v) != r,1,0,1
amd_iommu_max_pasid & ~PASID_MASK,1,0,1
"(int)sizeof(((struct llog_setattr64_rec *)0)->lsr_tail) == 8, ""found %lld\n"", (long long)(int)sizeof(((struct llog_setattr64_rec *)0)->lsr_tail)",1,0,1
drbg_blocklen(drbg) != crypto_cipher_blocksize(tfm),1,0,1
UBIFS_MAX_DENT_NODE_SZ & 7,1,0,1
found != b,1,0,1
rv,1,0,1
key.objectid != ino || key.type != BTRFS_EXTENT_DATA_KEY,1,0,1
psize == MMU_PAGE_16M,1,0,1
fsdata != NULL && page_has_buffers(page),1,0,1
tbl->parms.dev,1,0,1
spec->num_mixers >= ARRAY_SIZE(spec->mixers),1,0,1
index != 0,1,0,1
xd->node != raw,1,0,1
*length > cursor->resid,1,0,1
"MSG_CONNECT_REPLAYABLE == 0x00000004UL, ""found 0x%.8xUL\n"", (unsigned)MSG_CONNECT_REPLAYABLE",1,0,1
"(int)offsetof(struct lmv_stripe_md, mea_master) == 8, ""found %lld\n"", (long long)(int)offsetof(struct lmv_stripe_md, mea_master)",1,0,1
owner < BTRFS_FIRST_FREE_OBJECTID,1,0,1
sizeof(kvm_sched_clock_offset) > sizeof(((struct pvclock_vcpu_time_info *)NULL)->system_time),1,0,1
count > (ssize_t)SIMPLE_ATTR_SIZE,1,0,1
UBIFS_COMPR_TYPES_CNT > 4,1,0,1
bar_offset == sizeof(struct virtio_pci_mmio),1,0,1
data_len <= wrp->size2,1,0,1
pad < 0 || pad >= nn,1,0,1
"i.r != bset_bkey_last(t->data) && bkey_cmp(i.r, search) <= 0",1,0,1
list_empty(&sort_list),1,0,1
bus_id < 1 || bus_id > OMAP_I2C_MAX_CONTROLLERS,1,0,1
old_left_nritems <= 0,1,0,1
ack_size < sizeof(*ack),1,0,1
"inode->i_ino, ==, vnode->fid.vnode",1,0,1
ARRAY_SIZE(max77836_supported_regulators) != MAX77836_REGULATOR_NUM,1,0,1
fs_info->balance_ctl || atomic_read(&fs_info->balance_running),1,0,1
"(int)sizeof(((struct llog_unlink_rec *)0)->lur_count) == 4, ""found %lld\n"", (long long)(int)sizeof(((struct llog_unlink_rec *)0)->lur_count)",1,0,1
count > DQL_MAX_OBJECT,1,0,1
ops->hs_key,1,0,1
"(int)offsetof(struct mdt_rec_rename, rn_padding_1) == 80, ""found %lld\n"", (long long)(int)offsetof(struct mdt_rec_rename, rn_padding_1)",1,0,1
vol->ref_count >= 0,1,0,1
!cc_bcr.v,1,0,1
UBIFS_MAX_XENT_NODE_SZ > UBIFS_MAX_NODE_SZ,1,0,1
key.offset > start || extent_end < end,1,0,1
list_empty(&the_lnet.ln_remote_nets_hash[i]),1,0,1
iter->decoded_comps > iter->total_comps,1,0,1
"(int)sizeof(struct ost_lvb_v1) == 40, ""found %lld\n"", (long long)(int)sizeof(struct ost_lvb_v1)",1,0,1
"(int)sizeof(((struct lov_mds_md_v3 *)0)->lmm_pool_name[16]) == 1, ""found %lld\n"", (long long)(int)sizeof(((struct lov_mds_md_v3 *)0)->lmm_pool_name[16])",1,0,1
"sizeof(((struct hsm_user_import *)0)->hui_gid) == 4, ""found %lld\n"", (long long)sizeof(((struct hsm_user_import *)0)->hui_gid)",1,0,1
"(int)offsetof(struct llog_logid, lgl_oi) == 0, ""found %lld\n"", (long long)(int)offsetof(struct llog_logid, lgl_oi)",1,0,1
sizeof(struct batadv_coded_packet) != 46,1,0,1
(u_long)p != (u_long)&scrh->hdata_in + sizeof (scrh->hdata_in),1,0,1
(chip->bbt_options & NAND_BBT_NO_OOB_BBM) && !(chip->bbt_options & NAND_BBT_USE_FLASH),1,0,1
old_req->inode != new_req->inode,1,0,1
"(int)sizeof(((struct lustre_msg_v2 *)0)->lm_repsize) == 4, ""found %lld\n"", (long long)(int)sizeof(((struct lustre_msg_v2 *)0)->lm_repsize)",1,0,1
"(int)sizeof(((struct mdt_body *)0)->max_mdsize) == 4, ""found %lld\n"", (long long)(int)sizeof(((struct mdt_body *)0)->max_mdsize)",1,0,1
list_empty(&vgdev->free_vbufs),1,0,1
i == config->desc.bNumInterfaces,1,0,1
!pgd_present(*pgd),1,0,1
!(fd->ic->flags & INO_FLAGS_IS_DIR),1,0,1
ac97 != chip->ac97[CS46XX_PRIMARY_CODEC_INDEX] && ac97 != chip->ac97[CS46XX_SECONDARY_CODEC_INDEX],1,0,1
TC_MAX_QUEUE != TC_QOPT_MAX_QUEUE,1,0,1
"offsetof(struct hsm_user_import, hui_atime) == 8, ""found %lld\n"", (long long)offsetof(struct hsm_user_import, hui_atime)",1,0,1
"MSG_PTLRPC_BODY_OFF == 0, ""found %lld\n"", (long long)MSG_PTLRPC_BODY_OFF",1,0,1
skb->nfct,1,0,1
res->ptr == NULL,1,0,1
"ext->oe_state != OES_TRUNC, ext",1,0,1
!priv->pdev,1,0,1
sizeof(lum.lmm_objects[0]) == sizeof(lmmk->lmm_objects[0]),1,0,1
"!test_bit(CACHEFILES_OBJECT_ACTIVE, &object->flags)",1,0,1
cpu == my_cpu,1,0,1
!sn_flush_device_kernel,1,0,1
"(slot >= s) || (slot < S), return 0;",1,0,1
"(int)offsetof(struct obdo, o_nlink) == 100, ""found %lld\n"", (long long)(int)offsetof(struct obdo, o_nlink)",1,0,1
wiov.used == 1,1,0,1
*och != NULL,1,0,1
"d_ancestor(dentry, target)",1,0,1
list_empty(&log->cqueue),1,0,1
ac->ac_b_ex.fe_len != ac->ac_g_ex.fe_len,1,0,1
sizeof(*vendor) != sizeof(efi_data(op).u.set_variable.vendor_guid),1,0,1
lcn < 0,1,0,1
sizeof(dev->me_clients_map) < sizeof(enum_res->valid_addresses),1,0,1
svc < SPTLRPC_BULK_SVC_MAX,1,0,1
imp->imp_dlm_fake == 0,1,0,1
"sbi, d.max < 0",1,0,1
lock->l_lvb_data == NULL,1,0,1
list_empty(&item->ti_obd_list),1,0,1
"(int)offsetof(struct update_reply, ur_lens) == 8, ""found %lld\n"", (long long)(int)offsetof(struct update_reply, ur_lens)",1,0,1
t4_rq_empty(wq),1,0,1
lock->l_blocking_lock,1,0,1
"(int)offsetof(struct obd_statfs, os_namelen) == 92, ""found %lld\n"", (long long)(int)offsetof(struct obd_statfs, os_namelen)",1,0,1
sizeof(entry->mne_nid_count) == sizeof(__u8),1,0,1
rq_state & RQ_RUNNING,1,0,1
OBD_FL_LOCAL_MASK == 0xf0000000,1,0,1
"(int)offsetof(struct link_ea_header, padding2) == 20, ""found %lld\n"", (long long)(int)offsetof(struct link_ea_header, padding2)",1,0,1
LLOG_FIRST_OPC == 501,1,0,1
"(int)sizeof(((struct ost_lvb *)0)->lvb_atime_ns) == 4, ""found %lld\n"", (long long)(int)sizeof(((struct ost_lvb *)0)->lvb_atime_ns)",1,0,1
atomic_read(&blkif->persistent_gnt_in_use) != 0,1,0,1
fault_num == 0,1,0,1
rbio->faila == rbio->real_stripes - 1,1,0,1
!list_empty(&n->li_group),1,0,1
!stack_page,1,0,1
SCI_MAX_IO_REQUESTS > 1 << sizeof(ihost->tci_pool[0]) * 8,1,0,1
"OBD_CONNECT_SRVLOCK == 0x10ULL, ""found 0x%.16llxULL\n"", OBD_CONNECT_SRVLOCK",1,0,1
"wb->first, <=, index, <=, wb->last",1,0,1
sizeof(struct acpi_table_nfit) != 40,1,0,1
!list_empty(&page->cp_flight),1,0,1
UBIFS_MAX_INO_NODE_SZ > UBIFS_MAX_NODE_SZ,1,0,1
min < max,1,0,1
(wanted & (1 << SOCKLND_CONN_BULK_OUT)) != 0,1,0,1
"(int)sizeof(((struct llog_size_change_rec *)0)->lsc_padding3) == 8, ""found %lld\n"", (long long)(int)sizeof(((struct llog_size_change_rec *)0)->lsc_padding3)",1,0,1
__fix_to_virt(__end_of_fixed_addresses) <= MODULES_END,1,0,1
oap->oap_page_off == 0,1,0,1
!(vma->vm_flags & VM_MAYSHARE),1,0,1
right_child_el->l_tree_depth,1,0,1
"sg[0].length + sg[1].length, ==, buflen",1,0,1
m->offset == (i+1),1,0,1
sizeof(struct mdt_rec_reint) == sizeof(struct mdt_rec_rename),1,0,1
"MF_EPOCH_OPEN == 0x00000002UL, ""found 0x%.8xUL\n"", (unsigned)MF_EPOCH_OPEN",1,0,1
"OBD_CONNECT_INDEX == 0x2ULL, ""found 0x%.16llxULL\n"", OBD_CONNECT_INDEX",1,0,1
"(int)sizeof(((struct llog_logid *)0)->lgl_oi) == 16, ""found %lld\n"", (long long)(int)sizeof(((struct llog_logid *)0)->lgl_oi)",1,0,1
bolted < 0,1,0,1
fq->flush_pending_idx == fq->flush_running_idx,1,0,1
"(int)offsetof(struct changelog_ext_rec, cr_index) == 8, ""found %lld\n"", (long long)(int)offsetof(struct changelog_ext_rec, cr_index)",1,0,1
"FID_SEQ_QUOTA == 0x0000000200000005ULL, ""found 0x%.16llxULL\n"", (long long)FID_SEQ_QUOTA",1,0,1
atomic_read(&entry->refcnt) < 1,1,0,1
SKB_GSO_UDP_TUNNEL_CSUM != (NETIF_F_GSO_UDP_TUNNEL_CSUM >> NETIF_F_GSO_SHIFT),1,0,1
SUPPORTED_100baseT_Full != ADVERTISED_100baseT_Full,1,0,1
ltnew >= args->min_agbno && ltnew <= args->max_agbno,1,0,1
"(int)offsetof(struct quota_body, qb_glb_lockh) == 72, ""found %lld\n"", (long long)(int)offsetof(struct quota_body, qb_glb_lockh)",1,0,1
"(int)offsetof(struct llog_log_hdr, llh_cat_idx) == 40, ""found %lld\n"", (long long)(int)offsetof(struct llog_log_hdr, llh_cat_idx)",1,0,1
++me->arch.fdesc_count > me->arch.fdesc_max,1,0,1
b->level != level,1,0,1
""""", 0, 0",1,0,1
"i != 0, ""Inode %lu has empty record in "" ""index %d\n"", inode->i_ino, i",1,0,1
unregister_netdevice_notifier(&dropmon_net_notifier),1,0,1
"(int)sizeof(((struct hsm_progress *)0)->hp_fid) == 16, ""found %lld\n"", (long long)(int)sizeof(((struct hsm_progress *)0)->hp_fid)",1,0,1
!orig_value_size,1,0,1
pci->capabilities % 4 == 0,1,0,1
slot >= KVM_NR_SHARED_MSRS,1,0,1
sizeof(phys_addr_t) != sizeof(tile_io_addr_t),1,0,1
!(wbuf->avail & 7),1,0,1
from->dst.from,1,0,1
i == le16_to_cpu(tmp_el->l_next_free_rec),1,0,1
PagePreLocked(page),1,0,1
ref_flags(xd->node) != REF_PRISTINE,1,0,1
rs->rs_rbm.rgd->rd_reserved < rs->rs_free,1,0,1
!ntfs_compression_buffer,1,0,1
list_empty(&ext->oe_link),1,0,1
F2FS_AES_128_ECB_KEY_SIZE != F2FS_KEY_DERIVATION_NONCE_SIZE,1,0,1
snic->intr_count == 0,1,0,1
"setsockopt(sock, SOL_SOCKET, SO_ATTACH_BPF, &prog_fd[4], sizeof(__u32)) == 0",1,0,1
"bind_irq_vector(irq, vec, CPU_MASK_ALL)",1,0,1
(body->valid & OBD_MD_MDS),1,0,1
"&get_node(cachep, node)->list_lock",1,0,1
prev != vma,1,0,1
(1 << (sizeof(tun_info->options_len) * 8)) - 1 > sizeof(key->tun_opts),1,0,1
i >= f->num_members,1,0,1
"(int)offsetof(struct mgs_target_info, mti_fsname) == 24, ""found %lld\n"", (long long)(int)offsetof(struct mgs_target_info, mti_fsname)",1,0,1
"(int)offsetof(struct mdt_rec_reint, rr_fid1) == 40, ""found %lld\n"", (long long)(int)offsetof(struct mdt_rec_reint, rr_fid1)",1,0,1
"!PageHuge(oldhpage), oldhpage",1,0,1
req->rq_reqdata_len % 8 == 0,1,0,1
hi->buf_size == 0,1,0,1
ret != -EINVAL,1,0,1
"(int)offsetof(struct ost_lvb_v1, lvb_size) == 0, ""found %lld\n"", (long long)(int)offsetof(struct ost_lvb_v1, lvb_size)",1,0,1
page->index <= ui->synced_i_size >> PAGE_CACHE_SHIFT,1,0,1
ptr >= chip->wave.size,1,0,1
regs_amount > ARRAY_SIZE(saved_regs_phy),1,0,1
"xfs_bmse_can_merge(&left, &got, shift)",1,0,1
length > msg->data_length,1,0,1
"LUSTRE_SYNC_FL == 0x00000008, ""found 0x%.8x\n"", LUSTRE_SYNC_FL",1,0,1
"(int)offsetof(struct llog_cookie, lgc_subsys) == 20, ""found %lld\n"", (long long)(int)offsetof(struct llog_cookie, lgc_subsys)",1,0,1
"(int)offsetof(struct lmv_desc, ld_padding_1) == 24, ""found %lld\n"", (long long)(int)offsetof(struct lmv_desc, ld_padding_1)",1,0,1
ext->oe_state == OES_CACHE,1,0,1
status & VIRTIO_CONFIG_S_DRIVER_OK,1,0,1
"(int)sizeof(((struct changelog_rec *)0)->cr_type) == 4, ""found %lld\n"", (long long)(int)sizeof(((struct changelog_rec *)0)->cr_type)",1,0,1
mode > LCK_MINMODE && mode < LCK_MAXMODE,1,0,1
"II_FL_VARKEY == 2, ""found %lld\n"", (long long)II_FL_VARKEY",1,0,1
"""Invalid hist entry"", !strcmp(DSO(he), ""[kernel]"") && !strcmp(SYM(he), ""schedule"") && !strcmp(COMM(he), ""perf"") && he->stat.period == 100",1,0,1
QMGR_SCRATCH_SIZE > ((1 << 14) - 1),1,0,1
!entry->dev,1,0,1
"sap == irnet_server.s.tsap, , IRDA_CB_ERROR, ""Invalid sap !!!\n""",1,0,1
"sdp, !rlist->rl_ghs",1,0,1
inflight_refs < 1,1,0,1
r != 1,1,0,1
eb->lock_nested,1,0,1
journal->j_trans_id == trans_id,1,0,1
!pdev->init_complete,1,0,1
nr_sync < 0,1,0,1
pasid == 0 || pasid >= pasid_limit,1,0,1
ARRAY_SIZE(cayman_reg_safe_bm) != REG_SAFE_BM_SIZE,1,0,1
"list_empty(&request->rq_exp_list), ""req %p\n"", request",1,0,1
"(int)offsetof(struct obd_dqinfo, dqi_igrace) == 8, ""found %lld\n"", (long long)(int)offsetof(struct obd_dqinfo, dqi_igrace)",1,0,1
"ergo(LIBLUSTRE_CLIENT, einfo->ei_type != LDLM_EXTENT || policy->l_extent.end == OBD_OBJECT_EOF)",1,0,1
!dev_entry->common,1,0,1
cptab->ctb_version == CFS_CPU_VERSION_MAGIC,1,0,1
"rx->local, ==, NULL",1,0,1
basechain->flags & NFT_BASECHAIN_DISABLED,1,0,1
list_empty(&lock->cll_linkage),1,0,1
idx >= 0 && idx < ubi->vtbl_slots,1,0,1
sizeof(int) != BREAK_INSTR_SIZE,1,0,1
oi->type != op_inode_node,1,0,1
"sbi, nm_i->dirty_nat_cnt",1,0,1
"(int)offsetof(struct ldlm_flock_wire, lfw_start) == 0, ""found %lld\n"", (long long)(int)offsetof(struct ldlm_flock_wire, lfw_start)",1,0,1
bp->b_fspriv == NULL,1,0,1
BPF_MEMWORDS > 16,1,0,1
"(int)offsetof(struct hsm_action_item, hai_fid) == 8, ""found %lld\n"", (long long)(int)offsetof(struct hsm_action_item, hai_fid)",1,0,1
0 <= offset && offset < REQ_MAX_FIELD_NR,1,0,1
counters->ctc_nr_held >= 0,1,0,1
sc->cmd_len > VIRTIO_SCSI_CDB_SIZE,1,0,1
(pages_needed * IOVP_SIZE) > DMA_CHUNK_SIZE,1,0,1
compo->rst_main,1,0,1
object->dentry->d_parent,1,0,1
ch_sn2->local_GP->get <= initial_get,1,0,1
sub->sub_stripe < lio->lis_stripe_count,1,0,1
"page_zone(page) != zone, page",1,0,1
!clk_init.num_parents,1,0,1
list_empty(&li->li_freeing_list),1,0,1
"(int)sizeof(((struct hsm_progress_kernel *)0)->hpk_flags) == 2, ""found %lld\n"", (long long)(int)sizeof(((struct hsm_progress_kernel *)0)->hpk_flags)",1,0,1
found->seq < cur->seq,1,0,1
"obj->magic == IAS_OBJECT_MAGIC, return -EINVAL;",1,0,1
q_req->sbale_curr == qdio->max_sbale_per_sbal - 1,1,0,1
ni->initialized_size != new_init_size,1,0,1
!list_empty(&req->crq_pages),1,0,1
!processed_len,1,0,1
sb->s_options,1,0,1
ptable->pt_number > 0,1,0,1
ch_uv->cached_notify_gru_mq_desc == NULL,1,0,1
"dma_mapping_error(&pci_dev->dev, dma_addr)",1,0,1
(split_flag & (EXT4_EXT_DATA_VALID1 | EXT4_EXT_DATA_VALID2)) == (EXT4_EXT_DATA_VALID1 | EXT4_EXT_DATA_VALID2),1,0,1
"test_and_set_bit(__LC_PARANOIA, &lc->flags)",1,0,1
lbegin > lend,1,0,1
"LCK_PR == 4, ""found %lld\n"", (long long)LCK_PR",1,0,1
frame_get >= SCU_MAX_UNSOLICITED_FRAMES,1,0,1
rb_parent(write_tree.rb_node),1,0,1
snic->config.hid != hid,1,0,1
ubi->pq_head >= 0 && ubi->pq_head < UBI_PROT_QUEUE_LEN,1,0,1
i < 1,1,0,1
slice->cpl_page->cp_child == NULL,1,0,1
"!is_pipe_allocated(chip, pipe->index)",1,0,1
"(int)offsetof(struct llog_log_hdr, llh_flags) == 36, ""found %lld\n"", (long long)(int)offsetof(struct llog_log_hdr, llh_flags)",1,0,1
"(int)sizeof(((struct llog_log_hdr *)0)->llh_flags) == 4, ""found %lld\n"", (long long)(int)sizeof(((struct llog_log_hdr *)0)->llh_flags)",1,0,1
ni->ni_ncpts >= 1,1,0,1
mmu_psize_defs[mmu_psize].shift != shift,1,0,1
dev->ld_site != NULL,1,0,1
"page != compound_head(page), page",1,0,1
"!test_bit(OBSOLETE_CNODE, &pnode->flags)",1,0,1
UBIFS_MAX_DATA_NODE_SZ & 7,1,0,1
"device, atomic_read(&device->ap_bio_cnt) == 0",1,0,1
"bundle->num_conns, ==, 0",1,0,1
!(lock_mode & XFS_MMAPLOCK_EXCL) || inodes <= XFS_MMAPLOCK_MAX_SUBCLASS + 1,1,0,1
"F2FS_I_SB(dir), level > MAX_DIR_HASH_DEPTH",1,0,1
refclkpn != 100 * 1000 * 1000,1,0,1
!(OCFS2_I(inode)->ip_dyn_features & OCFS2_INLINE_XATTR_FL),1,0,1
host->i_nlink > 0,1,0,1
sizeof(struct yeah) > ICSK_CA_PRIV_SIZE,1,0,1
NUM_PHY_CTX > MAX_BINDINGS,1,0,1
"(int)sizeof(((struct ptlrpc_body_v3 *)0)->pb_service_time) == (int)sizeof(((struct ptlrpc_body_v2 *)0)->pb_service_time), ""%d != %d\n"", (int)sizeof(((struct ptlrpc_body_v3 *)0)->pb_service_time), (int)sizeof(((struct ptlrpc_body_v2 *)0)->pb_service_time)",1,0,1
PS3DISK_MAX_DISKS > BITS_PER_LONG,1,0,1
!list_empty(&c->lru[i]),1,0,1
"(int)offsetof(struct mdt_rec_rename, rn_padding_2) == 88, ""found %lld\n"", (long long)(int)offsetof(struct mdt_rec_rename, rn_padding_2)",1,0,1
"(int)offsetof(struct hsm_progress, hp_cookie) == 16, ""found %lld\n"", (long long)(int)offsetof(struct hsm_progress, hp_cookie)",1,0,1
pg->count > 0,1,0,1
table_size > (1 << this->bbt_erase_shift),1,0,1
"PageSwapBacked(page), page",1,0,1
sizeof(struct upid) != 32,1,0,1
"device, device->open_cnt == 0",1,0,1
channel > CC2520_MAXCHANNEL,1,0,1
"FID_SEQ_IGIF == 12, ""found %lld\n"", (long long)FID_SEQ_IGIF",1,0,1
adapter->d_out.tx_skb,1,0,1
LAST_PKMAP > PTRS_PER_PTE,1,0,1
!s_page,1,0,1
logging_active && !cache,1,0,1
"offsetof(struct sk_buff, field) > offsetof(struct sk_buff, headers_end)",1,0,1
B43_TAB_NOISESCALE_SIZE != ARRAY_SIZE(b43_tab_noisescaleg1),1,0,1
dentry == mnt->mnt_sb->s_root,1,0,1
sh->overwrite_disks > (sh->disks - sh->raid_conf->max_degraded),1,0,1
"(int)sizeof(((struct changelog_rec *)0)->cr_pfid) == 16, ""found %lld\n"", (long long)(int)sizeof(((struct changelog_rec *)0)->cr_pfid)",1,0,1
"!test_bit(R10BIO_Previous, &r10_bio->state)",1,0,1
"VIRTIO_PCI_COMMON_Q_AVAILLO != offsetof(struct virtio_pci_common_cfg, queue_avail_lo)",1,0,1
"ergo(!IS_ERR(o), o->lo_dev->ld_type == &lovsub_device_type)",1,0,1
nodeid < 0 || nodeid >= MAX_NUMNODES,1,0,1
"sbi, old_ni.blk_addr != NULL_ADDR",1,0,1
"self->magic == LMP_LSAP_MAGIC, goto erruncon;",1,0,1
"sizeof(struct unix_skb_parms) > FIELD_SIZEOF(struct sk_buff, cb)",1,0,1
"sbi, secno >= MAIN_SECS(sbi)",1,0,1
"!(ci->ci_flags & OCFS2_CACHE_FL_INLINE), ""Owner %llu not marked as inline anymore!\n"", (unsigned long long)ocfs2_metadata_cache_owner(ci)",1,0,1
(sizeof(BITSET_T) * 8) == 32,1,0,1
status != 0 || wi->swi_state == SWI_STATE_DONE,1,0,1
!cmd_completion,1,0,1
src->parent_scb_ptr,1,0,1
"(int)sizeof(((struct changelog_ext_rec *)0)->cr_flags) == 2, ""found %lld\n"", (long long)(int)sizeof(((struct changelog_ext_rec *)0)->cr_flags)",1,0,1
"test_bit(BTRFS_INODE_HAS_ORPHAN_ITEM, &BTRFS_I(inode)->runtime_flags)",1,0,1
blocksize != PAGE_SIZE,1,0,1
!opl3->r_port,1,0,1
"(int)sizeof(((struct llog_unlink64_rec *)0)->lur_padding3) == 8, ""found %lld\n"", (long long)(int)sizeof(((struct llog_unlink64_rec *)0)->lur_padding3)",1,0,1
"(int)offsetof(struct mdt_rec_reint, rr_fsuid_h) == 12, ""found %lld\n"", (long long)(int)offsetof(struct mdt_rec_reint, rr_fsuid_h)",1,0,1
contigblk % mp->m_sb.sb_spino_align == 0,1,0,1
img_offset < rbd_dev->parent_overlap,1,0,1
le32_to_cpu(left_rec->e_cpos) + le16_to_cpu(left_rec->e_leaf_clusters) != le32_to_cpu(right_rec->e_cpos),1,0,1
OBD_FL_CKSUM_CRC32C == 0x00004000,1,0,1
!inode1 || !inode2,1,0,1
"(int)sizeof(struct lu_dirpage) == 24, ""found %lld\n"", (long long)(int)sizeof(struct lu_dirpage)",1,0,1
mod && mod->state == MODULE_STATE_UNFORMED,1,0,1
"(int)sizeof(((struct quota_body *)0)->qb_glb_lockh) == 8, ""found %lld\n"", (long long)(int)sizeof(((struct quota_body *)0)->qb_glb_lockh)",1,0,1
seq->lcs_update == 1,1,0,1
aeb->lnum == new_aeb->lnum,1,0,1
parent_rate > (u64)LONG_MAX,1,0,1
"OBD_CONNECT_JOBSTATS == 0x20000000000ULL, ""found 0x%.16llxULL\n"", OBD_CONNECT_JOBSTATS",1,0,1
!bank || !bank->disk,1,0,1
nid != 0,1,0,1
out_num + 1 > ARRAY_SIZE(sgs),1,0,1
zone > LAST_ZONE,1,0,1
"IS_ALIGNED((unsigned long)lv->lv_buf, sizeof(uint64_t))",1,0,1
max >= dlm->lock_count + count,1,0,1
"(int)sizeof(((struct lustre_capa *)0)->lc_expiry) == 4, ""found %lld\n"", (long long)(int)sizeof(((struct lustre_capa *)0)->lc_expiry)",1,0,1
tip->i_d.di_version < 3 || (target_log_flags & XFS_ILOG_DOWNER),1,0,1
!msg->msg_rx_delayed,1,0,1
sizeof(struct vring_rx_desc) > sizeof(skb->cb),1,0,1
!vbuf->resp_buf,1,0,1
!is_kernel_addr((u64)virt_addr_bmp),1,0,1
lock->cll_users <= 1,1,0,1
opts_help[i] != NULL,1,0,1
collapse.slot != new_n0->nr_leaves_on_branch - 1,1,0,1
"offsetof(struct vringh_kiov, max_num) != offsetof(struct vringh_iov, max_num)",1,0,1
(1UL << GFP_MOVABLE_SHIFT) != ___GFP_MOVABLE,1,0,1
"!PageHead(src_page), src_page",1,0,1
num == dead_node,1,0,1
(char *)&safe_user_instruction - (char *)&fixed_code_start != SAFE_USER_INSTRUCTION - FIXED_CODE_START,1,0,1
msg->msg_type == LNET_MSG_GET || msg->msg_type == LNET_MSG_REPLY,1,0,1
split < ee_block || split >= (ee_block + ee_len),1,0,1
lc->lc_element[i] == NULL,1,0,1
FSF_CZ_USER_EV_REG_VALUE_LBN != 0,1,0,1
!ld->num_implicit && ld->implicit_fb,1,0,1
portal_rotors[i].pr_value == portal_rotor,1,0,1
"ergo(ols->ols_glimpse, lock->cll_descr.cld_mode <= CLM_READ), ""lock = %p, ols = %p\n"", lock, ols",1,0,1
!dbgdev,1,0,1
"atomic_read(a) < v, ""value: %d\n"", atomic_read((a))",1,0,1
pgd == swapper_pg_dir,1,0,1
sizeof(struct driver_data) > sizeof(struct descriptor),1,0,1
"reserved >= 0, ""reserved %lu\n"", reserved",1,0,1
sizeof(struct flowi6) % sizeof(flow_compare_t),1,0,1
!is_shadow_present_pte(*_spte_),1,0,1
byte_count != scsi_bufflen(sc),1,0,1
"OBD_MD_FLMODE == (0x00000080ULL), ""found 0x%.16llxULL\n"", OBD_MD_FLMODE",1,0,1
!list_empty(&mw->mw_item),1,0,1
vol->readers == 0 && vol->writers == 0 && vol->metaonly == 0,1,0,1
"call->rx_data_post, ==, 0",1,0,1
sbp->sb_rsumino != NULLFSINO,1,0,1
"scsi_host_set_state(shost, SHOST_DEL_RECOVERY)",1,0,1
"(int)sizeof(((struct obdo *)0)->o_padding_5) == 8, ""found %lld\n"", (long long)(int)sizeof(((struct obdo *)0)->o_padding_5)",1,0,1
"LCK_PW == 2, ""found %lld\n"", (long long)LCK_PW",1,0,1
(skspcl->req.id & SKD_ID_INCR) == 0,1,0,1
UBIFS_DATA_NODE_SZ & 7,1,0,1
!list_empty(&phy->port_siblings),1,0,1
em_end <= cur,1,0,1
list_empty(&commit_transaction->t_inode_list),1,0,1
!lirc_rx51,1,0,1
&cgwb_lock,1,0,1
"len >= sizeof(*body), ""buflen[%d] = %d, not %d\n"", DLM_LOCKREQ_OFF, len, (int)sizeof(*body)",1,0,1
conn->ibc_cmid == cmid,1,0,1
KVM_APIC_MODE_X2APIC != 16,1,0,1
!paace,1,0,1
!(actions & DLM_UNLOCK_REMOVE_LOCK),1,0,1
erst_record_id_cache.refcount < 0,1,0,1
ARCH_P4_MAX_CCCR > INTEL_PMC_MAX_GENERIC,1,0,1
bits_wanted > (le32_to_cpu(fe->id1.bitmap1.i_total) - le32_to_cpu(fe->id1.bitmap1.i_used)),1,0,1
!(daemon->flags & ECRYPTFS_DAEMON_MISCDEV_OPEN),1,0,1
key.type != BTRFS_EXTENT_REF_V0_KEY,1,0,1
!p->lookup,1,0,1
mp->m_sb_bp == NULL,1,0,1
g.gl_pathc <= NUM_PAGESIZES,1,0,1
d->irq == MSP_INT_VPE0_TIMER || d->irq == MSP_INT_VPE1_TIMER,1,0,1
"(int)offsetof(struct lu_dirpage, ldp_flags) == 16, ""found %lld\n"", (long long)(int)offsetof(struct lu_dirpage, ldp_flags)",1,0,1
ins->asynch_tx_scb,1,0,1
root_objectid == BTRFS_TREE_LOG_OBJECTID,1,0,1
"bpf_lookup_elem(map_fd, &key, &value) == 0 && value == key",1,0,1
"(int)sizeof(((struct mdt_rec_unlink *)0)->ul_opcode) == 4, ""found %lld\n"", (long long)(int)sizeof(((struct mdt_rec_unlink *)0)->ul_opcode)",1,0,1
sizeof(struct uas_cmd_info) > sizeof(struct scsi_pointer),1,0,1
err < 3 || buf[2] == (char)(i + 2),1,0,1
drv_data->pwr_rst,1,0,1
"(int)sizeof(((struct link_ea_entry *)0)->lee_parent_fid) == 16, ""found %lld\n"", (long long)(int)sizeof(((struct link_ea_entry *)0)->lee_parent_fid)",1,0,1
sizeof(struct usb_req_rfwrite) + USB_MAX_RFWRITE_BIT_COUNT * sizeof(__le16) > sizeof(usb->req_buf),1,0,1
"rcu_is_watching(), ""IRQ failed to wake up RCU""",1,0,1
(offset & CM_OFFSET) == 0,1,0,1
sizeof(*p_child) < 38,1,0,1
sizeof(struct crypt_ctl) != 64,1,0,1
iov->iov_len > scratch_len,1,0,1
IS_POW2(VCHIQ_SLOT_SIZE),1,0,1
PageWriteback(dst),1,0,1
"(int)offsetof(struct mdt_body, unused2) == 140, ""found %lld\n"", (long long)(int)offsetof(struct mdt_body, unused2)",1,0,1
"(int)sizeof(((struct mdt_rec_setattr *)0)->sa_padding_4) == 4, ""found %lld\n"", (long long)(int)sizeof(((struct mdt_rec_setattr *)0)->sa_padding_4)",1,0,1
c->freeable_cnt <= c->main_lebs,1,0,1
mixer != card->mixer_oss,1,0,1
"(int)sizeof(((struct lustre_handle *)0)->cookie) == 8, ""found %lld\n"", (long long)(int)sizeof(((struct lustre_handle *)0)->cookie)",1,0,1
tag >= pool->nr_tags,1,0,1
(ia64_get_itv() & (1 << 16)) == 0,1,0,1
rx_fifo_avail > 0 && buf_remaining > 0,1,0,1
"(int)sizeof(((struct lquota_acct_rec *)0)->bspace) == 8, ""found %lld\n"", (long long)(int)sizeof(((struct lquota_acct_rec *)0)->bspace)",1,0,1
"(int)offsetof(struct ptlrpc_body_v3, pb_flags) == 56, ""found %lld\n"", (long long)(int)offsetof(struct ptlrpc_body_v3, pb_flags)",1,0,1
"OBD_CONNECT_BRW_SIZE == 0x40000ULL, ""found 0x%.16llxULL\n"", OBD_CONNECT_BRW_SIZE",1,0,1
"""Invalid hist entry"", !strcmp(DSO(he), ""perf"") && !strcmp(SYM(he), ""main"") && !strcmp(COMM(he), ""perf"") && he->stat.period == 200",1,0,1
"ext->oe_end >= index && ext->oe_start <= index, ext, ""index = %lu.\n"", index",1,0,1
"(int)offsetof(struct lu_seq_range, lsr_index) == 16, ""found %lld\n"", (long long)(int)offsetof(struct lu_seq_range, lsr_index)",1,0,1
"!xfs_is_quota_inode(&mp->m_sb, ip->i_ino)",1,0,1
"_clps711x_clkevt_init(tc2, tc2_base, irq)",1,0,1
conn->security_ix != 0,1,0,1
e->refcnt,1,0,1
"jh, jh->b_transaction == commit_transaction",1,0,1
"tag_get(node, 1, index & RADIX_TREE_MAP_MASK)",1,0,1
"(int)offsetof(struct obdo, o_padding_4) == 184, ""found %lld\n"", (long long)(int)offsetof(struct obdo, o_padding_4)",1,0,1
"(int)offsetof(struct mdt_rec_unlink, ul_fsgid) == 16, ""found %lld\n"", (long long)(int)offsetof(struct mdt_rec_unlink, ul_fsgid)",1,0,1
!ocfs2_sparse_alloc(OCFS2_SB(inode->i_sb)),1,0,1
"offsetof(struct cffrml, layer) == 0",1,0,1
slave == NULL,1,0,1
"(int)offsetof(struct mdt_rec_rename, rn_cap) == 4, ""found %lld\n"", (long long)(int)offsetof(struct mdt_rec_rename, rn_cap)",1,0,1
(size) > SOCK_SKB_CB_OFFSET,1,0,1
*len >= minlen && *len <= maxlen,1,0,1
at,1,0,1
"(int)offsetof(struct mdt_rec_create, cr_padding_1) == 104, ""found %lld\n"", (long long)(int)offsetof(struct mdt_rec_create, cr_padding_1)",1,0,1
"(int)sizeof(((struct changelog_rec *)0)->cr_flags) == 2, ""found %lld\n"", (long long)(int)sizeof(((struct changelog_rec *)0)->cr_flags)",1,0,1
"offsetof(typeof(*cmd), i_body.sid) != offsetof(typeof(*cmd), sid)",1,0,1
bvec.bv_len != PAGE_CACHE_SIZE,1,0,1
"(int)sizeof(((struct mdt_ioepoch *)0)->padding) == 4, ""found %lld\n"", (long long)(int)sizeof(((struct mdt_ioepoch *)0)->padding)",1,0,1
hv_pte_get_mode(pte) == 0,1,0,1
!desc->active_xfer,1,0,1
*(tcb->hw_consumer_index) != 0,1,0,1
c->bulk_read == 1,1,0,1
pmd_sect(*pmd),1,0,1
rc == 0 || rc == -EINTR || rc == -ETIMEDOUT,1,0,1
ELV_ON_HASH(req),1,0,1
"(int)sizeof(((struct mdt_rec_reint *)0)->rr_suppgid2_h) == 4, ""found %lld\n"", (long long)(int)sizeof(((struct mdt_rec_reint *)0)->rr_suppgid2_h)",1,0,1
(addr & ~PAGE_MASK) != 0,1,0,1
"(int)offsetof(struct ldlm_reply, lock_handle) == 88, ""found %lld\n"", (long long)(int)offsetof(struct ldlm_reply, lock_handle)",1,0,1
"(int)offsetof(struct update_reply, ur_count) == 4, ""found %lld\n"", (long long)(int)offsetof(struct update_reply, ur_count)",1,0,1
"pnfs_osd_xdr_encode_layoutupdate(xdr, &lou)",1,0,1
"(int)offsetof(struct update, u_fid) == 8, ""found %lld\n"", (long long)(int)offsetof(struct update, u_fid)",1,0,1
!send->s_mr,1,0,1
tcp_skb_pcount(skb) == 0,1,0,1
!ht->p.obj_hashfn || !key,1,0,1
!TAILQ_EMPTY(untagged_q),1,0,1
"(int)sizeof(union lquota_id) == 16, ""found %lld\n"", (long long)(int)sizeof(union lquota_id)",1,0,1
"!IS_ALIGNED(((unsigned long)ctx->sgl), PAGE_SIZE)",1,0,1
ols->ols_agl,1,0,1
res_ptr < res_end,1,0,1
ca->prio_buckets[iter] == (uint64_t) r,1,0,1
strlen(name) >= sizeof(dev->name),1,0,1
pmd_huge_page(*pmd),1,0,1
UBIFS_INO_NODE_SZ != 160,1,0,1
"(int)offsetof(struct obdo, o_grant) == 72, ""found %lld\n"", (long long)(int)offsetof(struct obdo, o_grant)",1,0,1
type == CPT_CACHEABLE || type == CPT_TRANSIENT,1,0,1
"""wrong refcnt"", atomic_read(&mg->refcnt), 4",1,0,1
adapter->tx_queue[i].tx_ring.base == NULL,1,0,1
mp->m_rbmip != NULL,1,0,1
btrfs_root_bytenr(&root->root_item) == cur->bytenr,1,0,1
offs % c->min_io_size == 0 && offs < c->leb_size,1,0,1
!ni->page,1,0,1
"__same_type(sctp_sf_eat_sack_6_2, jsctp_sf_eat_sack) == 0",1,0,1
sizeof(data.__data) != sizeof(data),1,0,1
jinode->i_transaction == journal->j_committing_transaction,1,0,1
eoffset >= radeon_vm_num_pdes(rdev),1,0,1
CRB_ALIGN % DDE_ALIGN,1,0,1
gc_lnum != -1,1,0,1
slot >= ASSOC_ARRAY_FAN_OUT,1,0,1
"(int)sizeof(((struct ptlrpc_body_v3 *)0)->pb_conn_cnt) == (int)sizeof(((struct ptlrpc_body_v2 *)0)->pb_conn_cnt), ""%d != %d\n"", (int)sizeof(((struct ptlrpc_body_v3 *)0)->pb_conn_cnt), (int)sizeof(((struct ptlrpc_body_v2 *)0)->pb_conn_cnt)",1,0,1
sz != PGDIR_SIZE && sz != PGDIR_SIZE << huge_shift[HUGE_SHIFT_PGDIR],1,0,1
"(int)offsetof(struct mdt_rec_rename, rn_time) == 72, ""found %lld\n"", (long long)(int)offsetof(struct mdt_rec_rename, rn_time)",1,0,1
"atomic_read(&call->usage), >=, 3",1,0,1
"ubifs_search_bud(c, lnum)",1,0,1
!radix_tree_exceptional_entry(node->slots[i]),1,0,1
alloc > 2,1,0,1
cidx > wq->sq.size,1,0,1
"offsetof(typeof(*ocd), paddingE) != 0",1,0,1
!bch_keylist_empty(insert_keys) && b->level,1,0,1
dl->dl_count == 0,1,0,1
policy->sp_name,1,0,1
error || !(XLOG_FORCED_SHUTDOWN(log)),1,0,1
rc || setup.status,1,0,1
"(int)offsetof(struct lov_mds_md_v3, lmm_pool_name[16]) == 48, ""found %lld\n"", (long long)(int)offsetof(struct lov_mds_md_v3, lmm_pool_name[16])",1,0,1
((PAGE_SIZE / sizeof(xen_pfn_t)) % XEN_PFN_PER_PAGE) != 0,1,0,1
"dma_mapping_error(&oct->pci_dev->dev, dma_addr)",1,0,1
!ref_blkno,1,0,1
pixels_2 != pixels_current && pixels_2 != pixels_prev,1,0,1
"call->state <= RXRPC_CALL_COMPLETE, call->rx_data_post, >=, call->rx_data_recv",1,0,1
rc != 0 || (req->rq_reply_state && req->rq_reply_state->rs_msg),1,0,1
"(int)sizeof(((struct idx_info *)0)->ii_count) == 2, ""found %lld\n"", (long long)(int)sizeof(((struct idx_info *)0)->ii_count)",1,0,1
!se_sess,1,0,1
"offsetof(typeof(*os), os_spare4) != 0",1,0,1
!broadcast_wq,1,0,1
"level == 6 && (!(test_bit(R5_UPTODATE, &sh->dev[qd_idx].flags) || test_bit(R5_Wantcompute, &sh->dev[qd_idx].flags)))",1,0,1
loggers[pf][type] == NULL,1,0,1
"OBD_LAST_OPC == 404, ""found %lld\n"", (long long)OBD_LAST_OPC",1,0,1
"(int)sizeof(((struct mgs_target_info *)0)->mti_svname) == 64, ""found %lld\n"", (long long)(int)sizeof(((struct mgs_target_info *)0)->mti_svname)",1,0,1
"offsetof(struct logfs_disk_inode, di_height) != 2",1,0,1
"global_mfd, F_SEAL_WRITE",1,0,1
"(int)sizeof(((struct lov_mds_md_v3 *)0)->lmm_pattern) == 4, ""found %lld\n"", (long long)(int)sizeof(((struct lov_mds_md_v3 *)0)->lmm_pattern)",1,0,1
(val >> nrbits) == 0 || nrbits - b == 32,1,0,1
tar != NULL,1,0,1
pi_se->dl_runtime <= 0,1,0,1
got != readlen,1,0,1
"(int)offsetof(struct mdt_rec_link, lk_fsgid) == 16, ""found %lld\n"", (long long)(int)offsetof(struct mdt_rec_link, lk_fsgid)",1,0,1
"instance == &irnet_server, , IRDA_CB_ERROR, ""Invalid instance (0x%p) !!!\n"", instance",1,0,1
"(int)offsetof(struct obd_connect_data, paddingD) == 168, ""found %lld\n"", (long long)(int)offsetof(struct obd_connect_data, paddingD)",1,0,1
info->head || info->tail,1,0,1
"OBD_MD_FLCROSSREF == (0x0000100000000000ULL), ""found 0x%.16llxULL\n"", OBD_MD_FLCROSSREF",1,0,1
node->eb != eb,1,0,1
hose != port->hose,1,0,1
branch->lnum >= c->lpt_first && branch->lnum <= c->lpt_last,1,0,1
request != NULL,1,0,1
!uv_cpu_to_blade,1,0,1
need > ci->i_xattrs.prealloc_blob->alloc_len,1,0,1
mddev->ro == 1,1,0,1
"(int)sizeof(((struct obd_statfs *)0)->os_spare2) == 4, ""found %lld\n"", (long long)(int)sizeof(((struct obd_statfs *)0)->os_spare2)",1,0,1
queue->rx_skbs[new],1,0,1
BGMAC_PA_REG_SHIFT != BCMA_GMAC_CMN_PA_REG_SHIFT,1,0,1
lcfg && !IS_ERR(lcfg),1,0,1
"sbi, sbi->total_valid_block_count < (block_t) count",1,0,1
se_cmd->se_tfo || se_cmd->se_sess,1,0,1
!mg,1,0,1
direction != DMA_DEV_TO_MEM,1,0,1
lock->ml.node == dlm->node_num,1,0,1
"(int)sizeof(((struct llog_logid_rec *)0)->lid_padding2) == 8, ""found %lld\n"", (long long)(int)sizeof(((struct llog_logid_rec *)0)->lid_padding2)",1,0,1
"MF_MDC_CANCEL_FID4 == 0x00000040UL, ""found 0x%.8xUL\n"", (unsigned)MF_MDC_CANCEL_FID4",1,0,1
nic_data->vfdi_channel->enabled,1,0,1
mp->lid == lid,1,0,1
es->es_lblk + es->es_len < es->es_lblk,1,0,1
sizeof(struct alx_rrd) % 8,1,0,1
cptab == NULL || cpt == CFS_CPT_ANY || (cpt >= 0 && cpt < cfs_cpt_number(cptab)),1,0,1
"(int)offsetof(struct mdt_body, fsgid) == 108, ""found %lld\n"", (long long)(int)offsetof(struct mdt_body, fsgid)",1,0,1
list_empty(&lsl->lss_parents),1,0,1
(index+4) >= BCM2048_MAX_RDS_RT,1,0,1
"(int)sizeof(((struct mdt_rec_setxattr *)0)->sx_suppgid2) == 4, ""found %lld\n"", (long long)(int)sizeof(((struct mdt_rec_setxattr *)0)->sx_suppgid2)",1,0,1
!emu || !emu->ops.get_voice || !emu->ops.trigger,1,0,1
"(int)offsetof(struct llog_setattr64_rec, lsr_uid) == 32, ""found %lld\n"", (long long)(int)offsetof(struct llog_setattr64_rec, lsr_uid)",1,0,1
(*pbh)->b_size < *offset,1,0,1
"cfs_hash_keycmp(hs, key, hnode)",1,0,1
sizeof(skb->cb) < sizeof(struct ipoib_cb),1,0,1
lp->non_tagged_cmd != ent,1,0,1
_p == &cxn_owners_lru,1,0,1
ds > N2_HASH_KEY_MAX,1,0,1
0 == me->arch.section[targetsec].stub_entries--,1,0,1
!preserve_write && pmd_write(entry),1,0,1
sizeof(struct usb_req_read_regs) + count * sizeof(__le16) > sizeof(usb->req_buf),1,0,1
atomic_inc_return(v) <= i,1,0,1
"FMT_FIELD(fmt, i, j) == FMT_FIELD(old, i, j)",1,0,1
"(int)offsetof(struct llog_unlink_rec, lur_tail) == 32, ""found %lld\n"", (long long)(int)offsetof(struct llog_unlink_rec, lur_tail)",1,0,1
!fprofile,1,0,1
ALIGNED_UPIU_SIZE < GENERAL_UPIU_REQUEST_SIZE + QUERY_DESC_MAX_SIZE,1,0,1
"(int)offsetof(struct lov_desc, ld_padding_1) == 40, ""found %lld\n"", (long long)(int)offsetof(struct lov_desc, ld_padding_1)",1,0,1
mp->m_sb.sb_gquotino == NULLFSINO,1,0,1
x & ~0xffff,1,0,1
"""failed to read dso"", n == BUFSIZE",1,0,1
"(int)sizeof(((struct obd_connect_data *)0)->ocd_cksum_types) == 4, ""found %lld\n"", (long long)(int)sizeof(((struct obd_connect_data *)0)->ocd_cksum_types)",1,0,1
"VIRTIO_PCI_COMMON_CFGGENERATION != offsetof(struct virtio_pci_common_cfg, config_generation)",1,0,1
iclog->ic_state & (XLOG_STATE_WANT_SYNC|XLOG_STATE_IOERROR),1,0,1
p->thread.hardwall[hwt->index].info != rect,1,0,1
"(int)offsetof(struct lustre_capa, lc_fid) == 0, ""found %lld\n"", (long long)(int)offsetof(struct lustre_capa, lc_fid)",1,0,1
"OBD_CONNECT_QUOTA64 == 0x80000ULL, ""found 0x%.16llxULL\n"", OBD_CONNECT_QUOTA64",1,0,1
sizeof(priv->channels_50) != sizeof(mwl8k_channels_50),1,0,1
dst->d_spc_timer != 0,1,0,1
filetype != S_IFDIR,1,0,1
"offsetof(struct inet_timewait_sock, tw_daddr) != offsetof(struct inet_sock, inet_daddr)",1,0,1
"server->cb_promises.rb_node, ==, NULL",1,0,1
!nskb,1,0,1
(eop_needed_count == 0) || (eop_needed_count == 1),1,0,1
sizeof(uint32) != sizeof(u32),1,0,1
"LOV_PATTERN_RAID0 == 0x00000001UL, ""found 0x%.8xUL\n"", (unsigned)LOV_PATTERN_RAID0",1,0,1
"MSG_CONNECT_RECOVERING == 0x00000001UL, ""found 0x%.8xUL\n"", (unsigned)MSG_CONNECT_RECOVERING",1,0,1
!!vma->vm_userfaultfd_ctx.ctx ^ !!(vma->vm_flags & (VM_UFFD_MISSING | VM_UFFD_WP)),1,0,1
"OBD_MD_FLSIZE == (0x00000010ULL), ""found 0x%.16llxULL\n"", OBD_MD_FLSIZE",1,0,1
img_offset == bio_list->bi_iter.bi_sector << SECTOR_SHIFT,1,0,1
"(int)offsetof(struct hsm_user_request, hur_user_item) == 24, ""found %lld\n"", (long long)(int)offsetof(struct hsm_user_request, hur_user_item)",1,0,1
prio_pos->prio_list.next != &node_pos->prio_list,1,0,1
"(int)offsetof(struct llog_changelog_rec, cr_hdr) == 0, ""found %lld\n"", (long long)(int)offsetof(struct llog_changelog_rec, cr_hdr)",1,0,1
sizeof(struct ieee80211_tx_info) > sizeof(skb->cb),1,0,1
sizeof(*req_power) != sizeof(*granted_power),1,0,1
sum > g->p.nr_tasks,1,0,1
"flags, gang, aff_filp",1,0,1
!(_tag & IOPMU_QUEUE_MASK_HOST_BITS),1,0,1
need_wait && need_sync,1,0,1
cfqg_to_blkg(cfqg)->q->queue_lock,1,0,1
CCN_SBAS_PMU_EVENT_SEL__ID__MASK != CCN_RNI_PMU_EVENT_SEL__ID__MASK,1,0,1
buf == (void *)-1,1,0,1
SVGA_COTABLE_MAX_IDS >= ((1 << 20) - 1),1,0,1
"dma_has_cap(DMA_PQ, device->cap_mask) && !device->device_prep_dma_pq",1,0,1
new_data_size < attr_len,1,0,1
"(int)sizeof(((struct ldlm_extent *)0)->end) == 8, ""found %lld\n"", (long long)(int)sizeof(((struct ldlm_extent *)0)->end)",1,0,1
!c->hotpluggable,1,0,1
symlen != 0,1,0,1
minor >= N_DEVS,1,0,1
&initial_stack_frame != sf,1,0,1
!atomic_read(&inode->i_readcount),1,0,1
HARDWALL_TYPES != _HARDWALL_TYPES,1,0,1
"((i >=0) && (i <10)), return 0;",1,0,1
!hlist_empty(&s->tracked_chunk_hash[i]),1,0,1
lvb != NULL,1,0,1
PageHighMem(skb_frag_page(f)),1,0,1
"equi(olck->ols_state >= OLS_UPCALL_RECEIVED && lock->cll_error == 0, olck->ols_lock != NULL)",1,0,1
jinode->i_transaction == commit_transaction,1,0,1
!(c->bi.idx_growth & 7),1,0,1
SCI_MAX_SEQ,1,0,1
"(int)offsetof(struct hsm_request, hr_data_len) == 20, ""found %lld\n"", (long long)(int)offsetof(struct hsm_request, hr_data_len)",1,0,1
!list_empty(&td_chan->queue),1,0,1
!list_empty(&root_cgrp->self.children),1,0,1
"(int)sizeof(((struct lov_mds_md_v3 *)0)->lmm_magic) == 4, ""found %lld\n"", (long long)(int)sizeof(((struct lov_mds_md_v3 *)0)->lmm_magic)",1,0,1
name == trig->name,1,0,1
"OBD_MD_FLGENER == (0x00004000ULL), ""found 0x%.16llxULL\n"", OBD_MD_FLGENER",1,0,1
"device, list_empty(&device->bm_io_work.w.list)",1,0,1
(offset & ~CFS_PAGE_MASK) == 0,1,0,1
req->rq_bulk->bd_nob == aa->aa_requested_nob,1,0,1
!block_ctx->datav,1,0,1
"(int)offsetof(struct obdo, o_parent_seq) == 24, ""found %lld\n"", (long long)(int)offsetof(struct obdo, o_parent_seq)",1,0,1
!list_empty(&nbd->queue_head),1,0,1
OBD_FL_OBDMDEXISTS == 0x00000002,1,0,1
"OBD_MD_FLATIME == (0x00000002ULL), ""found 0x%.16llxULL\n"", OBD_MD_FLATIME",1,0,1
!table,1,0,1
bind_cpu_0 < 0 || bind_cpu_1 < 0,1,0,1
nesdev != NULL,1,0,1
!upperdentry->d_inode,1,0,1
"!test_cflag(COMMIT_Nolink, ip)",1,0,1
"FLD_QUERY == 900, ""found %lld\n"", (long long)FLD_QUERY",1,0,1
"(int)offsetof(struct mdt_rec_setattr, sa_ctime) == 104, ""found %lld\n"", (long long)(int)offsetof(struct mdt_rec_setattr, sa_ctime)",1,0,1
"(int)sizeof(((struct ptlrpc_body_v3 *)0)->pb_timeout) == 4, ""found %lld\n"", (long long)(int)sizeof(((struct ptlrpc_body_v3 *)0)->pb_timeout)",1,0,1
ceph_snap(dir) != le64_to_cpu(rinfo->diri.in->snapid),1,0,1
""""", 0, MFD_ALLOW_SEALING | MFD_CLOEXEC",1,0,1
port == 0,1,0,1
nrs->nrs_policy_fallback == policy,1,0,1
adap_layer != NULL,1,0,1
"(int)offsetof(posix_acl_xattr_header, a_version) == 0, ""found %lld\n"", (long long)(int)offsetof(posix_acl_xattr_header, a_version)",1,0,1
!sk->sk_prot->proto_cgroup,1,0,1
"QUOTA_DQACQ == 601, ""found %lld\n"", (long long)QUOTA_DQACQ",1,0,1
sizeof(*(loghandle->lgh_hdr)) == LLOG_CHUNK_SIZE,1,0,1
GC_MARK(b) && GC_MARK(b) != GC_MARK_RECLAIMABLE,1,0,1
!mad_list->mad_queue,1,0,1
stripe_index >= bbio->num_stripes,1,0,1
path->slots[0] > 0,1,0,1
ip->i_d.di_version < 3 || (src_log_flags & XFS_ILOG_DOWNER),1,0,1
__alignof__(kvm_apic_eoi) < 4,1,0,1
ols->ols_state == OLS_GRANTED,1,0,1
!pmgr || !pmgr->dbgdev || !wac_info,1,0,1
"""Can't open sys dir"", sys_dir",1,0,1
"(int)offsetof(struct lustre_msg_v2, lm_repsize) == 12, ""found %lld\n"", (long long)(int)offsetof(struct lustre_msg_v2, lm_repsize)",1,0,1
data >= sizeof(vx2_akm_gains_lut),1,0,1
host->wait_q_prod == host->wait_q_cons,1,0,1
sizeof(struct prctl_mm_map) > 256,1,0,1
is_sync_kiocb(kiocb),1,0,1
item->ri_buf[item_index].i_addr != NULL,1,0,1
"htab_bolt_mapping(base, dart_tablebase, __pa(base), prot, mmu_linear_psize, mmu_kernel_ssize)",1,0,1
"entry == self, , IRDA_SOCK_ERROR, ""Can't remove from hash.\n""",1,0,1
!comp_bio,1,0,1
"(int)offsetof(struct mdt_rec_reint, rr_suppgid2) == 32, ""found %lld\n"", (long long)(int)offsetof(struct mdt_rec_reint, rr_suppgid2)",1,0,1
"buf, !strcmp(CDSO(clist), expected_callchain[i].node[c].dso) && !strcmp(CSYM(clist), expected_callchain[i].node[c].sym)",1,0,1
!vcpu->guest_debug && vcpu->arch.debug_ptr != &vcpu->arch.vcpu_debug_state,1,0,1
"""map groups don't match"", mg == t3->mg",1,0,1
ptr_size >= 8,1,0,1
"(int)sizeof(((struct layout_intent *)0)->li_end) == 8, ""found %lld\n"", (long long)(int)sizeof(((struct layout_intent *)0)->li_end)",1,0,1
"(int)sizeof(((struct ll_user_fiemap *)0)->fm_extents) == 0, ""found %lld\n"", (long long)(int)sizeof(((struct ll_user_fiemap *)0)->fm_extents)",1,0,1
xpc_partition_engaged_sn2(partid),1,0,1
i < xfs_uuid_table_size,1,0,1
idev->started_request_count > 0,1,0,1
cfs_hash_with_spin_bktlock(hs),1,0,1
"offsetof(typeof(*os), os_spare6) != 0",1,0,1
L1_CACHE_BYTES > SKB_DATA_ALIGN(sizeof(struct skb_shared_info)),1,0,1
sizeof(struct acpi_nfit_control_region) != 80,1,0,1
INDEX_16_COUNT & 0x7,1,0,1
vma->vm_private_data != NULL,1,0,1
!osb || !osb->journal->j_journal,1,0,1
"sizeof(cycles_t) != sizeof(u32), ""cycles_t needs to move to 32-bit for ARM64 usage""",1,0,1
!(scb->state & SCB_ISSUED),1,0,1
ARRAY_SIZE(fsl_mc_pool_type_strings) != FSL_MC_NUM_POOL_TYPES,1,0,1
!lockid,1,0,1
!con->in_msg ^ skip,1,0,1
object->fscache.cookie->def->check_aux,1,0,1
"(int)offsetof(struct llogd_body, lgd_logid) == 0, ""found %lld\n"", (long long)(int)offsetof(struct llogd_body, lgd_logid)",1,0,1
skb->sk,1,0,1
"(int)offsetof(struct llog_size_change_rec, lsc_ioepoch) == 32, ""found %lld\n"", (long long)(int)offsetof(struct llog_size_change_rec, lsc_ioepoch)",1,0,1
"!buffer_migrate_lock_buffers(head, mode)",1,0,1
bd->veroffs != bd->len,1,0,1
gl->gl_lksb.sb_flags & DLM_SBF_DEMOTED,1,0,1
reset_gpio == -1,1,0,1
!ext4_has_feature_quota(sb),1,0,1
sizeof(((struct iovec *)NULL)->iov_base) != sizeof(((struct kvec *)NULL)->iov_base),1,0,1
state >= OES_INV && state < OES_STATE_MAX,1,0,1
"MDS_ATTR_KILL_SGID == 0x0000000000001000ULL, ""found 0x%.16llxULL\n"", (long long)MDS_ATTR_KILL_SGID",1,0,1
pfn & ~(0xFFFFFFFF >> PAGE_SHIFT),1,0,1
src_cnt > ARRAY_SIZE(ppc440spe_rxor_srcs),1,0,1
!bio_list_empty(&rbio->bio_list),1,0,1
cpu_present(cpu),1,0,1
"!__mcpm_outbound_enter_critical(cpu, cluster)",1,0,1
dma_len <= DMA_CHUNK_SIZE,1,0,1
!chip->card,1,0,1
epq == NULL,1,0,1
"!PageHuge(page) && PageTransHuge(page), page",1,0,1
!bv->bv_page,1,0,1
!PageUptodate(pg),1,0,1
gpmc_nand_data->cs >= GPMC_CS_NUM,1,0,1
!sv->sv_shuttingdown,1,0,1
dev->mem,1,0,1
(__fix_to_virt(__end_of_permanent_fixed_addresses) >> PMD_SHIFT) != FIXADDR_TOP >> PMD_SHIFT,1,0,1
rep != NULL,1,0,1
"(int)sizeof(((struct ldlm_res_id *)0)->name[4]) == 8, ""found %lld\n"", (long long)(int)sizeof(((struct ldlm_res_id *)0)->name[4])",1,0,1
"(int)offsetof(struct obd_ioobj, ioo_max_brw) == 16, ""found %lld\n"", (long long)(int)offsetof(struct obd_ioobj, ioo_max_brw)",1,0,1
nf_nat_pptp_hook_outbound != NULL,1,0,1
event < SNDRV_TIMER_EVENT_START || event > SNDRV_TIMER_EVENT_PAUSE,1,0,1
ocfs2_inode_is_fast_symlink(inode),1,0,1
zone_num < 0,1,0,1
sw_context->cur_val_buf != 0,1,0,1
tmp->inode != new_req->inode,1,0,1
"OBD_CONNECT_PINGLESS == 0x4000000000000ULL, ""found 0x%.16llxULL\n"", OBD_CONNECT_PINGLESS",1,0,1
!kprobe_unused(&op->kp),1,0,1
"(int)sizeof(((struct obd_connect_data *)0)->ocd_unused) == 4, ""found %lld\n"", (long long)(int)sizeof(((struct obd_connect_data *)0)->ocd_unused)",1,0,1
++e->refcnt != 1,1,0,1
"call->state, !=, RXRPC_CALL_COMPLETE",1,0,1
!is_power_of_2(minalign),1,0,1
iip->ili_logged == 0 || XFS_FORCED_SHUTDOWN(ip->i_mount),1,0,1
heap->arr[hpos] == lprops,1,0,1
group->id != id,1,0,1
!pci_is_pcie(child),1,0,1
opcode != CEPH_OSD_OP_READ && opcode != CEPH_OSD_OP_WRITE && opcode != CEPH_OSD_OP_WRITEFULL && opcode != CEPH_OSD_OP_ZERO && opcode != CEPH_OSD_OP_TRUNCATE,1,0,1
nblocks > journal->j_trans_max,1,0,1
"(int)offsetof(struct mdt_rec_create, cr_time) == 80, ""found %lld\n"", (long long)(int)offsetof(struct mdt_rec_create, cr_time)",1,0,1
!(*last_eb_bh),1,0,1
&il->reg_lock,1,0,1
IFLA_VF_LINK_STATE_DISABLE != MC_CMD_LINK_STATE_MODE_IN_LINK_STATE_DOWN,1,0,1
ptl->ptl_mt_maps[i] != cpt,1,0,1
"!IS_ALIGNED(offsets[area], align)",1,0,1
"""Unmatched nr hist entries for socket filter"", hists->nr_non_filtered_entries == 2",1,0,1
"LAYOUT_INTENT_RESTORE == 6, ""found %lld\n"", (long long)LAYOUT_INTENT_RESTORE",1,0,1
inode->i_mode != 0,1,0,1
lustre_handle_is_used(lockh),1,0,1
ni == peer->ksnp_ni,1,0,1
"(int)offsetof(struct mdt_rec_setattr, sa_cap) == 4, ""found %lld\n"", (long long)(int)offsetof(struct mdt_rec_setattr, sa_cap)",1,0,1
"MGS_TARGET_DEL == 254, ""found %lld\n"", (long long)MGS_TARGET_DEL",1,0,1
supported_devices[i].device_info == NULL,1,0,1
"MDS_HSM_STATE_SET == 55, ""found %lld\n"", (long long)MDS_HSM_STATE_SET",1,0,1
mac_cb,1,0,1
XENVIF_RX_CB(skb)->meta_slots_used > max_slots_needed,1,0,1
!dev->is_physfn,1,0,1
"(int)offsetof(struct obd_quotactl, qc_cmd) == 0, ""found %lld\n"", (long long)(int)offsetof(struct obd_quotactl, qc_cmd)",1,0,1
object != NULL,1,0,1
"test_bit(FSCACHE_OP_EXCLUSIVE, &op->flags), object->n_in_progress, ==, 1",1,0,1
ptr + chip->work_size != chip->work_ptr.area + chip->work_ptr.bytes,1,0,1
ser == NULL,1,0,1
"LCK_MINMODE == 0, ""found %lld\n"", (long long)LCK_MINMODE",1,0,1
"res->l_ex_holders, ""Lockres %s has %u ex holders\n"", res->l_name, res->l_ex_holders",1,0,1
!sc->dmarptr,1,0,1
req,1,0,1
sizeof(vring->va[0]) != 32,1,0,1
lli->link_addr & 3,1,0,1
SVGA3D_NUM_SHADERTYPE_DX10 != 3,1,0,1
"OBD_CONNECT_GRANT_PARAM == 0x100000000000ULL, ""found 0x%.16llxULL\n"", OBD_CONNECT_GRANT_PARAM",1,0,1
prio_pos->prio > node_pos->prio,1,0,1
&s->port,1,0,1
rhs == 0,1,0,1
min_bits != 1,1,0,1
task->cred != old,1,0,1
atomic_read(&cli->cl_cache->ccc_users) > 0,1,0,1
ARRAY_SIZE(controls) != ARRAY_SIZE(eq_mode_name),1,0,1
fi->writectr != FUSE_NOWRITE,1,0,1
!orphan->new,1,0,1
coalesced == filled,1,0,1
atomic_read(&page->cp_ref) == 0,1,0,1
"(int)offsetof(struct mdt_rec_setattr, sa_opcode) == 0, ""found %lld\n"", (long long)(int)offsetof(struct mdt_rec_setattr, sa_opcode)",1,0,1
sizeof(struct batadv_bcast_packet) != 14,1,0,1
!(cachep->allocflags & GFP_DMA),1,0,1
!(vlr.state & LR_HW),1,0,1
"""kern_memfd_share_mmap"", MFD_DEF_SIZE, MFD_CLOEXEC | MFD_ALLOW_SEALING",1,0,1
"!test_bit(EXTENT_BUFFER_DIRTY, &eb->bflags)",1,0,1
kvm_global_user_count == 0,1,0,1
goal == 0 && clen == 0,1,0,1
cache_ctl.index < 0,1,0,1
"(int)sizeof(((struct mdt_rec_create *)0)->cr_cap) == 4, ""found %lld\n"", (long long)(int)sizeof(((struct mdt_rec_create *)0)->cr_cap)",1,0,1
bd.bd_bucket != NULL,1,0,1
!assoc_array_ptr_is_node(cursor),1,0,1
"MF_MDC_CANCEL_FID2 == 0x00000010UL, ""found 0x%.8xUL\n"", (unsigned)MF_MDC_CANCEL_FID2",1,0,1
sym_data->io_reset,1,0,1
__fix_to_virt(FIX_FDT_END) >> SWAPPER_TABLE_SHIFT != __fix_to_virt(FIX_BTMAP_BEGIN) >> SWAPPER_TABLE_SHIFT,1,0,1
policy->pol_ref == 0,1,0,1
from->firstused != XFS_ATTR3_LEAF_NULLOFF,1,0,1
skdev->timeout_slot[timo_slot] > 0,1,0,1
"!anon_vma, vma",1,0,1
lp->lp_rtr_refcount == 0,1,0,1
"!rv, dlm_print_lkb(lkb);",1,0,1
"(int)sizeof(((struct ptlrpc_body_v3 *)0)->pb_last_seen) == (int)sizeof(((struct ptlrpc_body_v2 *)0)->pb_last_seen), ""%d != %d\n"", (int)sizeof(((struct ptlrpc_body_v3 *)0)->pb_last_seen), (int)sizeof(((struct ptlrpc_body_v2 *)0)->pb_last_seen)",1,0,1
IOP_PARANOIA && (x),1,0,1
"MDS_STATUS_LOV == 2, ""found %lld\n"", (long long)MDS_STATUS_LOV",1,0,1
master_key->size != F2FS_AES_256_XTS_KEY_SIZE,1,0,1
"(int)offsetof(struct ptlrpc_body_v3, pb_timeout) == (int)offsetof(struct ptlrpc_body_v2, pb_timeout), ""%d != %d\n"", (int)offsetof(struct ptlrpc_body_v3, pb_timeout), (int)offsetof(struct ptlrpc_body_v2, pb_timeout)",1,0,1
"path_leaf_bh(left_path) == path_leaf_bh(right_path), ""Owner %llu: error during insert of %u "" ""(left path cpos %u) results in two identical "" ""paths ending at %llu\n"", (unsigned long long)ocfs2_metadata_cache_owner(et->et_ci), insert_cpos, cpos, (unsigned long long) path_leaf_bh(left_path)->b_blocknr",1,0,1
"(int)sizeof(struct ldlm_request) == 104, ""found %lld\n"", (long long)(int)sizeof(struct ldlm_request)",1,0,1
atomic_read(&ec->ec_exp->exp_refcount) > 0,1,0,1
!(sub) || !(sub)->runtime,1,0,1
!(XFS_BUF_ISWRITE(bp)),1,0,1
c->bud_bytes <= c->max_bud_bytes || c->need_recovery,1,0,1
!fs_devices->num_devices && !fs_devices->seeding,1,0,1
"(int)offsetof(struct lmv_desc, ld_tgt_count) == 0, ""found %lld\n"", (long long)(int)offsetof(struct lmv_desc, ld_tgt_count)",1,0,1
"env, pg, pg->cp_state == CPS_CACHED",1,0,1
!obdo_cachep,1,0,1
fill >= geo->no_pairs,1,0,1
"(int)sizeof(((struct obd_ioobj *)0)->ioo_oid) == 16, ""found %lld\n"", (long long)(int)sizeof(((struct obd_ioobj *)0)->ioo_oid)",1,0,1
!list_empty(&bo->swap),1,0,1
!extra,1,0,1
mcpm_loopback(tc2_pm_cluster_cache_disable) != 0,1,0,1
"pte_lockptr(mm, pmd)",1,0,1
dqm == NULL,1,0,1
"__v >= v1 && __v < v2, ""value: %d\n"", __v",1,0,1
"OBD_CKSUM_ADLER == 0x00000002UL, ""found 0x%.8xUL\n"", (unsigned)OBD_CKSUM_ADLER",1,0,1
base_vha->list.next == &ha->vp_list,1,0,1
offset < -range || offset >= range,1,0,1
"(int)offsetof(struct lmv_desc, ld_padding_4) == 44, ""found %lld\n"", (long long)(int)offsetof(struct lmv_desc, ld_padding_4)",1,0,1
minimum_order == UINT_MAX,1,0,1
phys == 0,1,0,1
WL12XX_MAX_AP_STATIONS > WL12XX_MAX_LINKS,1,0,1
dest_vcpu == NULL,1,0,1
"(int)offsetof(struct hsm_progress, hp_extent) == 24, ""found %lld\n"", (long long)(int)offsetof(struct hsm_progress, hp_extent)",1,0,1
!rwsem_is_locked(&EXT4_I(inode1)->i_data_sem),1,0,1
och->och_magic == OBD_CLIENT_HANDLE_MAGIC,1,0,1
"mb_test_bit(first + i, e4b->bd_info->bb_bitmap)",1,0,1
failb != -1,1,0,1
rq->cmd_flags & REQ_SOFTBARRIER,1,0,1
"sbi, get_dirty_pages(inode)",1,0,1
"MDS_WRITEPAGE == 51, ""found %lld\n"", (long long)MDS_WRITEPAGE",1,0,1
!wbuf->used,1,0,1
io_ctl->index < io_ctl->num_pages,1,0,1
ieee754sp_issnan(r),1,0,1
nbad > nframes,1,0,1
(desc_len % 4) != 0,1,0,1
"dlm, res, 0, 0, flags",1,0,1
max > KVM_NR_MEM_OBJS,1,0,1
me->expect_class_max >= NF_CT_MAX_EXPECT_CLASSES,1,0,1
lockres->l_action != OCFS2_AST_INVALID,1,0,1
"sdp, (state != SFS_FROZEN)",1,0,1
!eofb || (eofb && eofb->eof_scan_owner != 0),1,0,1
"(int)sizeof(((struct ldlm_intent *)0)->opc) == 8, ""found %lld\n"", (long long)(int)sizeof(((struct ldlm_intent *)0)->opc)",1,0,1
cluster >= HIP04_MAX_CLUSTERS || cpu >= HIP04_MAX_CPUS_PER_CLUSTER,1,0,1
sizeof(exp_result10) >= string_get_size_maxbuf,1,0,1
"MDS_OPEN_DELAY_CREATE == 000100000000UL, ""found 0%.11oUL\n"", MDS_OPEN_DELAY_CREATE",1,0,1
sizeof(ack) != sizeof(i2400m_ACK_BARKER),1,0,1
"""failed to get dso file"", file",1,0,1
"OBD_MD_FLGROUP == (0x01000000ULL), ""found 0x%.16llxULL\n"", OBD_MD_FLGROUP",1,0,1
sk != asoc->base.sk,1,0,1
&port->vio.lock,1,0,1
*ni->ni_refs[cpt] >= 0,1,0,1
minor < 0 || minor >= SNDRV_OS_MINORS,1,0,1
total_nr > CB_NUMBER_OF_ELEMENTS_SMALL,1,0,1
"FIELD_SIZEOF(STRUCT, FIELD) != sizeof(u32)",1,0,1
"DISP_ENQ_OPEN_REF == 0x00800000UL, ""found 0x%.8xUL\n"", (unsigned)DISP_ENQ_OPEN_REF",1,0,1
tsi != NULL,1,0,1
"(int)sizeof(((struct lu_seq_range *)0)->lsr_start) == 8, ""found %lld\n"", (long long)(int)sizeof(((struct lu_seq_range *)0)->lsr_start)",1,0,1
event >= PORT_NUM_EVENTS,1,0,1
resp_idx > 1,1,0,1
"(int)sizeof(((struct llog_log_hdr *)0)->llh_hdr) == 16, ""found %lld\n"", (long long)(int)sizeof(((struct llog_log_hdr *)0)->llh_hdr)",1,0,1
next_free <= 1,1,0,1
&stp->st_stid.sc_client->cl_lock,1,0,1
!(r32 & __RESET_AND_START_SCLK_LCLK_PLLS),1,0,1
bmval1 & NFSD_WRITEONLY_ATTRS_WORD1,1,0,1
pages_needed == 0,1,0,1
end < SEMIBSIZE,1,0,1
"(int)sizeof(((struct ptlrpc_body_v3 *)0)->pb_slv) == (int)sizeof(((struct ptlrpc_body_v2 *)0)->pb_slv), ""%d != %d\n"", (int)sizeof(((struct ptlrpc_body_v3 *)0)->pb_slv), (int)sizeof(((struct ptlrpc_body_v2 *)0)->pb_slv)",1,0,1
ap->lock,1,0,1
infp->vsi_iext,1,0,1
obd->obd_namespace,1,0,1
group[grouplen] != '\0',1,0,1
"(int)offsetof(struct hsm_action_item, hai_len) == 0, ""found %lld\n"", (long long)(int)offsetof(struct hsm_action_item, hai_len)",1,0,1
"(int)offsetof(struct llog_rec_hdr, lrh_index) == 4, ""found %lld\n"", (long long)(int)offsetof(struct llog_rec_hdr, lrh_index)",1,0,1
phyinfo->phy_layer != NULL,1,0,1
resid > 0,1,0,1
exp == lock->l_conn_export,1,0,1
sizeof(struct nvme_nvm_setbbtbl) != 64,1,0,1
shift != 0 && shift != 16,1,0,1
"(int)sizeof(((struct ldlm_request *)0)->lock_handle) == 16, ""found %lld\n"", (long long)(int)sizeof(((struct ldlm_request *)0)->lock_handle)",1,0,1
"(int)sizeof(((struct obd_statfs *)0)->os_state) == 4, ""found %lld\n"", (long long)(int)sizeof(((struct obd_statfs *)0)->os_state)",1,0,1
"(int)offsetof(struct llog_rec_tail, lrt_index) == 4, ""found %lld\n"", (long long)(int)offsetof(struct llog_rec_tail, lrt_index)",1,0,1
"(int)offsetof(struct mdt_body, gid) == 124, ""found %lld\n"", (long long)(int)offsetof(struct mdt_body, gid)",1,0,1
!list_empty(&sem->wait_list),1,0,1
mres->num_locks > DLM_MAX_MIGRATABLE_LOCKS,1,0,1
!pfn_valid(pmd_pfn(pmd)),1,0,1
sizeof(ar->fw_features) != sizeof(ar->testmode.orig_fw_features),1,0,1
_D_SUBMODULE_INDEX(D_SUBMODULE) >= D_LEVEL_SIZE,1,0,1
"!zalloc_cpumask_var_node(&tbl[node], GFP_KERNEL, node_online(node) ? node : NUMA_NO_NODE)",1,0,1
"device, os.conn == C_WF_REPORT_PARAMS",1,0,1
fmode & FMODE_READ,1,0,1
NUM_RFKILL_TYPES != RFKILL_TYPE_NFC + 1,1,0,1
vaddr < fix_to_virt(FIX_KMAP_BEGIN - 1) && vaddr > fix_to_virt(FIX_KMAP_END) && lastpte && lastpte + PTRS_PER_PTE != pte,1,0,1
"FID_SEQ_QUOTA_GLB == 0x0000000200000006ULL, ""found 0x%.16llxULL\n"", (long long)FID_SEQ_QUOTA_GLB",1,0,1
"(int)offsetof(struct lquota_glb_rec, qbr_hardlimit) == 0, ""found %lld\n"", (long long)(int)offsetof(struct lquota_glb_rec, qbr_hardlimit)",1,0,1
crt->base.type != INTEL_OUTPUT_ANALOG,1,0,1
msg->msg_md != NULL,1,0,1
"sizeof(skb->cb) < offsetof(struct qdisc_skb_cb, data) + sz",1,0,1
u != c && h != c,1,0,1
c->zroot.znode,1,0,1
max_buffs <= 0,1,0,1
!(shadow->new_ofs & (super->s_segsize - 1)),1,0,1
resbuf->tail[0].iov_base < resbuf->head[0].iov_base,1,0,1
CAPA_HMAC_MAX_LEN == 64,1,0,1
GSS_KRB5_MAX_SLACK_NEEDED > RPC_MAX_AUTH_SIZE,1,0,1
ports > 2,1,0,1
!dsp->data,1,0,1
SV_REFFREQUENCY % 16,1,0,1
AUDIT_LAST_FEATURE + 1 > ARRAY_SIZE(audit_feature_names),1,0,1
!path->nodes[level],1,0,1
"0, ""page index %lu is NOT covered.\n"", index",1,0,1
lv->lv_buf_len != XFS_LOG_VEC_ORDERED,1,0,1
"bpf_lookup_elem(map_fd[0], &key, &udp_cnt) == 0",1,0,1
lp.free + lp.dirty >= wbuf->offs,1,0,1
it->cache != &mrt->mfc6_cache_array[it->ct],1,0,1
sublock->cll_state >= CLS_ENQUEUED,1,0,1
"ergo(!discard, list_empty(&discard_list))",1,0,1
!ci->i_prealloc_cap_flush,1,0,1
skp == NULL,1,0,1
"(int)sizeof(((struct mdt_rec_unlink *)0)->ul_padding_4) == 8, ""found %lld\n"", (long long)(int)sizeof(((struct mdt_rec_unlink *)0)->ul_padding_4)",1,0,1
"(int)offsetof(struct idx_info, ii_pad2) == 64, ""found %lld\n"", (long long)(int)offsetof(struct idx_info, ii_pad2)",1,0,1
&open_stp->st_stid.sc_client->cl_lock,1,0,1
ip->i_df.if_flags & XFS_IFEXTENTS,1,0,1
ev >= DISC_NUM_EVENTS,1,0,1
"key_type(c, &sa->key) == UBIFS_DATA_KEY",1,0,1
!PAGE_ALIGNED(image->data),1,0,1
node->count < (1U << RADIX_TREE_COUNT_SHIFT),1,0,1
B43_TAB_NOISESCALE_SIZE != ARRAY_SIZE(b43_tab_noisescaleg2),1,0,1
!(lock->lksb->flags & DLM_LKSB_GET_LVB),1,0,1
"NULL, self->root_prog.filter",1,0,1
placement < PLACEMENT_MAX_POLICY,1,0,1
!objp,1,0,1
"!ext->oe_hp, ext",1,0,1
needed_space < 0,1,0,1
node->count & RADIX_TREE_COUNT_MASK,1,0,1
"(int)sizeof(((struct idx_info *)0)->ii_flags) == 4, ""found %lld\n"", (long long)(int)sizeof(((struct idx_info *)0)->ii_flags)",1,0,1
"(int)offsetof(struct hsm_progress, hp_errval) == 42, ""found %lld\n"", (long long)(int)offsetof(struct hsm_progress, hp_errval)",1,0,1
coffset < (obdx)->md_stats->ls_num,1,0,1
!(wiov.max_num & VRINGH_IOV_ALLOCATED),1,0,1
!is_flow_key_valid(key),1,0,1
!list_empty(&dev->ptype_all),1,0,1
d->ld_site != NULL,1,0,1
g->p.nr_threads <= 0,1,0,1
tail_distance == 0,1,0,1
mddev->chunk_sectors != mddev->new_chunk_sectors,1,0,1
flags & ~OCFS2_RESV_TYPES,1,0,1
io->ci_type == CIT_WRITE,1,0,1
MC_CMD_ALLOC_PIOBUF_IN_LEN != 0,1,0,1
!crtc->cursor,1,0,1
"(int)sizeof(((struct ldlm_reply *)0)->lock_padding) == 4, ""found %lld\n"", (long long)(int)sizeof(((struct ldlm_reply *)0)->lock_padding)",1,0,1
!dev->phy,1,0,1
!OCFS2_IS_VALID_DX_ROOT(dx_root),1,0,1
"""wrong pid"", thread_map__pid(map, 0) == getpid()",1,0,1
!q->softirq_done_fn,1,0,1
"env, page, page->cp_state == old",1,0,1
node->new_bytenr,1,0,1
!olck->ols_lock,1,0,1
(lsmp) != NULL,1,0,1
"(int)offsetof(struct hsm_user_state, hus_in_progress_action) == 12, ""found %lld\n"", (long long)(int)offsetof(struct hsm_user_state, hus_in_progress_action)",1,0,1
atomic_read(&ic->i_signaled_sends) < 0,1,0,1
"""failed"", !test_is_kernel_module(path, c, e)",1,0,1
"(int)sizeof(((struct lmv_stripe_md *)0)->mea_pool_name[16]) == 1, ""found %lld\n"", (long long)(int)sizeof(((struct lmv_stripe_md *)0)->mea_pool_name[16])",1,0,1
(bip->bli_flags & XFS_BLI_LOGGED) || (bip->bli_flags & XFS_BLI_ORDERED) || (bip->bli_flags & XFS_BLI_STALE),1,0,1
"disks > 255 || !(P(blocks, disks) || Q(blocks, disks))",1,0,1
"atomic64_cmpxchg(&v, v2, v1) != v0",1,0,1
"io->ci_nob == 0, ""%zd"", io->ci_nob",1,0,1
pages_in_chunk == 0,1,0,1
insert_index > next_free,1,0,1
"*(unsigned long *)&page->ptl, page",1,0,1
"(int)offsetof(struct obd_connect_data, ocd_version) == 8, ""found %lld\n"", (long long)(int)offsetof(struct obd_connect_data, ocd_version)",1,0,1
srhi->srhi_idx < svc->srv_ncpts,1,0,1
reqp == NULL,1,0,1
mm != tsk->active_mm,1,0,1
offset != entry->offset,1,0,1
PageLocked(src_page),1,0,1
"(int)offsetof(struct ldlm_resource_desc, lr_type) == 0, ""found %lld\n"", (long long)(int)offsetof(struct ldlm_resource_desc, lr_type)",1,0,1
policy->sp_sops->alloc_rs,1,0,1
cache_threshold < cache_size,1,0,1
sizeof(struct tb_regs_switch_header) != 5 * 4,1,0,1
PTRS_PER_PGD * sizeof(pgd_t) != PAGE_SIZE,1,0,1
!dqm || !q || !qpd || !allocated_vmid,1,0,1
out:,1,0,1
sel->parent_count > (u32)U8_MAX,1,0,1
"DISP_LOOKUP_NEG == 0x00000004UL, ""found 0x%.8xUL\n"", (unsigned)DISP_LOOKUP_NEG",1,0,1
!ubifs_zn_obsolete(zp),1,0,1
mapping->a_ops != &shmem_aops,1,0,1
result != 0,1,0,1
"(int)sizeof(((struct mdt_rec_link *)0)->lk_fsuid_h) == 4, ""found %lld\n"", (long long)(int)sizeof(((struct mdt_rec_link *)0)->lk_fsuid_h)",1,0,1
(ctrl & NAND_ALE) && (ctrl & NAND_CLE),1,0,1
"(int)sizeof(((struct lov_desc *)0)->ld_padding_2) == 4, ""found %lld\n"", (long long)(int)sizeof(((struct lov_desc *)0)->ld_padding_2)",1,0,1
"(unsigned long)imp > 0x1000, ""%p"", imp",1,0,1
src != QUEUE_IRQ_SRC_NOT_NEARLY_EMPTY,1,0,1
"FID_SEQ_RSVD == 11, ""found %lld\n"", (long long)FID_SEQ_RSVD",1,0,1
"(int)sizeof(((struct cfg_marker *)0)->cm_tgtname) == 64, ""found %lld\n"", (long long)(int)sizeof(((struct cfg_marker *)0)->cm_tgtname)",1,0,1
"(int)sizeof(((struct mdt_body *)0)->atime) == 8, ""found %lld\n"", (long long)(int)sizeof(((struct mdt_body *)0)->atime)",1,0,1
"(int)sizeof(((struct idx_info *)0)->ii_recsize) == 2, ""found %lld\n"", (long long)(int)sizeof(((struct idx_info *)0)->ii_recsize)",1,0,1
!(len & (ubi->min_io_size - 1)),1,0,1
"1, write(pipefd[1], ""."", 1)",1,0,1
the_lnet.ln_rc_state == LNET_RC_STATE_STOPPING,1,0,1
new_resid->name[0] != 0,1,0,1
obj->active,1,0,1
BGMAC_MAX_TX_RINGS > ARRAY_SIZE(ring_base),1,0,1
hweight32(ALL_FSNOTIFY_EVENTS) != 23,1,0,1
va->va_start < vstart,1,0,1
netif_carrier_ok(dev),1,0,1
"device, list_empty(&device->net_ee)",1,0,1
"fd, MFD_DEF_SIZE * 2",1,0,1
blkind >= si->si_blocks,1,0,1
"OST_LVB_ERR_MASK == 0xffbadbad00000000ULL, ""found 0x%.16llxULL\n"", OST_LVB_ERR_MASK",1,0,1
!sub_type_hdr,1,0,1
"(int)offsetof(struct llogd_body, lgd_cur_offset) == 40, ""found %lld\n"", (long long)(int)offsetof(struct llogd_body, lgd_cur_offset)",1,0,1
!ret || ret != pages[i],1,0,1
!fde_tmp,1,0,1
type < MEMORY_HOTPLUG_MIN_BOOTMEM_TYPE || type > MEMORY_HOTPLUG_MAX_BOOTMEM_TYPE,1,0,1
bio_list_empty(&pkt->orig_bios),1,0,1
sid != KERNEL_SPACE,1,0,1
vec->nr_frames > 0,1,0,1
"(int)sizeof(((struct mdt_rec_setattr *)0)->sa_fsgid_h) == 4, ""found %lld\n"", (long long)(int)sizeof(((struct mdt_rec_setattr *)0)->sa_fsgid_h)",1,0,1
"test_bit(req_madv, &transparent_hugepage_flags)",1,0,1
c->dirty_nn_cnt == 0,1,0,1
ras->ras_stride_length > 0,1,0,1
XLOG_FORCED_SHUTDOWN(log),1,0,1
"offsetof(typeof(*b), padding) != 0",1,0,1
req->r_args.filelock_change.type == CEPH_LOCK_UNLOCK,1,0,1
mvebu_mbus_dt_init(coherency_available()),1,0,1
n == 0,1,0,1
"INODE_CACHE(inode)->ci_num_cached, ""Clear inode of %llu, inode has %u cache items\n"", (unsigned long long)oi->ip_blkno, INODE_CACHE(inode)->ci_num_cached",1,0,1
first->parent_spec,1,0,1
(ctx->flags & STATE_CHECKS) == 0 || (ctx->flags & STATE_CHECKS) == STATE_CHECKS,1,0,1
loc != RCL_SERVER,1,0,1
shift != SECTIONS_PGSHIFT,1,0,1
!list_empty(&node_pos->prio_list),1,0,1
!isac->tx_skb,1,0,1
"tsap == self->client.tsap_ctrl, return;",1,0,1
info->clt_counters[i].ctc_nr_locks_acquired == 0,1,0,1
dir && S_ISDIR(dir->i_mode),1,0,1
!device->device_issue_pending,1,0,1
!list_empty(&pd->cdrw.pkt_free_list),1,0,1
"(int)sizeof(struct changelog_rec) == 64, ""found %lld\n"", (long long)(int)sizeof(struct changelog_rec)",1,0,1
import != NULL,1,0,1
op->opnum < 0 || op->opnum >= ARRAY_SIZE(nfsd4_enc_ops) || !nfsd4_enc_ops[op->opnum],1,0,1
p->mm != mm,1,0,1
!list_empty(&pd_chan->active_list),1,0,1
"((offsetof(struct ncr_reg, nc_scntl3) ^ offsetof(struct tcb , wval )) &3) != 3",1,0,1
!nullb,1,0,1
!list_empty(&cm_id_priv->work_free_list),1,0,1
"(int)offsetof(struct lustre_mdt_attrs, lma_incompat) == 4, ""found %lld\n"", (long long)(int)offsetof(struct lustre_mdt_attrs, lma_incompat)",1,0,1
olck->ols_has_ref,1,0,1
nf_nat_pptp_hook_expectfn != NULL,1,0,1
"(int)sizeof(((struct idx_info *)0)->ii_pad0) == 2, ""found %lld\n"", (long long)(int)sizeof(((struct idx_info *)0)->ii_pad0)",1,0,1
XFS_BUF_ISASYNC(bp),1,0,1
"offsetof(struct tlb_core_data, lock) != 0",1,0,1
ARRAY_SIZE(bft2) != 16,1,0,1
"OST_OPEN == 11, ""found %lld\n"", (long long)OST_OPEN",1,0,1
"SEQ_QUERY == 700, ""found %lld\n"", (long long)SEQ_QUERY",1,0,1
"FID_SEQ_NORMAL == 0x0000000200000400ULL, ""found 0x%.16llxULL\n"", (long long)FID_SEQ_NORMAL",1,0,1
"rcu_dereference_protected( nf_ct_protos[l4proto->l3proto][l4proto->l4proto], lockdep_is_held(&nf_ct_proto_mutex) ) != l4proto",1,0,1
list_empty(&req->rq_set_chain),1,0,1
"(int)offsetof(struct ldlm_extent, end) == 8, ""found %lld\n"", (long long)(int)offsetof(struct ldlm_extent, end)",1,0,1
list_empty(&osc->oo_ready_item),1,0,1
"(int)sizeof(((struct ptlrpc_body_v3 *)0)->pb_version) == (int)sizeof(((struct ptlrpc_body_v2 *)0)->pb_version), ""%d != %d\n"", (int)sizeof(((struct ptlrpc_body_v3 *)0)->pb_version), (int)sizeof(((struct ptlrpc_body_v2 *)0)->pb_version)",1,0,1
"(int)sizeof(((struct obdo *)0)->o_nlink) == 4, ""found %lld\n"", (long long)(int)sizeof(((struct obdo *)0)->o_nlink)",1,0,1
!NInoMstProtected(ni),1,0,1
scsi_sg_count(sc) > ISCSI_MAX_BDS_PER_CMD,1,0,1
UBIFS_INO_NODE_SZ < MIN_WRITE_SZ,1,0,1
"(int)sizeof(((posix_acl_xattr_header *)0)->a_entries) == 0, ""found %lld\n"", (long long)(int)sizeof(((posix_acl_xattr_header *)0)->a_entries)",1,0,1
!(linear_map_hash_slots[lmi] & 0x80),1,0,1
!gobj,1,0,1
"""Invalid hist entry"", !strcmp(DSO(he), ""bash"") && !strcmp(SYM(he), ""main"") && !strcmp(COMM(he), ""bash"") && he->stat.period == 100",1,0,1
"mb_test_bit(k, buddy2)",1,0,1
"SEC_CTX_INIT == 801, ""found %lld\n"", (long long)SEC_CTX_INIT",1,0,1
pref_bias_copy_store > pref_bias_copy_load,1,0,1
PPC_MSG_TICK_BROADCAST != 2,1,0,1
!device->ops->set_params,1,0,1
"QUOTA_DQREL == 602, ""found %lld\n"", (long long)QUOTA_DQREL",1,0,1
!(lock_mode & XFS_ILOCK_EXCL) || inodes <= XFS_ILOCK_MAX_SUBCLASS + 1,1,0,1
"sdp, sdp->sd_log_num_revoke == sdp->sd_log_commited_revoke",1,0,1
&bat_priv->tvlv.handler_list_lock,1,0,1
"(int)offsetof(struct llog_rec_hdr, lrh_type) == 8, ""found %lld\n"", (long long)(int)offsetof(struct llog_rec_hdr, lrh_type)",1,0,1
OBD_FL_RECREATE_OBJS == 0x00000020,1,0,1
sizeof(struct fuse_ioctl_iovec) * FUSE_IOCTL_MAX_IOV > PAGE_SIZE,1,0,1
"(int)offsetof(struct changelog_setinfo, cs_recno) == 0, ""found %lld\n"", (long long)(int)offsetof(struct changelog_setinfo, cs_recno)",1,0,1
length <= U64_MAX - offset,1,0,1
"(int)sizeof(((struct obd_dqblk *)0)->dqb_valid) == 4, ""found %lld\n"", (long long)(int)sizeof(((struct obd_dqblk *)0)->dqb_valid)",1,0,1
"(int)offsetof(struct obd_statfs, os_spare4) == 120, ""found %lld\n"", (long long)(int)offsetof(struct obd_statfs, os_spare4)",1,0,1
addr < range->start || addr > range->end_incl,1,0,1
lock->cll_intransit_owner == current,1,0,1
sizeof(sess->port_name) != sizeof(fcport->port_name),1,0,1
ci->i_wr_ref == 0,1,0,1
list_empty(&bundle->avail_conns),1,0,1
arg->cb != NULL,1,0,1
"(int)sizeof(((struct mdt_rec_rename *)0)->rn_fsgid) == 4, ""found %lld\n"", (long long)(int)sizeof(((struct mdt_rec_rename *)0)->rn_fsgid)",1,0,1
((unsigned long)childregs) & 0x7,1,0,1
nr_left - count > max_entries,1,0,1
mmu_psize_defs[mmu_vmemmap_psize].enc > 0xf,1,0,1
"notify != NULL, return;",1,0,1
"(int)sizeof(struct ost_id) == 16, ""found %lld\n"", (long long)(int)sizeof(struct ost_id)",1,0,1
"fid_seq_is_norm(seq) || fid_seq_is_echo(seq) || fid_seq_is_idif(seq), ""%#llx\n"", seq",1,0,1
!nl_table,1,0,1
pe->table_group.group,1,0,1
"(int)sizeof(((struct quota_body *)0)->qb_padding1[4]) == 8, ""found %lld\n"", (long long)(int)sizeof(((struct quota_body *)0)->qb_padding1[4])",1,0,1
"VIRTIO_PCI_COMMON_Q_DESCHI != offsetof(struct virtio_pci_common_cfg, queue_desc_hi)",1,0,1
(subdevice_id & 0xfff0) != INDIGO_DJX,1,0,1
pagelist == NULL,1,0,1
"(int)sizeof(((struct mdt_rec_create *)0)->cr_umask) == 4, ""found %lld\n"", (long long)(int)sizeof(((struct mdt_rec_create *)0)->cr_umask)",1,0,1
namevalue_size_xe(loc->xl_entry) != (name_size + OCFS2_XATTR_ROOT_SIZE),1,0,1
*nr_cluster > 2,1,0,1
"(int)offsetof(struct llog_rec_hdr, lrh_len) == 0, ""found %lld\n"", (long long)(int)offsetof(struct llog_rec_hdr, lrh_len)",1,0,1
dn != NULL,1,0,1
active != &dev_priv->fbdev_master,1,0,1
"OBD_MD_FLBLKSZ == (0x00000040ULL), ""found 0x%.16llxULL\n"", OBD_MD_FLBLKSZ",1,0,1
vcpu->arch.pending_ioapic_eoi > 255,1,0,1
"of_address_to_resource(node, 0, &main_int_res)",1,0,1
"(int)offsetof(struct lov_mds_md_v1, lmm_stripe_size) == 24, ""found %lld\n"", (long long)(int)offsetof(struct lov_mds_md_v1, lmm_stripe_size)",1,0,1
"OST_GETATTR == 1, ""found %lld\n"", (long long)OST_GETATTR",1,0,1
"mmio, IMX_P0PHYCR_CR_CAP_DATA, false",1,0,1
ref_owner >= BTRFS_MAX_LEVEL,1,0,1
PERCPU_DYNAMIC_EARLY_SIZE < KMALLOC_SHIFT_HIGH * sizeof(struct kmem_cache_cpu),1,0,1
qc->n_elem <= 1,1,0,1
"env, page, page->cp_parent == NULL",1,0,1
"(int)sizeof(((struct obd_connect_data *)0)->ocd_inodespace) == 1, ""found %lld\n"", (long long)(int)sizeof(((struct obd_connect_data *)0)->ocd_inodespace)",1,0,1
pc->pc_partners != NULL,1,0,1
info->channel >= hdsp->max_channels,1,0,1
"(int)offsetof(struct update_buf, ub_bufs) == 8, ""found %lld\n"", (long long)(int)offsetof(struct update_buf, ub_bufs)",1,0,1
i >= (le16_to_cpu(root_el->l_next_free_rec) - 1),1,0,1
"ackbit, >=, 0",1,0,1
tvout->reset,1,0,1
vlan->numqueues,1,0,1
type == XFS_BLF_UDQUOT_BUF || type == XFS_BLF_PDQUOT_BUF || type == XFS_BLF_GDQUOT_BUF,1,0,1
dev->buf,1,0,1
"sbi, ni.ino != ino_of_node(page)",1,0,1
NInoAttr(dir_ni),1,0,1
(ofs >= mtd->size) || (len > mtd->size - ofs),1,0,1
"info != NULL, return 0;",1,0,1
list_empty(&lp->lp_rcd->rcd_list),1,0,1
!card || !hw || !ops,1,0,1
"object->fscache.n_children, ==, 0",1,0,1
subclass <= XFS_MMAPLOCK_MAX_SUBCLASS,1,0,1
entries2 != entries,1,0,1
"(int)offsetof(struct obdo, o_mtime) == 40, ""found %lld\n"", (long long)(int)offsetof(struct obdo, o_mtime)",1,0,1
sizeof(struct batadv_tvlv_gateway_data) != 8,1,0,1
skb_headlen(skb),1,0,1
"(int)offsetof(struct lov_desc, ld_active_tgt_count) == 4, ""found %lld\n"", (long long)(int)offsetof(struct lov_desc, ld_active_tgt_count)",1,0,1
"(int)offsetof(struct hsm_action_list, hal_flags) == 16, ""found %lld\n"", (long long)(int)offsetof(struct hsm_action_list, hal_flags)",1,0,1
address != (unsigned long)_text,1,0,1
"(int)offsetof(struct obd_connect_data, paddingA) == 144, ""found %lld\n"", (long long)(int)offsetof(struct obd_connect_data, paddingA)",1,0,1
len > sizeof(netdev_rss_key),1,0,1
HF_SMM_INSIDE_NMI_MASK != X86EMUL_SMM_INSIDE_NMI_MASK,1,0,1
"sdp, blks <= sdp->sd_jdesc->jd_blocks",1,0,1
!(BATADV_TT_SYNC_MASK & BATADV_TT_REMOTE_MASK),1,0,1
"MSG_DELAY_REPLAY == 0x00000010UL, ""found 0x%.8xUL\n"", (unsigned)MSG_DELAY_REPLAY",1,0,1
"(int)sizeof(((struct obd_statfs *)0)->os_bsize) == 4, ""found %lld\n"", (long long)(int)sizeof(((struct obd_statfs *)0)->os_bsize)",1,0,1
ptp->mode != MC_CMD_PTP_MODE_V2_ENHANCED,1,0,1
"(int)offsetof(struct mdt_rec_unlink, ul_padding_3) == 88, ""found %lld\n"", (long long)(int)offsetof(struct mdt_rec_unlink, ul_padding_3)",1,0,1
atomic_read(&crtc->unpin_work_count) == 0,1,0,1
!pci_is_pcie(pdev),1,0,1
allocated_clusters < reserved_clusters,1,0,1
"(int)sizeof(struct update_buf) == 8, ""found %lld\n"", (long long)(int)sizeof(struct update_buf)",1,0,1
xfs_get_projid(ip) == be32_to_cpu(pdqp->q_core.d_id),1,0,1
node->ref_mod != 1,1,0,1
!list_empty(&rq->queuelist),1,0,1
"""wrong refcnt"", atomic_read(&mg->refcnt), 2",1,0,1
b->sqnum > prev_sqnum,1,0,1
body->valid & OBD_MD_FLID,1,0,1
"(int)offsetof(struct mdt_rec_rename, rn_suppgid2_h) == 36, ""found %lld\n"", (long long)(int)offsetof(struct mdt_rec_rename, rn_suppgid2_h)",1,0,1
"value_array != NULL, return 0;",1,0,1
"(int)sizeof(((struct mdt_rec_reint *)0)->rr_suppgid2) == 4, ""found %lld\n"", (long long)(int)sizeof(((struct mdt_rec_reint *)0)->rr_suppgid2)",1,0,1
!hlist_unhashed(hnode),1,0,1
next_slot <= 1,1,0,1
!ui->xattr,1,0,1
type == XFS_BLI_UDQUOT_BUF || type == XFS_BLI_GDQUOT_BUF,1,0,1
"(int)offsetof(struct hsm_request, hr_action) == 0, ""found %lld\n"", (long long)(int)offsetof(struct hsm_request, hr_action)",1,0,1
nbd->sock,1,0,1
!clk_mgr_a10_base_addr,1,0,1
!rqi->tm_tag,1,0,1
dqm->queue_count > 0 || dqm->processes_count > 0,1,0,1
sizeof(struct lowpan_802154_cb) > sizeof(skb->cb),1,0,1
"(int)sizeof(((struct mdt_body *)0)->rdev) == 4, ""found %lld\n"", (long long)(int)sizeof(((struct mdt_body *)0)->rdev)",1,0,1
"sizeof(struct rxrpc_skb_priv) > FIELD_SIZEOF(struct sk_buff, cb)",1,0,1
"MGS_EXCEPTION == 252, ""found %lld\n"", (long long)MGS_EXCEPTION",1,0,1
ring->next_to_use == 0,1,0,1
!PageLocked(locked_page),1,0,1
na->name_len,1,0,1
*ref >= 0,1,0,1
"offsetof(struct io_accel2_cmd, sg) != 64",1,0,1
cond < AARCH64_INSN_COND_EQ || cond > AARCH64_INSN_COND_AL,1,0,1
"(int)sizeof(struct ldlm_lock_desc) == 80, ""found %lld\n"", (long long)(int)sizeof(struct ldlm_lock_desc)",1,0,1
"_clps711x_intc_init(NULL, base, size)",1,0,1
layr->up->receive != NULL,1,0,1
b == b->c->root,1,0,1
clkout > 1,1,0,1
(val >> nrbits) == 0 || nrbits == 32,1,0,1
_fw_len != 0,1,0,1
!pm || !queues || !rl_size_bytes || !rl_gpu_addr,1,0,1
node->allocated,1,0,1
"(int)offsetof(struct hsm_action_item, hai_gid) == 64, ""found %lld\n"", (long long)(int)offsetof(struct hsm_action_item, hai_gid)",1,0,1
atomic_read(&o->lo_header->loh_ref) > 0,1,0,1
extents_in << order_in != extents_out << order_out,1,0,1
req->r_got_result,1,0,1
memcg->kmemcg_id >= 0,1,0,1
pcm_channel->pcm_reader_scb->parent_scb_ptr,1,0,1
riov.used == 28,1,0,1
!list_empty(&res->dirty),1,0,1
!list_empty(&md->md_list),1,0,1
"(int)sizeof(((struct mdt_rec_setattr *)0)->sa_attr_flags) == 4, ""found %lld\n"", (long long)(int)sizeof(((struct mdt_rec_setattr *)0)->sa_attr_flags)",1,0,1
"(int)sizeof(((struct obd_connect_data *)0)->ocd_blocksize) == 1, ""found %lld\n"", (long long)(int)sizeof(((struct obd_connect_data *)0)->ocd_blocksize)",1,0,1
parent_rc == NULL,1,0,1
"cmp_reg(&cp15_regs[i-1], &cp15_regs[i]) >= 0",1,0,1
crypto_shash_descsize(sbi->s_chksum_driver)!=sizeof(desc.ctx),1,0,1
memory_start == memory_end,1,0,1
na->name,1,0,1
le16_to_cpu(entry_list->de_count) <= 0,1,0,1
atomic_read(&ext->oe_users) > 0,1,0,1
"new != NULL, return;",1,0,1
cli->cl_cache == NULL,1,0,1
sw_desc->nb_desc == 0,1,0,1
"ergo(d != NULL, (d->ocd_connect_flags & ocf) == d->ocd_connect_flags)",1,0,1
!gate_is_hw_controllable(gate),1,0,1
!is_power_of_2(ARRAY_SIZE(ext_int_hash)),1,0,1
dev->ifindex != LOOPBACK_IFINDEX,1,0,1
crq->rq == rq,1,0,1
"REINT_RMENTRY == 8, ""found %lld\n"", (long long)REINT_RMENTRY",1,0,1
"find_first_bit(bqt->tag_map, bqt->max_depth) < bqt->max_depth",1,0,1
EFD_CLOEXEC != O_CLOEXEC,1,0,1
node->rb_right,1,0,1
lock->l_blocking_ast == einfo->ei_cb_bl,1,0,1
"(int)sizeof(struct obd_dqblk) == 72, ""found %lld\n"", (long long)(int)sizeof(struct obd_dqblk)",1,0,1
"(int)offsetof(struct mdt_rec_reint, rr_ctime) == 88, ""found %lld\n"", (long long)(int)offsetof(struct mdt_rec_reint, rr_ctime)",1,0,1
this_cpu_read(cpu_tlbstate.active_mm) != next,1,0,1
shinfo->nr_frags >= MAX_SKB_FRAGS,1,0,1
"test_bit(R5_Wantread, &dev->flags)",1,0,1
buf->f_bfree <= c->block_cnt,1,0,1
btrfs_root_refs(&root->root_item) == 0,1,0,1
msg->msg_tx_committed || msg->msg_rx_committed,1,0,1
ip->i_res->rs_free,1,0,1
(unsigned long)new & HUGEPD_SHIFT_MASK,1,0,1
m != NULL,1,0,1
sizeof(*tm) != sizeof(efi_data(op).u.set_wakeup_time),1,0,1
!((*request)->rq_bulk->bd_nob_transferred & ~LU_PAGE_MASK),1,0,1
sdtlck->index == 0,1,0,1
ceph_snap(dir) != CEPH_SNAPDIR,1,0,1
!bus || !template,1,0,1
"(int)sizeof(((struct obd_statfs *)0)->os_spare7) == 4, ""found %lld\n"", (long long)(int)sizeof(((struct obd_statfs *)0)->os_spare7)",1,0,1
audio >= chip->audio_ins,1,0,1
"page_mapcount(src_page) != 1, src_page",1,0,1
hdr.eth->h_proto != htons(ETH_P_IPV6),1,0,1
*method,1,0,1
"(int)offsetof(struct llog_logid_rec, lid_id) == 16, ""found %lld\n"", (long long)(int)offsetof(struct llog_logid_rec, lid_id)",1,0,1
!valid0 && !valid1,1,0,1
!dev->rdev.lldi.ports[0],1,0,1
dlm != NULL,1,0,1
"(int)offsetof(struct llogd_body, lgd_index) == 28, ""found %lld\n"", (long long)(int)offsetof(struct llogd_body, lgd_index)",1,0,1
cld_is_recover(cld),1,0,1
"(int)sizeof(((struct ldlm_gl_lquota_desc *)0)->gl_hardlimit) == 8, ""found %lld\n"", (long long)(int)sizeof(((struct ldlm_gl_lquota_desc *)0)->gl_hardlimit)",1,0,1
!scb->scb_symbol,1,0,1
data->activations < 1,1,0,1
tmpres->owner == DLM_LOCK_RES_OWNER_UNKNOWN,1,0,1
i_size_read(attr_file) != 0,1,0,1
"lap != NULL, return;",1,0,1
"sizeof(struct xid_frame) == 14, ;",1,0,1
desc->pd_ops->op_req_get != NULL,1,0,1
!load_bpf_file((char *)object),1,0,1
bp >= 6,1,0,1
"device, device->resource == resource",1,0,1
msg->outsize + sizeof(*request) > ec_dev->dout_size,1,0,1
"(int)sizeof(((struct obdo *)0)->o_mtime) == 8, ""found %lld\n"", (long long)(int)sizeof(((struct obdo *)0)->o_mtime)",1,0,1
"""Invalid hist entry"", CPU(he) == 1 && PID(he) == 100 && he->stat.period == 300",1,0,1
from->firstused == geo->blksize,1,0,1
size <= sizeof (ji->i_inline_ea),1,0,1
vector >= intr->num_intrs,1,0,1
log_transid == root->log_transid,1,0,1
zbr->len >= UBIFS_DATA_NODE_SZ,1,0,1
"self != NULL, return NULL;",1,0,1
enable_ept,1,0,1
"ergo((flags & CFS_HASH_REHASH) != 0, (flags & CFS_HASH_NO_LOCK) == 0)",1,0,1
start <= end,1,0,1
"(int)offsetof(struct mdt_rec_unlink, ul_mode) == 116, ""found %lld\n"", (long long)(int)offsetof(struct mdt_rec_unlink, ul_mode)",1,0,1
"(int)sizeof(((struct lmv_desc *)0)->ld_padding_2) == 4, ""found %lld\n"", (long long)(int)sizeof(((struct lmv_desc *)0)->ld_padding_2)",1,0,1
base_ni,1,0,1
attribute_container_unregister(&i->r.raid_attrs.ac),1,0,1
"(int)offsetof(struct obd_connect_data, padding1) == 72, ""found %lld\n"", (long long)(int)offsetof(struct obd_connect_data, padding1)",1,0,1
sgd[0].addr == 0,1,0,1
"atomic64_sub_return(-one, &v) != r",1,0,1
step <= 0 || step >= g->p.nr_nodes,1,0,1
ioa_cfg->hrrq_num == 0,1,0,1
new_n0->slots[slot] != NULL,1,0,1
list_empty(&info->grants),1,0,1
buf[0] == (char)i,1,0,1
refs_to_mod < 0 && refs < -refs_to_mod,1,0,1
LLOG_ORIGIN_HANDLE_CREATE == 501,1,0,1
!is_power_of_2(chunk_sectors),1,0,1
ni->ni_status == NULL,1,0,1
copied < 0,1,0,1
"BAD_MAGIC(q, QUEUE_MAGIC_USED)",1,0,1
count >= MIDI_IN_BUFFER_SIZE,1,0,1
pdirp && (dma_len != sg_dma_len(dma_sg)),1,0,1
"(int)offsetof(struct mdt_rec_setattr, sa_atime) == 96, ""found %lld\n"", (long long)(int)offsetof(struct mdt_rec_setattr, sa_atime)",1,0,1
"!list_empty(&svcpt->scp_hist_reqs), ""%s:%d: seek offset %llu, request seq %llu, last culled %llu\n"", svcpt->scp_service->srv_name, svcpt->scp_cpt, seq, srhi->srhi_seq, svcpt->scp_hist_seq_culled",1,0,1
tx_lock < 0,1,0,1
FORMAT_TYPE_UINT + SIGN != FORMAT_TYPE_INT,1,0,1
"(int)offsetof(struct mdt_rec_unlink, ul_padding_6) == 120, ""found %lld\n"", (long long)(int)offsetof(struct mdt_rec_unlink, ul_padding_6)",1,0,1
atomic_read(cli->cl_lru_left) >= 0,1,0,1
cpos < le64_to_cpu(rec->r_cpos),1,0,1
0 <= llt && llt < ARRAY_SIZE(lov_dispatch),1,0,1
data1_len != 4,1,0,1
obj_request->type != OBJ_REQUEST_NODATA,1,0,1
dtlb_entry == ARRAY_SIZE(dtlb_entries),1,0,1
kdata_huge && size > HPAGE_SIZE,1,0,1
ARRAY_SIZE(authsizes) != ARRAY_SIZE(key->tfm),1,0,1
lock->l_granted_mode == lock->l_req_mode,1,0,1
"mod_timer_pinned(&tw->tw_timer, jiffies + timeo)",1,0,1
"REINT_UNLINK == 4, ""found %lld\n"", (long long)REINT_UNLINK",1,0,1
"(int)sizeof(((struct llog_setattr64_rec *)0)->lsr_uid_h) == 4, ""found %lld\n"", (long long)(int)sizeof(((struct llog_setattr64_rec *)0)->lsr_uid_h)",1,0,1
"(int)sizeof(((struct quota_body *)0)->qb_lockh) == 8, ""found %lld\n"", (long long)(int)sizeof(((struct quota_body *)0)->qb_lockh)",1,0,1
&exp->exp_refcount,1,0,1
od->scsi_device != oud->od.scsi_device,1,0,1
!(!in_atomic() && !in_irq() && !in_interrupt() && !irqs_disabled()),1,0,1
"(int)sizeof(((struct obd_connect_data *)0)->padding9) == 8, ""found %lld\n"", (long long)(int)sizeof(((struct obd_connect_data *)0)->padding9)",1,0,1
cl_data->usecnt == 0,1,0,1
"offsetof(struct ieee80211_mgmt, u.probe_resp.variable) != offsetof(struct ieee80211_mgmt, u.beacon.variable)",1,0,1
sizeof(dml->pdmc_addr) != sizeof(ml->addr),1,0,1
VMCI_MAX_DG_SIZE < PAGE_SIZE,1,0,1
"""wrong refcnt"", atomic_read(&mg->refcnt), 1",1,0,1
lock->l_granted_mode == res->lr_itree[idx].lit_mode,1,0,1
"MSG_PTLRPC_HEADER_OFF == 31, ""found %lld\n"", (long long)MSG_PTLRPC_HEADER_OFF",1,0,1
"(int)offsetof(struct obd_dqblk, dqb_btime) == 48, ""found %lld\n"", (long long)(int)offsetof(struct obd_dqblk, dqb_btime)",1,0,1
pit_clocksource_init(clk_rate),1,0,1
!failrec->this_mirror,1,0,1
"fd2, 0",1,0,1
it->it_op & IT_OPEN,1,0,1
"(int)sizeof(((struct idx_info *)0)->ii_pad3) == 8, ""found %lld\n"", (long long)(int)sizeof(((struct idx_info *)0)->ii_pad3)",1,0,1
"(int)sizeof(((struct obd_dqblk *)0)->dqb_bhardlimit) == 8, ""found %lld\n"", (long long)(int)sizeof(((struct obd_dqblk *)0)->dqb_bhardlimit)",1,0,1
atomic_read(&dev->enable_cnt),1,0,1
policy->pol_private == NULL,1,0,1
hlist_empty(&inode->i_dentry),1,0,1
"lkb->lkb_ua, dlm_print_lkb(lkb);",1,0,1
(bit_start > bit_end) || (bit_end >= (sizeof(1ull) * 8)),1,0,1
"""wrong comp"", m.comp == comp",1,0,1
"(int)sizeof(((struct link_ea_header *)0)->leh_reccount) == 4, ""found %lld\n"", (long long)(int)sizeof(((struct link_ea_header *)0)->leh_reccount)",1,0,1
hs,1,0,1
ubifs_inode(host)->xattr_size > ui->data_len,1,0,1
!(gdesc->rcd.v4 || gdesc->rcd.v6),1,0,1
"(int)sizeof(((struct mdt_rec_unlink *)0)->ul_cap) == 4, ""found %lld\n"", (long long)(int)sizeof(((struct mdt_rec_unlink *)0)->ul_cap)",1,0,1
lock->l_lvb_data != NULL,1,0,1
blocksize != PAGE_CACHE_SIZE,1,0,1
!dbgdev || !dbgdev->pqm || !dbgdev->kq,1,0,1
((char *)addr)[i] != ((char *)opcode)[i],1,0,1
cpos + len > le64_to_cpu(rec->r_cpos) + le32_to_cpu(rec->r_clusters),1,0,1
"(int)offsetof(struct llog_logid_rec, lid_padding1) == 36, ""found %lld\n"", (long long)(int)offsetof(struct llog_logid_rec, lid_padding1)",1,0,1
req->rq_reqlen == lustre_packed_msg_size(oldbuf),1,0,1
fid_is_sane(ll_inode2fid(inode)),1,0,1
ops->hs_get != NULL,1,0,1
payload,1,0,1
alias_idx >= ARRAY_SIZE(gpio_chips),1,0,1
part->act_state != XPC_P_AS_INACTIVE,1,0,1
rendering_pipe_num < req_rb_num,1,0,1
!is_root_cache(cachep),1,0,1
queue->process == queue->local_insert,1,0,1
"(int)sizeof(((struct hsm_copy *)0)->hc_data_version) == 8, ""found %lld\n"", (long long)(int)sizeof(((struct hsm_copy *)0)->hc_data_version)",1,0,1
"(int)sizeof(((struct mdt_rec_reint *)0)->rr_fsgid_h) == 4, ""found %lld\n"", (long long)(int)sizeof(((struct mdt_rec_reint *)0)->rr_fsgid_h)",1,0,1
length > si->length,1,0,1
flags & FAULT_FLAG_RETRY_NOWAIT,1,0,1
"(int)sizeof(((struct mdt_rec_setattr *)0)->sa_blocks) == 8, ""found %lld\n"", (long long)(int)sizeof(((struct mdt_rec_setattr *)0)->sa_blocks)",1,0,1
"(int)sizeof(((struct ldlm_resource_desc *)0)->lr_type) == 4, ""found %lld\n"", (long long)(int)sizeof(((struct ldlm_resource_desc *)0)->lr_type)",1,0,1
info->magic == cpu_to_be16(XFS_DA_NODE_MAGIC) || info->magic == cpu_to_be16(XFS_DIR2_LEAFN_MAGIC) || info->magic == cpu_to_be16(XFS_DIR3_LEAFN_MAGIC) || info->magic == cpu_to_be16(XFS_ATTR_LEAF_MAGIC),1,0,1
"(int)offsetof(struct link_ea_header, leh_magic) == 0, ""found %lld\n"", (long long)(int)offsetof(struct link_ea_header, leh_magic)",1,0,1
lock->l_writers > 0,1,0,1
CCN_IDX_PMU_CYCLE_COUNTER != CCN_NUM_PMU_EVENT_COUNTERS,1,0,1
"object->n_in_progress, <=, object->n_ops",1,0,1
"(int)sizeof(((struct ldlm_extent *)0)->start) == 8, ""found %lld\n"", (long long)(int)sizeof(((struct ldlm_extent *)0)->start)",1,0,1
wpid < 0,1,0,1
!ins->spdif_pcm_input_scb,1,0,1
ARRAY_SIZE(pll->div) < 4,1,0,1
tcache_size == 0,1,0,1
"(int)offsetof(struct ll_user_fiemap, fm_flags) == 16, ""found %lld\n"", (long long)(int)offsetof(struct ll_user_fiemap, fm_flags)",1,0,1
klgraph_header == NULL,1,0,1
"(int)sizeof(((struct llog_catid *)0)->lci_padding2) == 4, ""found %lld\n"", (long long)(int)sizeof(((struct llog_catid *)0)->lci_padding2)",1,0,1
VMXNET3_TXDESC_GET_EOP(&(tq->tx_ring.base[eop_idx].txd)) != 1,1,0,1
atomic_read(&rpc->crpc_refcount) > 0,1,0,1
(unsigned long)(&(pcp1)) % (2 * sizeof(pcp1)),1,0,1
"clocksource_register_hz(&sirfsoc_clocksource, PRIMA2_CLOCK_FREQ)",1,0,1
msg2->msg_txpeer == txpeer,1,0,1
ni->nr_extents < 0,1,0,1
height > 5 || li->li_height > 5,1,0,1
mp->nohomeok > 0,1,0,1
start_bit < 0,1,0,1
"(int)sizeof(((struct llog_log_hdr *)0)->llh_bitmap) == 8096, ""found %lld\n"", (long long)(int)sizeof(((struct llog_log_hdr *)0)->llh_bitmap)",1,0,1
"list_empty(&request->rq_set_chain), ""req %p\n"", request",1,0,1
"(ocd->ocd_connect_flags & data->ocd_connect_flags) == ocd->ocd_connect_flags, ""old %#llx, new %#llx\n"", data->ocd_connect_flags, ocd->ocd_connect_flags",1,0,1
msg_slot->hdr.size != 0,1,0,1
"!IS_ALIGNED((unsigned long)val, len)",1,0,1
offset < -512 || offset > 504,1,0,1
!cache->ro,1,0,1
BTRFS_SUPER_INFO_SIZE & (PAGE_CACHE_SIZE - 1),1,0,1
preempt_count() || !irqs_disabled(),1,0,1
hlist_unhashed(&lock->l_exp_flock_hash),1,0,1
!RB_EMPTY_NODE(&map->rb_node),1,0,1
key_len <= 0,1,0,1
"MF_GETATTR_LOCK == 0x00000100UL, ""found 0x%.8xUL\n"", (unsigned)MF_GETATTR_LOCK",1,0,1
"p_hwfn, deasserted_bits",1,0,1
old_init_size != old_i_size,1,0,1
SKB_GSO_IPIP != (NETIF_F_GSO_IPIP >> NETIF_F_GSO_SHIFT),1,0,1
trec->ir_startino == srec->ir_startino,1,0,1
policy->pol_state != NRS_POL_STATE_STARTING,1,0,1
"object->fscache.parent, object->fscache.parent->n_children, >, 0",1,0,1
!MSR_TM_ACTIVE(regs->msr),1,0,1
"atomic64_sub_return(onestwos, &v) != r",1,0,1
!fmixer,1,0,1
"(int)offsetof(struct mdt_body, flags) == 128, ""found %lld\n"", (long long)(int)offsetof(struct mdt_body, flags)",1,0,1
"""Unmatched nr hist entries"", hists->nr_entries == hists->nr_non_filtered_entries",1,0,1
m->root != old,1,0,1
"(int)offsetof(struct obd_statfs, os_spare2) == 112, ""found %lld\n"", (long long)(int)offsetof(struct obd_statfs, os_spare2)",1,0,1
"skb_headroom(skb) >= IRCOMM_HEADER_SIZE, return -1;",1,0,1
"list_empty(&r->res_grantqueue), dlm_dump_rsb(r);",1,0,1
wbuf->delta <= ULONG_MAX,1,0,1
stackptr >= NFT_JUMP_STACK_SIZE,1,0,1
cmd->cmd_len > IOACCEL1_IOFLAGS_CDBLEN_MAX,1,0,1
!uv_blade_info,1,0,1
!kobj,1,0,1
early_req->rq_repdata,1,0,1
obj->pages,1,0,1
nibble > 0xf,1,0,1
!dev_data,1,0,1
!bo_free && (!user && (bo_free != vmw_dmabuf_bo_free)),1,0,1
"cpu_notify(val, v)",1,0,1
strlen(names[i]) >= sizeof(ctr.name),1,0,1
csstart > skb_headlen(skb),1,0,1
flen <= be32_to_cpu(XFS_BUF_TO_AGF(agbp)->agf_longest),1,0,1
SE_MNTMASK >= (1 << NUM_SEL_MNT_OPTS),1,0,1
"LMAC_SOM == 0x00000002UL, ""found 0x%.8xUL\n"", (unsigned)LMAC_SOM",1,0,1
busiest == env.dst_rq,1,0,1
"MSGHDR_AT_SUPPORT == 1, ""found %lld\n"", (long long)MSGHDR_AT_SUPPORT",1,0,1
sizeof(struct vgt_if) != VGT_PVINFO_SIZE,1,0,1
